0 0.18347355769230766 0.16275495337995344 0.05 0.05
0 0.22149803321678324 0.15401369463869466 0.05 0.05
0 0.2306763548951049 0.12079691142191133 0.05 0.05
0 0.27263439685314683 0.1085591491841491 0.05 0.05
0 0.31197006118881115 0.09457313519813511 0.05 0.05
0 0.340816215034965 0.07184586247086244 0.05 0.05
0 0.34868334790209793 0.07534236596736589 0.05 0.05
0 0.44702250874125876 0.20995775058275054 0.05 0.05
0 0.4627567744755245 0.2064612470862471 0.05 0.05
0 0.19134069055944056 0.45646124708624713 0.05 0.05
0 0.11004698426573427 0.7239437645687646 0.05 0.05
0 0.26345607517482517 0.43198572261072266 0.05 0.05
0 0.3893302010489511 0.5071605477855478 0.05 0.05
0 0.4063756555944056 0.5316360722610723 0.05 0.05
0 0.4588232080419581 0.526391317016317 0.05 0.05
0 0.5191378933566434 0.5368808275058276 0.05 0.05
0 0.5689630681818183 0.526391317016317 0.05 0.05
0 0.5873197115384616 0.4984192890442891 0.05 0.05
0 0.5519176136363637 0.4686990093240093 0.05 0.05
0 0.2988581730769231 0.7519157925407925 0.05 0.05
0 0.2988581730769231 0.8061115967365968 0.05 0.05
0 0.36048404720279725 0.7711465617715618 0.05 0.05
0 0.410309222027972 0.7693983100233102 0.05 0.05
0 0.42997705419580423 0.7326850233100234 0.05 0.05
0 0.4273546765734266 0.8078598484848486 0.05 0.05
0 0.5676518793706294 0.6382794289044289 0.05 0.05
0 0.5401169143356643 0.8830346736596738 0.05 0.05
0 0.5938756555944057 0.8742934149184151 0.05 0.05
0 0.6463232080419581 0.8742934149184151 0.05 0.05
0 0.7145050262237763 0.9494682400932403 0.05 0.05
0 0.9688756555944057 0.8288388694638695 0.05 0.05
0 0.7158162150349652 0.5141535547785547 0.05 0.05
0 0.7735085227272729 0.5071605477855478 0.05 0.05
0 0.8508686625874127 0.47569201631701635 0.05 0.05
0 0.7813756555944057 0.3026150932400932 0.05 0.05
0 0.8167777534965035 0.29212558275058265 0.05 0.05
0 0.7839980332167833 0.24841928904428912 0.05 0.05
0 0.7263057255244755 0.24492278554778554 0.05 0.05
0 0.751218312937063 0.18723047785547778 0.05 0.05
0 0.7879315996503496 0.1784892191142191 0.05 0.05
