0 0.2500580098842816 0.1628867325618773 0.05 0.05
0 0.22980728664416583 0.14102880906460946 0.05 0.05
0 0.23752184787849567 0.13202848762455802 0.05 0.05
0 0.20280632232401158 0.11017056412729029 0.05 0.05
0 0.21244952386692387 0.07802655898424954 0.05 0.05
0 0.18351991923818708 0.06388319672131146 0.05 0.05
0 0.24234344864995175 0.08059807939569268 0.05 0.05
0 0.28380921528447445 0.11402784474445522 0.05 0.05
0 0.28766649590163934 0.09474144165863076 0.05 0.05
0 0.30598857883317265 0.09474144165863076 0.05 0.05
0 0.3426327446962391 0.09988448248151727 0.05 0.05
0 0.09673110535197686 0.5923306412729026 0.05 0.05
0 0.03790757594021214 0.6077597637415623 0.05 0.05
0 0.06780150072324012 0.4701834217293475 0.05 0.05
0 0.11216022782063646 0.465040380906461 0.05 0.05
0 0.15459031460945033 0.5846160800385729 0.05 0.05
0 0.1999133618611379 0.5190423095467696 0.05 0.05
0 0.28091625482160076 0.7813373915139827 0.05 0.05
0 0.32141770130183217 0.7723370700739313 0.05 0.05
0 0.3686693888621022 0.7916234731597558 0.05 0.05
0 0.40627787487945993 0.5293283911925426 0.05 0.05
0 0.3947060330279653 0.5113277483124398 0.05 0.05
0 0.49981692984570875 0.5344714320154292 0.05 0.05
0 0.552854538331726 0.4740407023465124 0.05 0.05
0 0.6714659173095467 0.6450468097074896 0.05 0.05
0 0.7119673637897782 0.7273354628736741 0.05 0.05
0 0.7428256087270974 0.3454646817743491 0.05 0.05
0 0.7138960040983606 0.2400323449051752 0.05 0.05
0 0.7495758498071359 0.24131810511089688 0.05 0.05
0 0.7910416164416587 0.2516041867566699 0.05 0.05
0 0.4458150012054002 0.2040310591449695 0.05 0.05
0 0.31948906099324975 0.03945375281260048 0.05 0.05
0 0.30020265790742523 0.03945375281260048 0.05 0.05
