0 0.2795867468287526 0.0930078400281887 0.05 0.05
0 0.2906861125792812 0.09300784002818858 0.05 0.05
0 0.33825482293868925 0.08455118040873835 0.05 0.05
0 0.35252543604651165 0.08032285059901317 0.05 0.05
0 0.4270497489429176 0.19871608527131765 0.05 0.05
0 0.4318066199788584 0.21562940451021836 0.05 0.05
0 0.4540053514799155 0.20083025017618017 0.05 0.05
0 0.6157389667019029 0.25157020789288204 0.05 0.05
0 0.6585508060253701 0.23677105355884412 0.05 0.05
0 0.7029482690274842 0.36996344256518654 0.05 0.05
0 0.7362463662790699 0.30231016560958396 0.05 0.05
0 0.809185055496829 0.2642551973220576 0.05 0.05
0 0.5523140195560254 0.46721502818886523 0.05 0.05
0 0.2748298757928119 0.47144335799859044 0.05 0.05
0 0.247874273255814 0.4799000176180408 0.05 0.05
0 0.1812780787526427 0.3784201021846369 0.05 0.05
0 0.18603494978858348 0.630005725863284 0.05 0.05
0 0.21933304704016915 0.6469190451021845 0.05 0.05
0 0.3493541886892178 0.8942763389711064 0.05 0.05
0 0.8726100026427062 0.7589697850599013 0.05 0.05
0 0.9407918208245244 0.7166864869626496 0.05 0.05
