0 0.2732899912587413 0.09632138694638688 0.05 0.05
0 0.19724104020979022 0.056111596736596665 0.05 0.05
0 0.28509069055944053 0.09282488344988345 0.05 0.05
0 0.310003277972028 0.09282488344988345 0.05 0.05
0 0.34802775349650356 0.08408362470862467 0.05 0.05
0 0.34409418706293715 0.07534236596736589 0.05 0.05
0 0.32049278846153845 0.1645032051282051 0.05 0.05
0 0.448989291958042 0.21170600233100234 0.05 0.05
0 0.46341236888111903 0.21170600233100234 0.05 0.05
0 0.32442635489510496 0.27988782051282046 0.05 0.05
0 0.3624508304195805 0.2781395687645688 0.05 0.05
0 0.1933074737762238 0.3235941142191142 0.05 0.05
0 0.06743334790209787 0.4686990093240093 0.05 0.05
0 0.12119208916083916 0.4547129953379953 0.05 0.05
0 0.3178704108391609 0.7816360722610723 0.05 0.05
0 0.4450557255244755 0.7466710372960373 0.05 0.05
0 0.45423404720279714 0.5508668414918415 0.05 0.05
0 0.5302829982517483 0.540377331002331 0.05 0.05
0 0.5656850961538462 0.512405303030303 0.05 0.05
0 0.5932200611888112 0.4984192890442891 0.05 0.05
0 0.5447060751748252 0.47569201631701635 0.05 0.05
0 0.7138494318181821 0.23618152680652676 0.05 0.05
0 0.7636746066433568 0.23618152680652676 0.05 0.05
0 0.7453179632867133 0.290377331002331 0.05 0.05
0 0.72696131993007 0.12604166666666666 0.05 0.05
0 0.7544962849650352 0.1295381701631701 0.05 0.05
