0 0.18444932610993653 0.08877951021846364 0.05 0.05
0 0.19713431553911204 0.10357866455250159 0.05 0.05
0 0.21299055232558137 0.08455118040873835 0.05 0.05
0 0.2256755417547569 0.09935033474277641 0.05 0.05
0 0.23360366014799155 0.0824370155038757 0.05 0.05
0 0.27165862843551797 0.09512200493305123 0.05 0.05
0 0.2811723705073996 0.09512200493305123 0.05 0.05
0 0.2906861125792812 0.09723616983791387 0.05 0.05
0 0.3128848440803383 0.09512200493305123 0.05 0.05
0 0.34142607029598315 0.09089367512332605 0.05 0.05
0 0.2066480576109936 0.167003611698379 0.05 0.05
0 0.2447030258985201 0.16066111698379118 0.05 0.05
0 0.30337110200845663 0.1902594256518673 0.05 0.05
0 0.3477685650105709 0.17968860112755441 0.05 0.05
0 0.3652104254756871 0.19660192036645513 0.05 0.05
0 0.3969228990486259 0.16911777660324154 0.05 0.05
0 0.44132036205074004 0.21562940451021836 0.05 0.05
0 0.30178547832980973 0.2600268675123324 0.05 0.05
0 0.2780011231501057 0.2600268675123324 0.05 0.05
0 0.19554869186046514 0.3297943093727975 0.05 0.05
0 0.23201803646934457 0.44395921423537693 0.05 0.05
0 0.30337110200845663 0.4608725334742774 0.05 0.05
0 0.11785313160676532 0.49469917195207874 0.05 0.05
0 0.04808568974630019 0.5982932522903451 0.05 0.05
0 0.06869879756871033 0.5961790873854826 0.05 0.05
0 0.10041127114164902 0.5898365926708949 0.05 0.05
0 0.2447030258985201 0.7631981148696264 0.05 0.05
0 0.30495672568710364 0.7631981148696264 0.05 0.05
0 0.46034784619450325 0.5264116455250175 0.05 0.05
0 0.5301152880549684 0.5327541402396052 0.05 0.05
0 0.5459715248414377 0.4566442036645524 0.05 0.05
0 0.6506226876321354 0.9323313072586328 0.05 0.05
0 0.7378319899577168 0.9323313072586328 0.05 0.05
0 0.8155275502114167 0.4799000176180408 0.05 0.05
0 0.8916374867864695 0.4989275017618039 0.05 0.05
0 0.6236670850951376 0.29596767089499637 0.05 0.05
0 0.6442801929175477 0.14797612755461576 0.05 0.05
0 0.6823351612050741 0.16066111698379118 0.05 0.05
0 0.7219757531712474 0.10780699436222677 0.05 0.05
0 0.733075118921776 0.10780699436222677 0.05 0.05
0 0.7489313557082454 0.10780699436222677 0.05 0.05
0 0.7711300872093025 0.1923735905567298 0.05 0.05
0 0.8202844212473573 0.1839169309372796 0.05 0.05
0 0.8916374867864695 0.2769401867512331 0.05 0.05
0 0.3461829413319239 0.08032285059901317 0.05 0.05
