0 0.1285415023659306 0.4470633981773574 0.05 0.05
0 0.2031997568349106 0.4694959253417457 0.05 0.05
0 0.3977318283385908 0.5087528478794253 0.05 0.05
0 0.40719555073606717 0.5185670785138453 0.05 0.05
0 0.41771079784437426 0.47089795828951997 0.05 0.05
0 0.5112964971083069 0.5353914738871366 0.05 0.05
0 0.5512544361198736 0.5311853750438137 0.05 0.05
0 0.5628212079390114 0.5087528478794253 0.05 0.05
0 0.5491513866982122 0.4722999912372944 0.05 0.05
0 0.5954184739747632 0.6713886698212409 0.05 0.05
0 0.6763858767087274 0.6125032860147216 0.05 0.05
0 0.6963648462145108 0.557824001051525 0.05 0.05
0 0.7552502300210302 0.5704422975814933 0.05 0.05
0 0.8204447620925339 0.9686196547493867 0.05 0.05
0 0.4608233109884331 0.7653248773221172 0.05 0.05
0 0.4608233109884331 0.646152076761304 0.05 0.05
0 0.45556568743427955 0.20310966526463403 0.05 0.05
0 0.3945772542060987 0.15544054504030883 0.05 0.05
0 0.27890953601472124 0.09515312828601499 0.05 0.05
0 0.29573393138801257 0.08253483175604662 0.05 0.05
0 0.27680648659305984 0.06430840343498107 0.05 0.05
0 0.24105464642481592 0.1077714248159835 0.05 0.05
0 0.2505183688222923 0.11758565545040346 0.05 0.05
0 0.2273848251840168 0.0671124693305296 0.05 0.05
0 0.6332733635646686 0.1035653259726607 0.05 0.05
0 0.5691303562039957 0.20310966526463403 0.05 0.05
