0 0.2732442521141649 0.0930078400281887 0.05 0.05
0 0.2827579941860465 0.09089367512332605 0.05 0.05
0 0.2938573599365751 0.08455118040873835 0.05 0.05
0 0.34301169397463005 0.08455118040873835 0.05 0.05
0 0.35569668340380556 0.0824370155038757 0.05 0.05
0 0.19237744450317124 0.09300784002818858 0.05 0.05
0 0.23836053118393236 0.156432787174066 0.05 0.05
0 0.32239858615221995 0.13529113812544022 0.05 0.05
0 0.37630979122621566 0.1839169309372796 0.05 0.05
0 0.4318066199788584 0.18180276603241693 0.05 0.05
0 0.6268383324524314 0.167003611698379 0.05 0.05
0 0.6648933007399578 0.1627752818886538 0.05 0.05
0 0.7536882267441861 0.20294441508104283 0.05 0.05
0 0.8155275502114167 0.19660192036645513 0.05 0.05
0 0.5538996432346723 0.46510086328400274 0.05 0.05
0 0.6601364297040171 0.5644666138125439 0.05 0.05
0 0.5776839984143763 0.6130924066243832 0.05 0.05
0 0.7156332584566597 0.5200691508104298 0.05 0.05
0 0.7917431950317125 0.608864076814658 0.05 0.05
0 0.8519968948202962 0.6574898696264974 0.05 0.05
0 0.9503055628964061 0.6215490662438335 0.05 0.05
0 0.5808552457716702 0.6828598484848484 0.05 0.05
0 0.27007300475687107 0.7526272903453134 0.05 0.05
0 0.21140492864693447 0.7462847956307257 0.05 0.05
0 0.17652120771670188 0.6532615398167722 0.05 0.05
0 0.14797998150105707 0.6342340556730091 0.05 0.05
