0 0.39761426343570055 0.5093590051183623 0.05 0.05
0 0.4158484285028791 0.48376719449776073 0.05 0.05
0 0.4072111924184261 0.5311120441458733 0.05 0.05
0 0.43792136516314784 0.5362304062699936 0.05 0.05
0 0.5098983325335893 0.5375099968010237 0.05 0.05
0 0.5502054342610365 0.5195957293666027 0.05 0.05
0 0.5665202135316699 0.4927243282149712 0.05 0.05
0 0.5454069697696737 0.47225087971849006 0.05 0.05
0 0.1336987164107486 0.40315299104286617 0.05 0.05
0 0.2603781789827256 0.25855926103646826 0.05 0.05
0 0.31987913867562384 0.2150531829814459 0.05 0.05
0 0.36210562619961617 0.19841850607805492 0.05 0.05
0 0.3765010196737045 0.2841510716570697 0.05 0.05
0 0.4455989083493283 0.20737563979526547 0.05 0.05
0 0.2210307701535509 0.1331593889955214 0.05 0.05
0 0.20567568378119003 0.10500839731285984 0.05 0.05
0 0.1960787547984645 0.0602227287268074 0.05 0.05
0 0.23254708493282156 0.04998600447856679 0.05 0.05
0 0.2613378718809981 0.09349208253358915 0.05 0.05
0 0.2824511156429943 0.08837372040946896 0.05 0.05
0 0.30932251679462575 0.09221249200255907 0.05 0.05
0 0.34291176823416514 0.09733085412667937 0.05 0.05
0 0.36690409069097896 0.09221249200255907 0.05 0.05
