0 0.20514632936507926 0.09495701058201055 0.05 0.05
0 0.31228918650793647 0.10818452380952373 0.05 0.05
0 0.33014632936507926 0.14522156084656074 0.05 0.05
0 0.36387648809523804 0.12934854497354492 0.05 0.05
0 0.3003844246031745 0.1610945767195767 0.05 0.05
0 0.28252728174603164 0.1637400793650793 0.05 0.05
0 0.20514632936507926 0.1610945767195767 0.05 0.05
0 0.23093998015873005 0.17432208994708986 0.05 0.05
0 0.21109871031746028 0.19548611111111108 0.05 0.05
0 0.21109871031746028 0.22987764550264547 0.05 0.05
0 0.31228918650793647 0.25368716931216917 0.05 0.05
0 0.44919394841269833 0.203422619047619 0.05 0.05
0 0.16943204365079362 0.3436342592592593 0.05 0.05
0 0.1515749007936507 0.4520998677248677 0.05 0.05
0 0.242844742063492 0.4626818783068783 0.05 0.05
0 0.41546378968253955 0.4653273809523809 0.05 0.05
0 0.3837177579365078 0.49971891534391527 0.05 0.05
0 0.40752728174603164 0.5261739417989417 0.05 0.05
0 0.48292410714285705 0.5235284391534392 0.05 0.05
0 0.5126860119047618 0.5341104497354496 0.05 0.05
0 0.5622891865079364 0.5182374338624337 0.05 0.05
0 0.5662574404761903 0.49178240740740736 0.05 0.05
0 0.5464161706349204 0.4706183862433862 0.05 0.05
0 0.4690352182539681 0.740459656084656 0.05 0.05
0 0.4253844246031745 0.7378141534391534 0.05 0.05
0 0.4114955357142856 0.8145337301587301 0.05 0.05
0 0.3777653769841269 0.7960152116402116 0.05 0.05
0 0.3360987103174602 0.7616236772486772 0.05 0.05
0 0.30435267857142845 0.8039517195767195 0.05 0.05
0 0.9333209325396823 0.7166501322751322 0.05 0.05
0 0.7646701388888887 0.2669146825396825 0.05 0.05
0 0.5543526785714284 0.20871362433862425 0.05 0.05
0 0.5702256944444443 0.055274470899470886 0.05 0.05
