0 0.024908560061601647 0.48872133812457197 0.05 0.05
0 0.12347118839835729 0.4106925906913074 0.05 0.05
0 0.13168474075975362 0.3545666495550993 0.05 0.05
0 0.195339771560575 0.4065858145106092 0.05 0.05
0 0.19123299537987687 0.3326638432580424 0.05 0.05
0 0.24256769763860375 0.32992599247091037 0.05 0.05
0 0.3010892582135524 0.31623673853524986 0.05 0.05
0 0.37603792351129367 0.265586498973306 0.05 0.05
0 0.4171056853182752 0.2518972450376455 0.05 0.05
0 0.44277303644763866 0.2149362594113621 0.05 0.05
0 0.453039976899384 0.2012470054757016 0.05 0.05
0 0.4407196483572896 0.5229444729637236 0.05 0.05
0 0.5166950077002055 0.5325269507186859 0.05 0.05
0 0.5526292992813142 0.5202066221765914 0.05 0.05
0 0.5628962397330597 0.4969348904859686 0.05 0.05
0 0.5454424409650925 0.4668185318275154 0.05 0.05
0 0.613204247946612 0.6228760266940453 0.05 0.05
0 0.6614588680698154 0.5996042950034224 0.05 0.05
0 0.6645389502053389 0.5763325633127995 0.05 0.05
0 0.586510202772074 0.8966611054072554 0.05 0.05
0 0.8390769378850104 0.7994674024640658 0.05 0.05
0 0.9171056853182753 0.7980984770704997 0.05 0.05
0 0.20355332392197129 0.748817162902122 0.05 0.05
0 0.1881529132443532 0.12732503422313488 0.05 0.05
0 0.26104819045174543 0.1902956023271732 0.05 0.05
0 0.25796810831622186 0.1615481690622861 0.05 0.05
0 0.30827611652977416 0.186188826146475 0.05 0.05
0 0.32059644507186863 0.14922784052019164 0.05 0.05
0 0.30211595225872695 0.12732503422313488 0.05 0.05
0 0.29184901180698153 0.09310189938398353 0.05 0.05
0 0.27336851899383985 0.09310189938398353 0.05 0.05
0 0.370904453285421 0.04245165982203965 0.05 0.05
0 0.4068387448665298 0.04929628678986996 0.05 0.05
0 0.557762769507187 0.1971402292950034 0.05 0.05
0 0.6173110241273101 0.07393694387405887 0.05 0.05
0 0.6306580467145791 0.06709231690622867 0.05 0.05
0 0.6963664656057496 0.12048040725530455 0.05 0.05
0 0.7415410035934292 0.1013154517453799 0.05 0.05
