0 0.03495580310199795 0.738686251314406 0.05 0.05
0 0.19689060856992638 0.20170763231685976 0.05 0.05
0 0.22948787460567818 0.20170763231685976 0.05 0.05
0 0.26734276419558356 0.17787307220469703 0.05 0.05
0 0.26734276419558356 0.14562631440588886 0.05 0.05
0 0.2831156348580441 0.14562631440588886 0.05 0.05
0 0.3062491784963196 0.1722649404136 0.05 0.05
0 0.33043424684542577 0.17366697336137424 0.05 0.05
0 0.3640830375920083 0.18628526989134275 0.05 0.05
0 0.3136098514721345 0.29984993866105886 0.05 0.05
0 0.27785801130389054 0.09655516123378938 0.05 0.05
0 0.2915278325446897 0.08954499649491794 0.05 0.05
0 0.3293827221345951 0.09655516123378938 0.05 0.05
0 0.3535677904837013 0.0909470294426922 0.05 0.05
0 0.36618608701366967 0.08674093059936941 0.05 0.05
0 0.41771079784437426 0.05309213985278684 0.05 0.05
0 0.23474549815983173 0.06991653522607813 0.05 0.05
0 0.44084434148264967 0.21712999474237668 0.05 0.05
0 0.4797507557833858 0.7863553715387313 0.05 0.05
0 0.535481565457413 0.6699866368734667 0.05 0.05
0 0.5070903982649841 0.5536179022082022 0.05 0.05
0 0.5480998619873815 0.5353914738871366 0.05 0.05
0 0.5628212079390114 0.5031447160883283 0.05 0.05
0 0.5502029114090429 0.4737020241850686 0.05 0.05
0 0.41560774842271286 0.4765060900806172 0.05 0.05
0 0.3924742047844373 0.5129589467227482 0.05 0.05
0 0.40824707544689787 0.5283813091482652 0.05 0.05
0 0.7626109029968451 0.7821492726954085 0.05 0.05
0 0.5933154245531018 0.3657454872064496 0.05 0.05
0 0.5407391890115666 0.3601373554153525 0.05 0.05
0 0.63537641298633 0.29143774097441316 0.05 0.05
0 0.6385309871188221 0.2087177970557311 0.05 0.05
0 0.6658706296004204 0.19890356642131124 0.05 0.05
0 0.6963648462145108 0.21712999474237668 0.05 0.05
0 0.684798074395373 0.2816235103399933 0.05 0.05
0 0.7289621122502626 0.2704072467577992 0.05 0.05
0 0.7678685265509986 0.21152186295127962 0.05 0.05
0 0.8151871385383803 0.22554219242902238 0.05 0.05
0 0.8351661080441637 0.25077878548895927 0.05 0.05
