0 0.1604321740246407 0.44217787474332654 0.05 0.05
0 0.14400506930184806 0.39837226214921295 0.05 0.05
0 0.22819398100616023 0.2751689767282683 0.05 0.05
0 0.25796810831622186 0.2751689767282683 0.05 0.05
0 0.3565307366529774 0.2217808863791923 0.05 0.05
0 0.3873315580082136 0.23273228952772082 0.05 0.05
0 0.44277303644763866 0.21904303559206018 0.05 0.05
0 0.45509336498973313 0.20535378165639978 0.05 0.05
0 0.21074018223819305 0.6844776694045175 0.05 0.05
0 0.36885106519507194 0.4969348904859686 0.05 0.05
0 0.3832247818275155 0.48050778576317593 0.05 0.05
0 0.4448264245379877 0.5160998459958932 0.05 0.05
0 0.50642806724846 0.533895876112252 0.05 0.05
0 0.4889742684804929 0.587283966461328 0.05 0.05
0 0.4674136935318276 0.6324585044490075 0.05 0.05
0 0.5464691350102671 0.46955638261464755 0.05 0.05
0 0.7045800179671459 0.43396432238193017 0.05 0.05
0 0.7138202643737167 0.5448472792607804 0.05 0.05
0 0.8041693403490762 0.4640806810403833 0.05 0.05
0 0.7805553773100617 0.45449820328542095 0.05 0.05
0 0.8010892582135524 0.4079547399041753 0.05 0.05
0 0.6943130775154005 0.22451873716632445 0.05 0.05
0 0.7589948023613964 0.19577130390143746 0.05 0.05
0 0.8113561986652978 0.17113064681724843 0.05 0.05
0 0.5649496278234087 0.20535378165639978 0.05 0.05
0 0.29082231776180706 0.09857760095824777 0.05 0.05
0 0.2713151309034908 0.10268437713894585 0.05 0.05
0 0.2014999358316222 0.1259561088295688 0.05 0.05
0 0.2014999358316222 0.07530586926762493 0.05 0.05
0 0.18712621919917866 0.06983016769336067 0.05 0.05
