0 0.1978966346153846 0.14702068764568768 0.05 0.05
0 0.243788243006993 0.14002768065268067 0.05 0.05
0 0.21100852272727275 0.241426282051282 0.05 0.05
0 0.24641062062937066 0.23792977855477856 0.05 0.05
0 0.2962357954545454 0.22219551282051278 0.05 0.05
0 0.2306763548951049 0.38128642191142187 0.05 0.05
0 0.14282670454545457 0.3882794289044289 0.05 0.05
0 0.16380572552447553 0.9756920163170164 0.05 0.05
0 0.292302229020979 0.7641535547785547 0.05 0.05
0 0.30016936188811194 0.818349358974359 0.05 0.05
0 0.35655048076923074 0.7676500582750584 0.05 0.05
0 0.410309222027972 0.7606570512820513 0.05 0.05
0 0.43522180944055944 0.7361815268065269 0.05 0.05
0 0.4339106206293707 0.804363344988345 0.05 0.05
0 0.5466728583916084 0.8987689393939394 0.05 0.05
0 0.5034036276223777 0.9459717365967367 0.05 0.05
0 0.47062390734265735 0.6015661421911422 0.05 0.05
0 0.39588614510489506 0.5106570512820513 0.05 0.05
0 0.41293159965034965 0.533384324009324 0.05 0.05
0 0.5663406905594406 0.5910766317016318 0.05 0.05
0 0.570274256993007 0.6627549533799535 0.05 0.05
0 0.5663406905594406 0.533384324009324 0.05 0.05
0 0.5886309003496504 0.4984192890442891 0.05 0.05
0 0.5479840472027973 0.4634542540792541 0.05 0.05
0 0.4391553758741259 0.2064612470862471 0.05 0.05
0 0.4548896416083917 0.20820949883449877 0.05 0.05
0 0.3145924388111888 0.09457313519813511 0.05 0.05
0 0.3657288024475524 0.06834935897435888 0.05 0.05
0 0.39588614510489506 0.05086684149184144 0.05 0.05
0 0.6174770541958042 0.22044726107226112 0.05 0.05
0 0.6686134178321679 0.21695075757575755 0.05 0.05
0 0.799732298951049 0.283384324009324 0.05 0.05
0 0.841690340909091 0.276391317016317 0.05 0.05
0 0.9216728583916085 0.43373397435897443 0.05 0.05
0 0.8259560751748252 0.47569201631701635 0.05 0.05
0 0.7774420891608391 0.4739437645687646 0.05 0.05
0 0.7145050262237763 0.4424752331002331 0.05 0.05
0 0.6777917395104895 0.4127549533799533 0.05 0.05
0 0.8010434877622379 0.5735941142191142 0.05 0.05
0 0.862669361888112 0.5596081002331003 0.05 0.05
