0 0.40625149952015366 0.5208753198976327 0.05 0.05
0 0.3918561060460653 0.5093590051183622 0.05 0.05
0 0.4158484285028791 0.48504678502879084 0.05 0.05
0 0.5089386396353167 0.5400691778630837 0.05 0.05
0 0.5454069697696737 0.5221549104286628 0.05 0.05
0 0.5646008277351248 0.5004018714011517 0.05 0.05
0 0.5425278910748561 0.47097128918746 0.05 0.05
0 0.7699751079654512 0.525993682021753 0.05 0.05
0 0.6183436300383878 0.4005938099808061 0.05 0.05
0 0.6461747240882918 0.39035708573256556 0.05 0.05
0 0.6375374880038389 0.21761236404350606 0.05 0.05
0 0.7027966050863724 0.2150531829814459 0.05 0.05
0 0.6778445897312861 0.1062879878438899 0.05 0.05
0 0.6548119601727448 0.1062879878438899 0.05 0.05
0 0.5914722288867563 0.8023852367242482 0.05 0.05
0 0.5233340331094051 0.8471709053103008 0.05 0.05
0 0.41296934980806144 0.8254178662827896 0.05 0.05
0 0.048286048464491374 0.6629098688419706 0.05 0.05
0 0.041568198176583505 0.5042406429942419 0.05 0.05
0 0.10202885076775434 0.4876059660908509 0.05 0.05
0 0.10394823656429945 0.6309201055662188 0.05 0.05
0 0.18936090451055665 0.1523532469609724 0.05 0.05
0 0.20663537667946258 0.13955734165067177 0.05 0.05
0 0.2709348008637237 0.09989003518873953 0.05 0.05
0 0.2910883517274473 0.09989003518873953 0.05 0.05
0 0.3697831693857966 0.09349208253358915 0.05 0.05
0 0.3803397912667947 0.0858145393474088 0.05 0.05
0 0.3505893114203455 0.03591050863723607 0.05 0.05
0 0.4465586012476008 0.2060960492642354 0.05 0.05
