0 0.3534506545174539 0.5037795174537986 0.05 0.05
0 0.3801446996919918 0.4914591889117043 0.05 0.05
0 0.39041164014373725 0.4791388603696099 0.05 0.05
0 0.4468798126283368 0.5174687713894593 0.05 0.05
0 0.4437997304928132 0.5571676078028748 0.05 0.05
0 0.4900009625256675 0.6132935489390829 0.05 0.05
0 0.5156683136550309 0.5284201745379877 0.05 0.05
0 0.544415746919918 0.4668185318275154 0.05 0.05
0 0.19739315965092405 0.2012470054757016 0.05 0.05
0 0.23640753336755652 0.2080916324435319 0.05 0.05
0 0.2949290939425052 0.2080916324435319 0.05 0.05
0 0.2815820713552362 0.10405330253251203 0.05 0.05
0 0.2980091760780288 0.09310189938398353 0.05 0.05
0 0.370904453285421 0.08488834702258725 0.05 0.05
0 0.4417463424024642 0.21219840862422998 0.05 0.05
0 0.45714675308008224 0.2012470054757016 0.05 0.05
0 0.1624855621149898 0.4093236652977412 0.05 0.05
0 0.12552457648870638 0.4106925906913074 0.05 0.05
0 0.009508149383983578 0.6872155201916497 0.05 0.05
0 0.25078125000000007 0.7707199691991787 0.05 0.05
0 0.6696724204312117 0.8254769849418208 0.05 0.05
0 0.8164896688911705 0.8733893737166325 0.05 0.05
0 0.8739845354209447 0.8761272245037647 0.05 0.05
0 0.7323007571868584 0.1656549452429843 0.05 0.05
0 0.7179270405544149 0.09994652635181384 0.05 0.05
0 0.7097134881930186 0.09310189938398353 0.05 0.05
0 0.5557093814168379 0.1793441991786447 0.05 0.05
