0 0.19237744450317124 0.13529113812544036 0.05 0.05
0 0.24311740221987313 0.10357866455250159 0.05 0.05
0 0.25263114429175476 0.10357866455250159 0.05 0.05
0 0.2684873810782241 0.10569282945736411 0.05 0.05
0 0.27165862843551797 0.08877951021846352 0.05 0.05
0 0.2827579941860465 0.08877951021846352 0.05 0.05
0 0.2986142309725158 0.08877951021846352 0.05 0.05
0 0.33825482293868925 0.08877951021846352 0.05 0.05
0 0.3461829413319239 0.0824370155038757 0.05 0.05
0 0.4635190935517971 0.19660192036645513 0.05 0.05
0 0.23518928382663845 0.25579853770260735 0.05 0.05
0 0.1543224762156448 0.5221833157152923 0.05 0.05
0 0.5523140195560254 0.4629866983791401 0.05 0.05
0 0.4508341041226216 0.7568556201550386 0.05 0.05
0 0.6569651823467232 0.885819679351656 0.05 0.05
0 0.7790582056025371 0.8689063601127553 0.05 0.05
0 0.6680645480972517 0.24945604298801954 0.05 0.05
0 0.7172188821353067 0.2536843727977447 0.05 0.05
0 0.8202844212473573 0.24522771317829437 0.05 0.05
0 0.85516814217759 0.23254272374911883 0.05 0.05
0 0.5792696220930234 0.14797612755461576 0.05 0.05
0 0.40326539376321363 0.04438204721634934 0.05 0.05
