0 0.20347681025369982 0.09723616983791387 0.05 0.05
0 0.2288467891120507 0.10780699436222677 0.05 0.05
0 0.2066480576109936 0.14586196264975312 0.05 0.05
0 0.27165862843551797 0.08666534531360087 0.05 0.05
0 0.2811723705073996 0.09300784002818858 0.05 0.05
0 0.29227173625792807 0.08877951021846352 0.05 0.05
0 0.33984044661733626 0.08877951021846352 0.05 0.05
0 0.35569668340380556 0.08666534531360087 0.05 0.05
0 0.3097135967230444 0.12472031360112736 0.05 0.05
0 0.31922733879492604 0.13106280831571507 0.05 0.05
0 0.33349795190274845 0.17123194150810406 0.05 0.05
0 0.3842379096194503 0.16911777660324154 0.05 0.05
0 0.45717659883720935 0.1902594256518673 0.05 0.05
0 0.6236670850951376 0.15854695207892863 0.05 0.05
0 0.6648933007399578 0.14163363284002795 0.05 0.05
0 0.7632019688160678 0.2304285588442563 0.05 0.05
0 0.8329694106765329 0.2135152396053557 0.05 0.05
0 0.8107706791754759 0.5327541402396052 0.05 0.05
0 0.7521026030655392 0.46932919309372784 0.05 0.05
0 0.6744070428118394 0.4925850070472162 0.05 0.05
0 0.5507283958773785 0.47144335799859044 0.05 0.05
0 0.4349778673361523 0.5327541402396052 0.05 0.05
0 0.514259051268499 0.6025215821000703 0.05 0.05
0 0.804428184460888 0.7906822586328399 0.05 0.05
0 0.9154218419661735 0.7505131254404509 0.05 0.05
0 0.2811723705073996 0.7462847956307257 0.05 0.05
0 0.17810683139534883 0.9746146053558843 0.05 0.05
0 0.2811723705073996 0.991527924594785 0.05 0.05
0 0.2082336812896406 0.7526272903453134 0.05 0.05
0 0.17969245507399575 0.6490332100070472 0.05 0.05
0 0.14005186310782242 0.6342340556730091 0.05 0.05
