0 0.21953124999999996 0.08583187645687644 0.05 0.05
0 0.2339543269230769 0.08583187645687644 0.05 0.05
0 0.19068509615384616 0.12429341491841489 0.05 0.05
0 0.2654228583916084 0.10331439393939389 0.05 0.05
0 0.29689138986013985 0.12079691142191133 0.05 0.05
0 0.26017810314685313 0.14876893939393934 0.05 0.05
0 0.31393684440559444 0.09457313519813511 0.05 0.05
0 0.33622705419580423 0.07184586247086244 0.05 0.05
0 0.34802775349650356 0.07534236596736589 0.05 0.05
0 0.34409418706293715 0.20121649184149176 0.05 0.05
0 0.44374453671328684 0.21695075757575755 0.05 0.05
0 0.45161166958041965 0.21170600233100234 0.05 0.05
0 0.20510817307692308 0.2851325757575758 0.05 0.05
0 0.23788789335664337 0.25191579254079244 0.05 0.05
0 0.24968859265734267 0.26065705128205136 0.05 0.05
0 0.2903354458041958 0.2676500582750582 0.05 0.05
0 0.33622705419580423 0.23268502331002333 0.05 0.05
0 0.33622705419580423 0.2781395687645688 0.05 0.05
0 0.3152480332167832 0.3235941142191142 0.05 0.05
0 0.2628004807692308 0.3445731351981352 0.05 0.05
0 0.27197880244755246 0.4494682400932401 0.05 0.05
0 0.3847410402097902 0.31660110722610724 0.05 0.05
0 0.40965362762237767 0.276391317016317 0.05 0.05
0 0.42538789335664334 0.290377331002331 0.05 0.05
0 0.38867460664335673 0.5141535547785547 0.05 0.05
0 0.40572006118881115 0.5246430652680654 0.05 0.05
0 0.45423404720279714 0.5456220862470862 0.05 0.05
0 0.518482298951049 0.5456220862470862 0.05 0.05
0 0.5748634178321679 0.5141535547785547 0.05 0.05
0 0.5905976835664337 0.49142628205128214 0.05 0.05
0 0.5486396416083916 0.4739437645687646 0.05 0.05
0 0.5565067744755245 0.33583187645687645 0.05 0.05
0 0.7243389423076925 0.08932837995337989 0.05 0.05
0 0.7322060751748254 0.09107663170163166 0.05 0.05
0 0.7243389423076925 0.48268502331002333 0.05 0.05
0 0.6469788024475525 0.49142628205128214 0.05 0.05
0 0.05825502622377621 0.6557619463869464 0.05 0.05
0 0.3637620192307693 0.8148528554778556 0.05 0.05
0 0.7348284527972029 0.7274402680652681 0.05 0.05
0 0.7164718094405595 0.811356351981352 0.05 0.05
0 0.9551081730769232 0.8358318764568765 0.05 0.05
