0 0.30435267857142856 0.11612103174603164 0.05 0.05
0 0.31228918650793647 0.084375 0.05 0.05
0 0.234908234126984 0.18490410052910042 0.05 0.05
0 0.1912574404761904 0.055274470899470886 0.05 0.05
0 0.29641617063492054 0.15844907407407405 0.05 0.05
0 0.3162574404761904 0.1981316137566137 0.05 0.05
0 0.3281622023809523 0.25104166666666666 0.05 0.05
0 0.44919394841269833 0.21400462962962952 0.05 0.05
0 0.27260664682539676 0.2960152116402116 0.05 0.05
0 0.2607018849206349 0.3886078042328042 0.05 0.05
0 0.28847966269841263 0.43358134920634916 0.05 0.05
0 0.21903521825396818 0.38596230158730144 0.05 0.05
0 0.17736855158730153 0.39125330687830673 0.05 0.05
0 0.09800347222222217 0.47590939153439143 0.05 0.05
0 0.04244791666666663 0.49178240740740736 0.05 0.05
0 0.12974950396825394 0.5235284391534392 0.05 0.05
0 0.20911458333333321 0.4812003968253967 0.05 0.05
0 0.17538442460317455 0.7219411375661374 0.05 0.05
0 0.3083209325396824 0.8039517195767195 0.05 0.05
0 0.3202256944444444 0.7642691798941799 0.05 0.05
0 0.35792410714285705 0.7854332010582009 0.05 0.05
0 0.38173363095238083 0.7986607142857143 0.05 0.05
0 0.4253844246031745 0.7536871693121692 0.05 0.05
0 0.4670510912698411 0.740459656084656 0.05 0.05
0 0.3956225198412698 0.5129464285714285 0.05 0.05
0 0.4015749007936507 0.539401455026455 0.05 0.05
0 0.5126860119047618 0.5235284391534392 0.05 0.05
0 0.5603050595238094 0.5182374338624337 0.05 0.05
0 0.5860987103174602 0.5050099206349206 0.05 0.05
0 0.5503844246031745 0.4706183862433862 0.05 0.05
0 0.598003472222222 0.986491402116402 0.05 0.05
0 0.7190352182539681 0.9812003968253967 0.05 0.05
0 0.9253844246031744 0.9362268518518518 0.05 0.05
0 0.9134796626984125 0.6981316137566137 0.05 0.05
0 0.8261780753968251 0.6901951058201057 0.05 0.05
0 0.5484002976190474 0.20871362433862425 0.05 0.05
0 0.6337177579365079 0.1690310846560846 0.05 0.05
0 0.6535590277777776 0.1637400793650793 0.05 0.05
0 0.6714161706349204 0.21665013227513227 0.05 0.05
0 0.7051463293650791 0.21665013227513227 0.05 0.05
0 0.7904637896825395 0.2192956349206348 0.05 0.05
