0 0.23819919310722099 0.09622766229029907 0.05 0.05
0 0.2660985366520788 0.0940394784828591 0.05 0.05
0 0.2693808123632385 0.13780315463165552 0.05 0.05
0 0.30548584518599564 0.09841584609773868 0.05 0.05
0 0.3596433944201313 0.13123860320933609 0.05 0.05
0 0.44334142505470464 0.21220140408460963 0.05 0.05
0 0.45318825218818387 0.21220140408460963 0.05 0.05
0 0.3842604622538293 0.2603414478482858 0.05 0.05
0 0.4072363922319475 0.2559650802334061 0.05 0.05
0 0.22835236597374178 0.356621535375638 0.05 0.05
0 0.2398403309628009 0.39382066010211514 0.05 0.05
0 0.14793661105032824 0.382879741064916 0.05 0.05
0 0.11839612964989055 0.5754399161196206 0.05 0.05
0 0.12824295678336978 0.6323326951130561 0.05 0.05
0 0.06587971827133475 0.6498381655725747 0.05 0.05
0 0.21358212527352297 0.8008228482859228 0.05 0.05
0 0.2660985366520788 0.7548709883296865 0.05 0.05
0 0.30384470733041574 0.8270810539752006 0.05 0.05
0 0.37441363512035014 0.7964464806710432 0.05 0.05
0 0.4630350793216631 0.7089191283734501 0.05 0.05
0 0.4745230443107221 0.7373655178701678 0.05 0.05
0 0.4958578364332604 0.6542145331874544 0.05 0.05
0 0.3580022565645514 0.5141707695113056 0.05 0.05
0 0.37605477297592993 0.5535580780452224 0.05 0.05
0 0.5122692149890591 0.5360526075857038 0.05 0.05
0 0.5500153856673962 0.4813480123997082 0.05 0.05
0 0.7748512718818381 0.7942582968636033 0.05 0.05
0 0.8240854075492343 0.7920701130561635 0.05 0.05
0 0.5434508342450767 0.21220140408460963 0.05 0.05
0 0.6714595869803064 0.15749680889861406 0.05 0.05
0 0.7124880333698032 0.1596849927060538 0.05 0.05
