0 0.18917960728952776 0.22725658795345632 0.05 0.05
0 0.264128272587269 0.2970717830253252 0.05 0.05
0 0.3493438783367557 0.27790682751540047 0.05 0.05
0 0.2990358701232033 0.29980963381245723 0.05 0.05
0 0.3750112294661192 0.27790682751540047 0.05 0.05
0 0.3257299152977413 0.2505283196440794 0.05 0.05
0 0.2877422356262834 0.17797527378507874 0.05 0.05
0 0.3257299152977413 0.17797527378507874 0.05 0.05
0 0.29184901180698153 0.09310189938398353 0.05 0.05
0 0.2723418249486654 0.09447082477754959 0.05 0.05
0 0.44277303644763866 0.22451873716632445 0.05 0.05
0 0.453039976899384 0.21219840862422998 0.05 0.05
0 0.6429783752566737 0.3258192162902122 0.05 0.05
0 0.5505759111909652 0.2039848562628336 0.05 0.05
0 0.666592338295688 0.26011079739904186 0.05 0.05
0 0.6943130775154005 0.2751689767282683 0.05 0.05
0 0.7261405929158112 0.35867342573579747 0.05 0.05
0 0.6604321740246408 0.08899512320328545 0.05 0.05
0 0.6347648228952772 0.09857760095824777 0.05 0.05
0 0.4520132828542095 0.5297890999315538 0.05 0.05
0 0.5105348434291581 0.5421094284736482 0.05 0.05
0 0.5012945970225873 0.5859150410677619 0.05 0.05
0 0.4684403875770021 0.6256138774811774 0.05 0.05
0 0.5454424409650925 0.4681874572210815 0.05 0.05
0 0.03004203028747434 0.5393715776865161 0.05 0.05
0 0.2723418249486654 0.7679821184120466 0.05 0.05
