0 0.1886743317610063 0.15408149895178186 0.05 0.05
0 0.23269948899371076 0.08280267295597454 0.05 0.05
0 0.2704353380503145 0.09118841719077532 0.05 0.05
0 0.28301395440251575 0.09328485324947558 0.05 0.05
0 0.2594290487421384 0.13102070230607932 0.05 0.05
0 0.29244791666666675 0.13940644654088022 0.05 0.05
0 0.24527810534591202 0.16456367924528265 0.05 0.05
0 0.2861586084905661 0.15617793501048188 0.05 0.05
0 0.33332841981132083 0.13102070230607932 0.05 0.05
0 0.33332841981132083 0.18343160377358458 0.05 0.05
0 0.3569133254716982 0.08280267295597454 0.05 0.05
0 0.37578125000000007 0.08070623689727428 0.05 0.05
0 0.5833284198113209 0.1477921907756811 0.05 0.05
0 0.6273535770440253 0.24003537735849037 0.05 0.05
0 0.7452781053459121 0.1268278301886789 0.05 0.05
0 0.7672906839622643 0.1477921907756811 0.05 0.05
0 0.38993219339622653 0.4895112683438153 0.05 0.05
0 0.5565988600628933 0.466450471698113 0.05 0.05
0 0.1823850235849057 0.7578550838574423 0.05 0.05
0 0.44132036205074004 0.17546027131782924 0.05 0.05
