0 0.0051576176148795845 0.7264245988329686 0.05 0.05
0 0.04946833971553606 0.6498381655725747 0.05 0.05
0 0.11511385393873083 0.6257681436907366 0.05 0.05
0 0.14957774890590808 0.5469935266229029 0.05 0.05
0 0.18732391958424505 0.7242364150255288 0.05 0.05
0 0.15942457603938726 0.7811291940189643 0.05 0.05
0 0.3333851887308534 0.7701882749817651 0.05 0.05
0 0.31533267231947487 0.8380219730123997 0.05 0.05
0 0.39903070295404813 0.7964464806710432 0.05 0.05
0 0.39574842724288845 0.7658119073668855 0.05 0.05
0 0.4564705278993436 0.7548709883296865 0.05 0.05
0 0.44005914934354495 0.8511510758570388 0.05 0.05
0 0.44334142505470464 0.6388972465353755 0.05 0.05
0 0.39082501367614875 0.49885348285922676 0.05 0.05
0 0.40395411652078783 0.5316762399708241 0.05 0.05
0 0.5057046635667397 0.5360526075857038 0.05 0.05
0 0.5500153856673962 0.470407093362509 0.05 0.05
0 0.6944355169584246 0.40476157913931426 0.05 0.05
0 0.7436696526258207 0.4966652990517869 0.05 0.05
0 0.7715689961706784 0.4244552334062726 0.05 0.05
0 0.5450919721006565 0.2209541393143689 0.05 0.05
0 0.564785626367615 0.19469593362509105 0.05 0.05
0 0.4417002871991248 0.21876595550692918 0.05 0.05
0 0.45154711433260397 0.21220140408460963 0.05 0.05
0 0.31040925875273523 0.10060402990517853 0.05 0.05
0 0.24640488238512037 0.1553086250911741 0.05 0.05
0 0.20865871170678338 0.16843772793581308 0.05 0.05
0 0.22178781455142232 0.22533050692924864 0.05 0.05
0 0.2825099152078775 0.21876595550692918 0.05 0.05
0 0.30548584518599564 0.21220140408460963 0.05 0.05
0 0.2726630880743982 0.38944429248723544 0.05 0.05
