0 0.5972132654291225 0.5048989472838316 0.05 0.05
0 0.5027098903085825 0.5331856718097076 0.05 0.05
0 0.4525652422854387 0.5859018402442946 0.05 0.05
0 0.4448506810511089 0.639903768884603 0.05 0.05
0 0.4072421950337512 0.5306141513982643 0.05 0.05
0 0.4014562741080038 0.5100419881067181 0.05 0.05
0 0.3050242586788814 0.7761943506910961 0.05 0.05
0 0.26355849204435866 0.7671940292510447 0.05 0.05
0 0.35999050747348116 0.7826231517197043 0.05 0.05
0 0.24716504942140788 0.37760868691738997 0.05 0.05
0 0.21823544479267118 0.3840374879459982 0.05 0.05
0 0.30309561837029897 0.2104598601735777 0.05 0.05
0 0.21534248432979747 0.1448860896817744 0.05 0.05
0 0.28766649590163934 0.09345568145290907 0.05 0.05
0 0.3108101796046287 0.09088416104146582 0.05 0.05
0 0.34552570515911285 0.09859872227579558 0.05 0.05
0 0.44774364151398266 0.21174562037929925 0.05 0.05
0 0.633857431292189 0.21688866120218578 0.05 0.05
0 0.763076331967213 0.3030345949855352 0.05 0.05
0 0.8537224264705883 0.3261782786885246 0.05 0.05
0 0.8836163512536162 0.861054524268724 0.05 0.05
0 0.41784971673095467 0.04588255384120868 0.05 0.05
0 0.1921988006268081 0.03945375281260048 0.05 0.05
0 0.21630680448408873 0.03816799260687891 0.05 0.05
