0 0.05878946355236142 0.5174687713894591 0.05 0.05
0 0.12244449435318279 0.5133619952087611 0.05 0.05
0 0.49616112679671465 0.6201381759069131 0.05 0.05
0 0.5023212910677619 0.5434783538672143 0.05 0.05
0 0.4458531185831623 0.5243133983572896 0.05 0.05
0 0.38835825205338814 0.49967274127310063 0.05 0.05
0 0.3986251925051335 0.4791388603696099 0.05 0.05
0 0.330863385523614 0.8254769849418208 0.05 0.05
0 0.6049906955852157 0.5996042950034224 0.05 0.05
0 0.5536559933264888 0.4750320841889117 0.05 0.05
0 0.6758325847022588 0.6461477583846681 0.05 0.05
0 0.7446210857289529 0.7378657597535935 0.05 0.05
0 0.7856888475359345 0.6187692505133471 0.05 0.05
0 0.8534506545174538 0.6543613107460644 0.05 0.05
0 0.9058120508213554 0.6379342060232719 0.05 0.05
0 0.7548880261806982 0.1902956023271732 0.05 0.05
0 0.7117668762833677 0.09994652635181384 0.05 0.05
0 0.6973931596509242 0.08488834702258725 0.05 0.05
0 0.5526292992813142 0.186188826146475 0.05 0.05
0 0.45817344712525676 0.20535378165639978 0.05 0.05
0 0.43661287217659145 0.22041196098562638 0.05 0.05
0 0.3524239604722793 0.22041196098562638 0.05 0.05
0 0.33702354979466126 0.23410121492128677 0.05 0.05
0 0.3062227284394251 0.22041196098562638 0.05 0.05
0 0.3123828927104723 0.29980963381245723 0.05 0.05
0 0.26823504876796717 0.31623673853524986 0.05 0.05
0 0.26207488449691996 0.16976172142368237 0.05 0.05
0 0.29390239989733064 0.15333461670088985 0.05 0.05
0 0.28055537731006164 0.10542222792607797 0.05 0.05
0 0.29184901180698153 0.09036404859685139 0.05 0.05
0 0.36474428901437383 0.08625727241615332 0.05 0.05
0 0.41402560318275156 0.061616615331964414 0.05 0.05
