0 0.18871831293706293 0.07359411421911423 0.05 0.05
0 0.20707495629370634 0.07359411421911423 0.05 0.05
0 0.19920782342657345 0.12429341491841489 0.05 0.05
0 0.2306763548951049 0.12429341491841489 0.05 0.05
0 0.2988581730769231 0.12778991841491844 0.05 0.05
0 0.3106588723776224 0.13827942890442887 0.05 0.05
0 0.3093476835664336 0.09806963869463867 0.05 0.05
0 0.44308894230769236 0.21170600233100234 0.05 0.05
0 0.4562008304195804 0.213454254079254 0.05 0.05
0 0.3998197115384616 0.5036640442890443 0.05 0.05
0 0.1729840472027972 0.5071605477855478 0.05 0.05
0 0.5519176136363637 0.512405303030303 0.05 0.05
0 0.57814138986014 0.48093677156177156 0.05 0.05
0 0.5519176136363637 0.4704472610722611 0.05 0.05
0 0.3172148164335664 0.7659018065268065 0.05 0.05
0 0.34868334790209793 0.7781395687645688 0.05 0.05
0 0.3932637674825175 0.7746430652680654 0.05 0.05
0 0.40768684440559444 0.7519157925407925 0.05 0.05
0 0.45751201923076923 0.7921255827505828 0.05 0.05
0 0.5165155157342658 0.7134542540792541 0.05 0.05
0 0.6358336975524476 0.6470206876456877 0.05 0.05
0 0.6135434877622379 0.7256920163170163 0.05 0.05
0 0.5938756555944057 0.9284892191142192 0.05 0.05
0 0.723683347902098 0.8830346736596738 0.05 0.05
0 0.7695749562937063 0.9931745337995339 0.05 0.05
0 0.8534910402097904 0.8131046037296038 0.05 0.05
0 0.9033162150349652 0.8690486596736597 0.05 0.05
0 0.9492078234265735 0.8725451631701632 0.05 0.05
