0 0.200453022428884 0.03933488329686353 0.05 0.05
0 0.18732391958424505 0.09185129467541925 0.05 0.05
0 0.21194098741794307 0.08966311086797939 0.05 0.05
0 0.21686440098468274 0.1553086250911741 0.05 0.05
0 0.22835236597374178 0.21220140408460963 0.05 0.05
0 0.30712698304157554 0.09841584609773868 0.05 0.05
0 0.39574842724288845 0.06340490517870154 0.05 0.05
0 0.4285711843544858 0.05465216994894225 0.05 0.05
0 0.40395411652078783 0.2012604850474105 0.05 0.05
0 0.4285711843544858 0.28222328592268403 0.05 0.05
0 0.44334142505470464 0.20782503646972994 0.05 0.05
0 0.4564705278993436 0.2100132202771698 0.05 0.05
0 0.5450919721006565 0.2209541393143689 0.05 0.05
0 0.6271488648796499 0.1181095003646971 0.05 0.05
0 0.7420285147702408 0.13780315463165552 0.05 0.05
0 0.8355733725382934 0.2603414478482858 0.05 0.05
0 0.6583304841356675 0.26909418307804506 0.05 0.05
0 0.6287900027352299 0.28878783734500346 0.05 0.05
0 0.5500153856673962 0.48353619620714805 0.05 0.05
0 0.6698184491247265 0.6170154084609772 0.05 0.05
0 0.702641206236324 0.6388972465353755 0.05 0.05
0 0.5122692149890591 0.5360526075857038 0.05 0.05
0 0.5319628692560177 0.7417418854850475 0.05 0.05
0 0.464676217177243 0.6804727388767323 0.05 0.05
0 0.4482648386214443 0.7417418854850475 0.05 0.05
0 0.39738956509846834 0.7898819292487236 0.05 0.05
0 0.3366674644420132 0.7986346644784829 0.05 0.05
0 0.41872435722100665 0.7920701130561635 0.05 0.05
0 0.2595339852297593 0.7833173778264041 0.05 0.05
0 0.06259744256017502 0.6454617979576952 0.05 0.05
0 0.036339236870897115 0.6082626732312181 0.05 0.05
0 0.0051576176148795845 0.5076062180889861 0.05 0.05
0 0.006798755470459461 0.5207353209336251 0.05 0.05
0 0.044544926148796446 0.4944771152443472 0.05 0.05
0 0.1266018189277899 0.6279563274981764 0.05 0.05
0 0.1266018189277899 0.5688753646973013 0.05 0.05
0 0.16763026531728661 0.4266434172137126 0.05 0.05
0 0.2825099152078775 0.4747834609773887 0.05 0.05
0 0.33010291301969363 0.3916324762946753 0.05 0.05
0 0.3711313594091904 0.3741270058351566 0.05 0.05
0 0.39574842724288845 0.5207353209336251 0.05 0.05
0 0.40231297866520793 0.533864423778264 0.05 0.05
0 0.17583595459518597 0.3303633296863602 0.05 0.05
0 0.23163464168490155 0.3019169401896425 0.05 0.05
