0 0.3182415674603175 0.09760251322751318 0.05 0.05
0 0.23292410714285702 0.15844907407407405 0.05 0.05
0 0.17538442460317455 0.2325231481481481 0.05 0.05
0 0.19522569444444435 0.3092427248677248 0.05 0.05
0 0.19720982142857138 0.3700892857142856 0.05 0.05
0 0.23689236111111106 0.3700892857142856 0.05 0.05
0 0.4015749007936507 0.1981316137566137 0.05 0.05
0 0.4452256944444444 0.1981316137566137 0.05 0.05
0 0.4095114087301586 0.4653273809523809 0.05 0.05
0 0.3936383928571428 0.5023644179894179 0.05 0.05
0 0.4114955357142856 0.5182374338624337 0.05 0.05
0 0.2587177579365079 0.7510416666666665 0.05 0.05
0 0.30236855158730147 0.7960152116402116 0.05 0.05
0 0.3519717261904761 0.8039517195767195 0.05 0.05
0 0.3857018849206348 0.7907242063492063 0.05 0.05
0 0.4114955357142856 0.7483961640211639 0.05 0.05
0 0.4353050595238094 0.7431051587301586 0.05 0.05
0 0.5484002976190474 0.5870205026455025 0.05 0.05
0 0.599987599206349 0.5790839947089946 0.05 0.05
0 0.5583209325396824 0.5261739417989417 0.05 0.05
0 0.5741939484126982 0.49442791005291004 0.05 0.05
0 0.5543526785714284 0.47590939153439143 0.05 0.05
0 0.5464161706349204 0.21665013227513227 0.05 0.05
0 0.5563368055555554 0.12141203703703703 0.05 0.05
0 0.5860987103174602 0.12141203703703703 0.05 0.05
0 0.6634796626984125 0.14522156084656074 0.05 0.05
0 0.6912574404761902 0.13199404761904757 0.05 0.05
0 0.7289558531746031 0.20871362433862425 0.05 0.05
0 0.7547495039682539 0.1981316137566137 0.05 0.05
0 0.8103050595238093 0.27220568783068777 0.05 0.05
0 0.8658606150793648 0.2748511904761904 0.05 0.05
0 0.732924107142857 0.2748511904761904 0.05 0.05
0 0.6892733134920633 0.2827876984126983 0.05 0.05
