0 0.20347681025369976 0.11837781888653977 0.05 0.05
0 0.2288467891120507 0.12049198379140218 0.05 0.05
0 0.27165862843551797 0.09089367512332605 0.05 0.05
0 0.2843436178646934 0.09300784002818858 0.05 0.05
0 0.295442983615222 0.08877951021846352 0.05 0.05
0 0.33825482293868925 0.08877951021846352 0.05 0.05
0 0.35411105972515855 0.09300784002818858 0.05 0.05
0 0.23360366014799155 0.2536843727977447 0.05 0.05
0 0.2653161337209302 0.25157020789288204 0.05 0.05
0 0.3652104254756871 0.25157020789288204 0.05 0.05
0 0.17493558403805493 0.7314856412966877 0.05 0.05
0 0.43814911469344614 0.17123194150810406 0.05 0.05
0 0.466690340909091 0.19660192036645513 0.05 0.05
0 0.6648933007399578 0.1775744362226919 0.05 0.05
0 0.709290763742072 0.16488944679351636 0.05 0.05
0 0.7188045058139536 0.1902594256518673 0.05 0.05
0 0.6395233218816069 0.21774356941508088 0.05 0.05
0 0.6759926664904864 0.22620022903453124 0.05 0.05
0 0.7172188821353067 0.2600268675123324 0.05 0.05
0 0.7869863239957718 0.24522771317829437 0.05 0.05
0 0.7965000660676533 0.2198577343199434 0.05 0.05
0 0.8488256474630023 0.23254272374911883 0.05 0.05
0 0.6585508060253701 0.35939261804087363 0.05 0.05
0 0.5412146538054969 0.46932919309372784 0.05 0.05
0 0.8979799815010573 0.7843397639182522 0.05 0.05
