0 0.22567554175475685 0.086665345313601 0.05 0.05
0 0.247874273255814 0.08455118040873835 0.05 0.05
0 0.27165862843551797 0.09300784002818858 0.05 0.05
0 0.27641549947145877 0.046496212121211876 0.05 0.05
0 0.2795867468287526 0.09935033474277641 0.05 0.05
0 0.2906861125792812 0.09512200493305123 0.05 0.05
0 0.33666919926004224 0.09089367512332605 0.05 0.05
0 0.34142607029598315 0.07820868569415064 0.05 0.05
0 0.37155292019027486 0.0655236962649751 0.05 0.05
0 0.23677490750528546 0.1226061486962647 0.05 0.05
0 0.2748298757928119 0.14163363284002795 0.05 0.05
0 0.28592924154334043 0.14163363284002795 0.05 0.05
0 0.2748298757928119 0.167003611698379 0.05 0.05
0 0.2669017573995772 0.1902594256518673 0.05 0.05
0 0.24311740221987313 0.16911777660324154 0.05 0.05
0 0.21933304704016915 0.17123194150810406 0.05 0.05
0 0.19713431553911204 0.22408606412966858 0.05 0.05
0 0.2066480576109936 0.23254272374911883 0.05 0.05
0 0.2510455206131078 0.247341878083157 0.05 0.05
0 0.3097135967230444 0.23254272374911883 0.05 0.05
0 0.33984044661733626 0.167003611698379 0.05 0.05
0 0.3461829413319239 0.2304285588442563 0.05 0.05
0 0.4096078884778013 0.2304285588442563 0.05 0.05
0 0.4460772330866808 0.20928690979563053 0.05 0.05
0 0.46034784619450325 0.20083025017618017 0.05 0.05
0 0.2875148652219873 0.38264843199436205 0.05 0.05
0 0.24945989693446088 0.42916005990133876 0.05 0.05
0 0.16859308932346723 0.7103439922480619 0.05 0.05
0 0.20030556289640594 0.7166864869626496 0.05 0.05
0 0.3921660280126851 0.48835667723749104 0.05 0.05
0 0.3985085227272728 0.5094983262861168 0.05 0.05
0 0.45717659883720935 0.5327541402396052 0.05 0.05
0 0.5269440406976745 0.5475532945736432 0.05 0.05
0 0.5443859011627907 0.4587583685694149 0.05 0.05
0 0.5840264931289642 0.26214103241719494 0.05 0.05
0 0.6506226876321354 0.3488217935165608 0.05 0.05
0 0.6934345269556026 0.35939261804087363 0.05 0.05
0 0.7521026030655392 0.5179549859055671 0.05 0.05
0 0.8075994318181821 0.5200691508104298 0.05 0.05
0 0.8171131738900635 0.42704589499647627 0.05 0.05
0 0.8599250132135309 0.4185892353770259 0.05 0.05
0 0.8916374867864695 0.27905435165609566 0.05 0.05
