0 0.7216105653326904 0.3158921970427516 0.05 0.05
0 0.6753231979267117 0.6141885647701705 0.05 0.05
0 0.7312537668756026 0.4213245339119254 0.05 0.05
0 0.7341467273384763 0.6283319270331085 0.05 0.05
0 0.8276857823047251 0.6180458453873353 0.05 0.05
0 0.5981775855834137 0.17574433461909358 0.05 0.05
0 0.6174639886692381 0.174458574413372 0.05 0.05
0 0.6550724746865959 0.1333142478302797 0.05 0.05
0 0.4429220407425265 0.20917409996785613 0.05 0.05
0 0.3300965826904532 0.1500291305046609 0.05 0.05
0 0.2828448951301832 0.14745761009321764 0.05 0.05
0 0.3088815392960463 0.09216992124718738 0.05 0.05
0 0.3368468237704918 0.09859872227579558 0.05 0.05
0 0.2018420021697203 0.11788512536162017 0.05 0.05
0 0.20280632232401158 0.3673226052716169 0.05 0.05
0 0.24812936957569914 0.3017488347798135 0.05 0.05
0 0.39374171287367404 0.5023274268723884 0.05 0.05
0 0.4033849144165863 0.528042630986821 0.05 0.05
0 0.45160092213114755 0.5974736820957891 0.05 0.05
0 0.4506366019768563 0.6334749678559949 0.05 0.05
0 0.49981692984570875 0.5293283911925426 0.05 0.05
0 0.5441756569431051 0.46889766152362594 0.05 0.05
0 0.36770506870781094 0.7993380343940856 0.05 0.05
0 0.3272036222275796 0.7517649067823852 0.05 0.05
0 0.27127305327868856 0.7761943506910961 0.05 0.05
0 0.7408969684185149 0.13202848762455802 0.05 0.05
0 0.7148603242526519 0.19374497749919636 0.05 0.05
0 0.633857431292189 0.19631649791063974 0.05 0.05
0 0.3908487524108003 0.1500291305046609 0.05 0.05
