0 0.22300347222222222 0.060565476190476156 0.05 0.05
0 0.22895585317460307 0.10553902116402109 0.05 0.05
0 0.31228918650793647 0.09495701058201055 0.05 0.05
0 0.36982886904761897 0.09231150793650791 0.05 0.05
0 0.1515749007936507 0.3806712962962962 0.05 0.05
0 0.19919394841269836 0.3595072751322751 0.05 0.05
0 0.4432415674603174 0.2060681216931216 0.05 0.05
0 0.45713045634920624 0.21665013227513227 0.05 0.05
0 0.5404637896825395 0.2060681216931216 0.05 0.05
0 0.5860987103174602 0.21400462962962952 0.05 0.05
0 0.6892733134920633 0.19548611111111108 0.05 0.05
0 0.732924107142857 0.1769675925925925 0.05 0.05
0 0.8222098214285711 0.1769675925925925 0.05 0.05
0 0.75078125 0.2907242063492063 0.05 0.05
0 0.7805431547619046 0.3436342592592593 0.05 0.05
0 0.8241939484126981 0.3700892857142856 0.05 0.05
0 0.7527653769841268 0.42564484126984115 0.05 0.05
0 0.5503844246031745 0.4785548941798941 0.05 0.05
0 0.5841145833333332 0.4812003968253967 0.05 0.05
0 0.5622891865079364 0.5208829365079364 0.05 0.05
0 0.5067336309523809 0.539401455026455 0.05 0.05
0 0.4015749007936507 0.5103009259259258 0.05 0.05
0 0.40752728174603164 0.5341104497354496 0.05 0.05
0 0.2527653769841269 0.7563326719576718 0.05 0.05
0 0.28649553571428565 0.7880787037037036 0.05 0.05
0 0.3460193452380952 0.8013062169312168 0.05 0.05
0 0.3916542658730158 0.7960152116402116 0.05 0.05
0 0.41943204365079356 0.7431051587301586 0.05 0.05
0 0.4610987103174602 0.7378141534391534 0.05 0.05
