0 0.6155353483606557 0.9716299019607845 0.05 0.05
0 0.7254678459498554 0.958772299903568 0.05 0.05
0 0.4053135547251688 0.7607652282224365 0.05 0.05
0 0.31852474083895854 0.7967665139826423 0.05 0.05
0 0.2751303338958534 0.765908269045323 0.05 0.05
0 0.23173592695274828 0.8674833252973321 0.05 0.05
0 0.16712647661523625 0.8301962793314047 0.05 0.05
0 0.013799572082931533 0.6669047332047574 0.05 0.05
0 0.08033766272902602 0.5486147942783671 0.05 0.05
0 0.38988443225650915 0.4971843860495018 0.05 0.05
0 0.4101351554966248 0.5344714320154292 0.05 0.05
0 0.4400290802796528 0.5743299983927999 0.05 0.05
0 0.4429220407425265 0.639903768884603 0.05 0.05
0 0.49981692984570875 0.5447575136612023 0.05 0.05
0 0.5952846251205399 0.5100419881067181 0.05 0.05
0 0.5489972577145612 0.46889766152362594 0.05 0.05
0 0.6705015971552555 0.19631649791063974 0.05 0.05
0 0.7187176048698167 0.19631649791063974 0.05 0.05
0 0.6705015971552555 0.13202848762455802 0.05 0.05
0 0.6444649529893924 0.11274208453873354 0.05 0.05
0 0.290559456364513 0.15260065091610417 0.05 0.05
0 0.2693444129701061 0.19631649791063974 0.05 0.05
0 0.25391529050144646 0.19760225811636142 0.05 0.05
0 0.22498568587270978 0.17574433461909358 0.05 0.05
0 0.26162985173577624 0.1577436917389908 0.05 0.05
0 0.22595000602700094 0.09216992124718738 0.05 0.05
0 0.2847735354387657 0.09216992124718738 0.05 0.05
0 0.3435970648505304 0.09859872227579558 0.05 0.05
0 0.30598857883317265 0.09216992124718738 0.05 0.05
0 0.44195772058823524 0.198888018322083 0.05 0.05
0 0.346490025313404 0.04073951301832217 0.05 0.05
0 0.3628834679363549 0.04331103342976542 0.05 0.05
