0 0.008938639635316692 0.5567038547664749 0.05 0.05
0 0.041568198176583505 0.8420525431861805 0.05 0.05
0 0.2027966050863724 0.44282029750479845 0.05 0.05
0 0.40913057821497123 0.5272732725527831 0.05 0.05
0 0.3956948776391555 0.5029610524632118 0.05 0.05
0 0.4235259716890596 0.47353047024952016 0.05 0.05
0 0.5022207893474089 0.5387895873320537 0.05 0.05
0 0.5415681981765836 0.524714091490723 0.05 0.05
0 0.5578829774472169 0.49912228087012156 0.05 0.05
0 0.5425278910748561 0.47225087971849006 0.05 0.05
0 0.585714071497121 0.5528650831733846 0.05 0.05
0 0.8976142634357005 0.7575995681381957 0.05 0.05
0 0.6884012116122842 0.23040826935380684 0.05 0.05
0 0.6471344169865644 0.20097768714011507 0.05 0.05
0 0.6020288507677545 0.18562260076775428 0.05 0.05
0 0.5818752999040309 0.11780430262316059 0.05 0.05
0 0.6039482365642994 0.10244921625079968 0.05 0.05
0 0.7018369121880998 0.20865523032629554 0.05 0.05
0 0.7306276991362765 0.10372880678182976 0.05 0.05
0 0.36018624040307107 0.15747160908509272 0.05 0.05
0 0.4446392154510558 0.20865523032629554 0.05 0.05
0 0.30452405230326296 0.09605126359564929 0.05 0.05
0 0.34291176823416514 0.1011696257197696 0.05 0.05
0 0.3525086972168906 0.08453494881637873 0.05 0.05
0 0.28437050143953935 0.13443897952655146 0.05 0.05
0 0.22582923464491364 0.19202055342290456 0.05 0.05
0 0.2152726127639156 0.10884716890595006 0.05 0.05
0 0.18552213291746647 0.1062879878438899 0.05 0.05
0 0.20951445537428026 0.05126559500959686 0.05 0.05
0 0.18456244001919392 0.05382477607165702 0.05 0.05
