0 0.19134069055944053 0.09282488344988356 0.05 0.05
0 0.20707495629370634 0.08058712121212111 0.05 0.05
0 0.1834735576923077 0.12079691142191133 0.05 0.05
0 0.21363090034965032 0.11380390442890445 0.05 0.05
0 0.2988581730769231 0.15051719114219111 0.05 0.05
0 0.3198371940559441 0.15051719114219111 0.05 0.05
0 0.44440013111888116 0.21869900932400935 0.05 0.05
0 0.605676354895105 0.1942234848484849 0.05 0.05
0 0.5938756555944057 0.17499271561771554 0.05 0.05
0 0.5964980332167833 0.23093677156177156 0.05 0.05
0 0.3971973339160839 0.5001675407925408 0.05 0.05
0 0.15856097027972027 0.582335372960373 0.05 0.05
0 0.4024420891608392 0.5298878205128206 0.05 0.05
0 0.5597847465034965 0.526391317016317 0.05 0.05
0 0.5742078234265735 0.4984192890442891 0.05 0.05
0 0.5519176136363637 0.4704472610722611 0.05 0.05
0 0.31328125 0.7571605477855479 0.05 0.05
0 0.3539281031468532 0.7781395687645688 0.05 0.05
0 0.3985085227272728 0.7711465617715618 0.05 0.05
0 0.4181763548951049 0.7449227855477856 0.05 0.05
0 0.44308894230769236 0.7833843240093241 0.05 0.05
0 0.5099595716783216 0.6784892191142191 0.05 0.05
0 0.6082987325174826 0.6959717365967367 0.05 0.05
0 0.709260270979021 0.610307400932401 0.05 0.05
0 0.5951868444055944 0.9267409673659674 0.05 0.05
0 0.6935260052447554 0.9267409673659674 0.05 0.05
0 0.772197333916084 0.8707969114219114 0.05 0.05
0 0.883648382867133 0.7781395687645688 0.05 0.05
0 0.9360959353146854 0.7816360722610723 0.05 0.05
