0 0.6194919418238993 0.2609997379454925 0.05 0.05
0 0.6603724449685536 0.27567479035639386 0.05 0.05
0 0.7075422562893083 0.2148781446540878 0.05 0.05
0 0.6509384827044027 0.10795990566037711 0.05 0.05
0 0.6682340801886795 0.09747772536687596 0.05 0.05
0 0.7106869103773586 0.26309617400419255 0.05 0.05
0 0.7374164701257864 0.2840605345911946 0.05 0.05
0 0.7625737028301888 0.22326388888888857 0.05 0.05
0 0.7877309355345913 0.2547104297693918 0.05 0.05
0 0.8349007468553461 0.25261399371069154 0.05 0.05
0 0.8789259040880506 0.2819640985324945 0.05 0.05
0 0.8883598663522015 0.277771226415094 0.05 0.05
0 0.18395735062893087 0.05135613207547133 0.05 0.05
0 0.21225923742138372 0.055549004192871836 0.05 0.05
0 0.23269948899371076 0.0765133647798739 0.05 0.05
0 0.27357999213836487 0.09118841719077532 0.05 0.05
0 0.28301395440251575 0.09957416142557622 0.05 0.05
0 0.35848565251572334 0.08489910901467468 0.05 0.05
0 0.2232655267295598 0.14569575471698085 0.05 0.05
0 0.2531397405660378 0.14569575471698085 0.05 0.05
0 0.17137873427672962 0.33856787211740014 0.05 0.05
0 0.2043976022012579 0.39307520964360554 0.05 0.05
0 0.17609571540880506 0.40565382599580685 0.05 0.05
0 0.10376867138364783 0.4182324423480081 0.05 0.05
0 0.13678753930817616 0.5146685010482178 0.05 0.05
0 0.2043976022012579 0.53563286163522 0.05 0.05
0 0.3238944575471699 0.41613600628930786 0.05 0.05
0 0.35219634433962277 0.43290749475890966 0.05 0.05
0 0.4575422562893083 0.625779612159329 0.05 0.05
0 0.2641460298742139 0.787205188679245 0.05 0.05
0 0.5062843946540883 0.9800773060796644 0.05 0.05
0 0.23269948899371076 0.05764544025157197 0.05 0.05
0 0.5424479166666668 0.4685469077568131 0.05 0.05
