0 0.19461866258741253 0.06310460372960378 0.05 0.05
0 0.3152480332167832 0.09457313519813511 0.05 0.05
0 0.33622705419580423 0.07883886946386945 0.05 0.05
0 0.34933894230769236 0.07883886946386945 0.05 0.05
0 0.2877130681818182 0.18023747086247088 0.05 0.05
0 0.44374453671328684 0.20296474358974356 0.05 0.05
0 0.45685642482517486 0.21869900932400935 0.05 0.05
0 0.3912969842657343 0.5089087995337995 0.05 0.05
0 0.40965362762237767 0.5368808275058276 0.05 0.05
0 0.46341236888111903 0.5386290792540792 0.05 0.05
0 0.5302829982517483 0.5386290792540792 0.05 0.05
0 0.5722410402097904 0.5281395687645688 0.05 0.05
0 0.5919088723776225 0.5036640442890443 0.05 0.05
0 0.5473284527972029 0.4704472610722611 0.05 0.05
0 0.6981151660839162 0.10331439393939389 0.05 0.05
0 0.7741641171328674 0.18023747086247088 0.05 0.05
0 0.8148109702797204 0.19597173659673656 0.05 0.05
0 0.8475906905594407 0.4424752331002331 0.05 0.05
0 0.7728529283216785 0.4494682400932401 0.05 0.05
0 0.19199628496503496 0.7012164918414919 0.05 0.05
0 0.20248579545454545 0.7728948135198136 0.05 0.05
