0 0.2732442521141649 0.0930078400281887 0.05 0.05
0 0.2875148652219873 0.08877951021846352 0.05 0.05
0 0.295442983615222 0.08455118040873835 0.05 0.05
0 0.33349795190274845 0.09089367512332605 0.05 0.05
0 0.344597317653277 0.076094520789288 0.05 0.05
0 0.18603494978858348 0.21562940451021836 0.05 0.05
0 0.2684873810782241 0.17123194150810406 0.05 0.05
0 0.2938573599365751 0.167003611698379 0.05 0.05
0 0.2748298757928119 0.19448775546159247 0.05 0.05
0 0.30178547832980973 0.19660192036645513 0.05 0.05
0 0.25738801532769556 0.2769401867512331 0.05 0.05
0 0.2938573599365751 0.27271185694150796 0.05 0.05
0 0.07979816331923888 0.448187544045102 0.05 0.05
0 0.37948103858350957 0.780111434108527 0.05 0.05
0 0.4444916094080339 0.6321198907681465 0.05 0.05
0 0.5507283958773785 0.47355752290345293 0.05 0.05
0 0.7917431950317125 0.5327541402396052 0.05 0.05
0 0.8329694106765329 0.5327541402396052 0.05 0.05
0 0.44132036205074004 0.207172744890768 0.05 0.05
0 0.45717659883720935 0.20928690979563053 0.05 0.05
0 0.46034784619450325 0.19660192036645513 0.05 0.05
0 0.5729271273784355 0.21140107470049305 0.05 0.05
0 0.7013626453488373 0.12683447850599 0.05 0.05
0 0.734660742600423 0.12894864341085252 0.05 0.05
