0 0.23043241279069768 0.1902594256518674 0.05 0.05
0 0.2510455206131078 0.18180276603241693 0.05 0.05
0 0.246288649577167 0.10357866455250159 0.05 0.05
0 0.2684873810782241 0.10780699436222677 0.05 0.05
0 0.27007300475687107 0.09089367512332605 0.05 0.05
0 0.2795867468287526 0.09089367512332605 0.05 0.05
0 0.2906861125792812 0.09089367512332605 0.05 0.05
0 0.33508357558139534 0.09089367512332605 0.05 0.05
0 0.35728230708245245 0.09512200493305123 0.05 0.05
0 0.4333922436575054 0.20083025017618017 0.05 0.05
0 0.45559097515856245 0.1923735905567298 0.05 0.05
0 0.2605592626849894 0.23888521846370664 0.05 0.05
0 0.27324425211416487 0.3149951550387596 0.05 0.05
0 0.2272611654334038 0.3107668252290343 0.05 0.05
0 0.2811723705073996 0.36362094785059884 0.05 0.05
0 0.16859308932346723 0.5264116455250175 0.05 0.05
0 0.03381507663847777 0.7906822586328399 0.05 0.05
0 0.12419562632135303 0.7864539288231147 0.05 0.05
0 0.18603494978858348 0.7357139711064129 0.05 0.05
0 0.6395233218816069 0.3741917723749117 0.05 0.05
0 0.5523140195560254 0.46932919309372784 0.05 0.05
0 0.6981913979915435 0.3847625968992247 0.05 0.05
0 0.7457601083509514 0.6215490662438335 0.05 0.05
0 0.8345550343551797 0.6004074171952077 0.05 0.05
0 0.6411089455602538 0.1331769732205777 0.05 0.05
0 0.6775782901691333 0.14374779774489058 0.05 0.05
