0 0.19724104020979016 0.03513257575757578 0.05 0.05
0 0.21559768356643358 0.03688082750582744 0.05 0.05
0 0.20117460664335668 0.059608100233100224 0.05 0.05
0 0.20248579545454545 0.08408362470862467 0.05 0.05
0 0.21428649475524475 0.09107663170163166 0.05 0.05
0 0.30869208916083923 0.08758012820512823 0.05 0.05
0 0.34147180944055944 0.07359411421911423 0.05 0.05
0 0.3506501311188811 0.07883886946386945 0.05 0.05
0 0.35196131993006996 0.18198572261072254 0.05 0.05
0 0.28902425699300704 0.18723047785547778 0.05 0.05
0 0.3047585227272727 0.24492278554778554 0.05 0.05
0 0.4398109702797203 0.213454254079254 0.05 0.05
0 0.455545236013986 0.21520250582750577 0.05 0.05
0 0.20510817307692308 0.353314393939394 0.05 0.05
0 0.2732899912587413 0.367300407925408 0.05 0.05
0 0.05301027097902096 0.6942234848484848 0.05 0.05
0 0.3060697115384615 0.7798878205128206 0.05 0.05
0 0.3218039772727273 0.8008668414918415 0.05 0.05
0 0.4201431381118882 0.7746430652680654 0.05 0.05
0 0.4450557255244755 0.7431745337995339 0.05 0.05
0 0.476524256993007 0.7833843240093241 0.05 0.05
0 0.35589488636363636 0.5176500582750584 0.05 0.05
0 0.41227600524475533 0.533384324009324 0.05 0.05
0 0.47783544580419585 0.533384324009324 0.05 0.05
0 0.532905375874126 0.533384324009324 0.05 0.05
0 0.5683074737762238 0.5228948135198136 0.05 0.05
0 0.5853529283216783 0.5036640442890443 0.05 0.05
0 0.546017263986014 0.4739437645687646 0.05 0.05
0 0.5565067744755245 0.6452724358974359 0.05 0.05
0 0.629933347902098 0.22394376456876455 0.05 0.05
0 0.6902480332167833 0.15401369463869466 0.05 0.05
0 0.7072934877622379 0.12604166666666666 0.05 0.05
0 0.7597410402097904 0.19072698135198132 0.05 0.05
0 0.7767864947552449 0.18897872960372955 0.05 0.05
0 0.7662969842657343 0.2501675407925408 0.05 0.05
0 0.7335172639860141 0.3550626456876457 0.05 0.05
