0 0.37564980941114606 0.044679942166141254 0.05 0.05
0 0.3556708399053627 0.09795719418156364 0.05 0.05
0 0.37354675998948467 0.09375109533824073 0.05 0.05
0 0.2936308819663511 0.09234906239046646 0.05 0.05
0 0.27890953601472124 0.10076126007711217 0.05 0.05
0 0.21792110278654042 0.06991653522607813 0.05 0.05
0 0.19373603443743423 0.16104867683140586 0.05 0.05
0 0.2505183688222923 0.21432592884682813 0.05 0.05
0 0.3251766232912722 0.2409645548545394 0.05 0.05
0 0.36618608701366967 0.249376752541185 0.05 0.05
0 0.42086537197686635 0.25778895022783066 0.05 0.05
0 0.33148577155625647 0.3615393883631268 0.05 0.05
0 0.27680648659305984 0.3363027953031898 0.05 0.05
0 0.04231647607781287 0.5059487819838768 0.05 0.05
0 0.04757409963196639 0.47089795828951997 0.05 0.05
0 0.14746894716088327 0.7274699877322118 0.05 0.05
0 0.40614402602523647 0.5241752103049424 0.05 0.05
0 0.3977318283385908 0.5059487819838768 0.05 0.05
0 0.41665927313354356 0.48491828776726276 0.05 0.05
0 0.5039358241324919 0.5353914738871366 0.05 0.05
0 0.5512544361198736 0.5199691114616196 0.05 0.05
0 0.5617696832281807 0.4947325184016827 0.05 0.05
0 0.5470483372765508 0.4765060900806172 0.05 0.05
0 0.8467328798633016 0.6139053189624959 0.05 0.05
0 0.7415804087802311 0.2157279617946024 0.05 0.05
0 0.7394773593585697 0.19049136873466566 0.05 0.05
0 0.6984678956361722 0.16665680862250293 0.05 0.05
0 0.6532523330704519 0.13861614966701755 0.05 0.05
0 0.7720746253943214 0.18488323694356848 0.05 0.05
0 0.7867959713459514 0.14562631440588886 0.05 0.05
0 0.2641881900630914 0.09655516123378938 0.05 0.05
