0 0.10348134643201543 0.6141885647701705 0.05 0.05
0 0.15459031460945033 0.6090455239472838 0.05 0.05
0 0.007049331002892956 0.6064740035358406 0.05 0.05
0 0.0031920503857280624 0.7054775393764063 0.05 0.05
0 0.8074350590646094 0.8109098762455802 0.05 0.05
0 0.5046385306171649 0.5396144728383158 0.05 0.05
0 0.40242059426229504 0.531899911603986 0.05 0.05
0 0.39567035318225646 0.4971843860495018 0.05 0.05
0 0.41784971673095467 0.4740407023465124 0.05 0.05
0 0.3272036222275796 0.475326462552234 0.05 0.05
0 0.24909368972999033 0.4560400594664095 0.05 0.05
0 0.1642335161523626 0.4766122227579557 0.05 0.05
0 0.18448423939247832 0.31460643683702993 0.05 0.05
0 0.27705897420443587 0.37760868691738997 0.05 0.05
0 0.3310609028447445 0.3750371665059467 0.05 0.05
0 0.320453381147541 0.1911734570877532 0.05 0.05
0 0.36963370901639336 0.1873161764705883 0.05 0.05
0 0.4487079616682738 0.21303138058502094 0.05 0.05
0 0.27127305327868856 0.16031521215043393 0.05 0.05
0 0.21341384402121505 0.17060129379620706 0.05 0.05
0 0.20569928278688526 0.1461718498874961 0.05 0.05
0 0.2847735354387657 0.09602720186435233 0.05 0.05
0 0.31177449975891997 0.09731296207007402 0.05 0.05
0 0.34166842454194796 0.09859872227579558 0.05 0.05
0 0.2587368912729026 0.04202527322404374 0.05 0.05
0 0.2211284052555448 0.04073951301832217 0.05 0.05
0 0.663751356075217 0.37889444712311166 0.05 0.05
0 0.7206462451783991 0.38789476856316296 0.05 0.05
0 0.7727195335101253 0.4187530135004823 0.05 0.05
0 0.8431149047733847 0.41232421247187406 0.05 0.05
0 0.8276857823047251 0.286319712311154 0.05 0.05
0 0.8026134582931533 0.22331746223079396 0.05 0.05
0 0.7717552133558341 0.22203170202507228 0.05 0.05
0 0.7254678459498554 0.27217635004821605 0.05 0.05
