0 0.20445257867132866 0.07883886946386956 0.05 0.05
0 0.2306763548951049 0.07883886946386945 0.05 0.05
0 0.30803649475524475 0.08932837995337989 0.05 0.05
0 0.21494208916083918 0.22394376456876455 0.05 0.05
0 0.22805397727272725 0.2344332750582751 0.05 0.05
0 0.2778791520979021 0.2501675407925408 0.05 0.05
0 0.3027917395104895 0.21520250582750577 0.05 0.05
0 0.34343859265734267 0.21869900932400935 0.05 0.05
0 0.4535784527972028 0.20296474358974356 0.05 0.05
0 0.21231971153846158 0.3900276806526807 0.05 0.05
0 0.25558894230769236 0.4040136946386947 0.05 0.05
0 0.21100852272727275 0.5788388694638694 0.05 0.05
0 0.2752567744755245 0.7589087995337995 0.05 0.05
0 0.3027917395104895 0.8061115967365968 0.05 0.05
0 0.34999453671328673 0.7833843240093241 0.05 0.05
0 0.41948754370629376 0.8131046037296038 0.05 0.05
0 0.42342111013986017 0.7589087995337995 0.05 0.05
0 0.424732298951049 0.7274402680652681 0.05 0.05
0 0.39064138986013985 0.5089087995337995 0.05 0.05
0 0.4063756555944056 0.5368808275058276 0.05 0.05
0 0.5676518793706294 0.5211465617715618 0.05 0.05
0 0.5846973339160839 0.5036640442890443 0.05 0.05
0 0.5545399912587412 0.4721955128205128 0.05 0.05
0 0.5742078234265735 0.6522654428904429 0.05 0.05
0 0.5270050262237762 0.8742934149184151 0.05 0.05
0 0.917739291958042 0.5438738344988345 0.05 0.05
0 0.9098721590909091 0.5159018065268065 0.05 0.05
0 0.6659910402097903 0.3096081002331002 0.05 0.05
0 0.6948371940559441 0.1784892191142191 0.05 0.05
