0 0.21815169145873323 0.04358805182341641 0.05 0.05
0 0.22199046305182346 0.12292266474728078 0.05 0.05
0 0.22390984884836856 0.16770833333333332 0.05 0.05
0 0.20183691218809985 0.3199796065259117 0.05 0.05
0 0.023334033109404996 0.7755138355726168 0.05 0.05
0 0.29492712332053744 0.813901551503519 0.05 0.05
0 0.49934171065259125 0.5464671305182341 0.05 0.05
0 0.41296934980806144 0.5323916346769034 0.05 0.05
0 0.3966545705374281 0.5004018714011517 0.05 0.05
0 0.4148887356046066 0.4824876039667307 0.05 0.05
0 0.5511651271593091 0.5131977767114523 0.05 0.05
0 0.5607620561420347 0.4952835092770313 0.05 0.05
0 0.5329309620921305 0.4658529270633397 0.05 0.05
0 0.7191113843570058 0.14595529430582205 0.05 0.05
0 0.4455989083493283 0.20865523032629554 0.05 0.05
0 0.3006852807101728 0.09349208253358915 0.05 0.05
0 0.34003268953934745 0.09349208253358915 0.05 0.05
0 0.35442808301343576 0.0806961772232885 0.05 0.05
0 0.36402501199616133 0.04102887076135626 0.05 0.05
