0 0.27092013888888894 0.09641203703703714 0.05 0.05
0 0.28342013888888884 0.09456018518518512 0.05 0.05
0 0.35425347222222225 0.08715277777777773 0.05 0.05
0 0.22230902777777778 0.11122685185185179 0.05 0.05
0 0.21675347222222224 0.17789351851851845 0.05 0.05
0 0.6042534722222223 0.16863425925925918 0.05 0.05
0 0.60703125 0.23159722222222215 0.05 0.05
0 0.7598090277777777 0.37789351851851843 0.05 0.05
0 0.808420138888889 0.7167824074074074 0.05 0.05
0 0.8848090277777777 0.7445601851851851 0.05 0.05
0 0.40564236111111107 0.4667824074074074 0.05 0.05
0 0.5500868055555556 0.46493055555555546 0.05 0.05
0 0.12092013888888889 0.5038194444444444 0.05 0.05
0 0.005642361111111116 0.7538194444444444 0.05 0.05
0 0.19869791666666664 0.7445601851851851 0.05 0.05
0 0.28203125 0.7445601851851851 0.05 0.05
