0 0.18603494978858348 0.0528387068357997 0.05 0.05
0 0.23360366014799155 0.06340953136011258 0.05 0.05
0 0.27007300475687107 0.08877951021846352 0.05 0.05
0 0.2795867468287526 0.09089367512332605 0.05 0.05
0 0.295442983615222 0.09089367512332605 0.05 0.05
0 0.33984044661733626 0.08455118040873835 0.05 0.05
0 0.36203917811839326 0.09512200493305123 0.05 0.05
0 0.27165862843551797 0.13106280831571507 0.05 0.05
0 0.3144704677589852 0.1226061486962647 0.05 0.05
0 0.2684873810782241 0.19660192036645513 0.05 0.05
0 0.30019985465116283 0.22831439393939376 0.05 0.05
0 0.45717659883720935 0.19660192036645513 0.05 0.05
0 0.6696501717758986 0.09089367512332605 0.05 0.05
0 0.5475571485200846 0.47144335799859044 0.05 0.05
0 0.2780011231501057 0.7885680937279774 0.05 0.05
0 0.7140476347780128 0.5856082628611697 0.05 0.05
0 0.8155275502114167 0.5856082628611697 0.05 0.05
0 0.8678531316067655 0.6828598484848484 0.05 0.05
0 0.8218700449260042 0.7145723220577871 0.05 0.05
