0 0.3083209325396825 0.08966600529100527 0.05 0.05
0 0.361892361111111 0.04998346560846561 0.05 0.05
0 0.38173363095238083 0.04733796296296286 0.05 0.05
0 0.4015749007936507 0.2325231481481481 0.05 0.05
0 0.43927331349206333 0.20871362433862425 0.05 0.05
0 0.45514632936507926 0.20871362433862425 0.05 0.05
0 0.367844742063492 0.23516865079365074 0.05 0.05
0 0.3261780753968253 0.22987764550264547 0.05 0.05
0 0.28847966269841263 0.22987764550264547 0.05 0.05
0 0.19522569444444435 0.22987764550264547 0.05 0.05
0 0.28252728174603164 0.32776124338624335 0.05 0.05
0 0.22895585317460307 0.33040674603174597 0.05 0.05
0 0.242844742063492 0.367443783068783 0.05 0.05
0 0.1416542658730158 0.39125330687830673 0.05 0.05
0 0.09800347222222217 0.3938988095238095 0.05 0.05
0 0.022606646825396794 0.5632109788359788 0.05 0.05
0 0.12578124999999993 0.5632109788359788 0.05 0.05
0 0.19324156746031737 0.568501984126984 0.05 0.05
0 0.23093998015873005 0.5923115079365079 0.05 0.05
0 0.2170510912698412 0.4785548941798941 0.05 0.05
0 0.3936383928571428 0.5076554232804232 0.05 0.05
0 0.40554315476190467 0.5182374338624337 0.05 0.05
0 0.5503844246031745 0.5182374338624337 0.05 0.05
0 0.5741939484126982 0.49971891534391527 0.05 0.05
0 0.5424479166666665 0.4679728835978835 0.05 0.05
0 0.4095114087301586 0.7378141534391534 0.05 0.05
0 0.3539558531746031 0.7801421957671957 0.05 0.05
0 0.3440352182539682 0.8065972222222222 0.05 0.05
0 0.3162574404761904 0.7563326719576718 0.05 0.05
0 0.3103050595238095 0.8065972222222222 0.05 0.05
0 0.73093998015873 0.6425760582010581 0.05 0.05
0 0.7845114087301586 0.6610945767195767 0.05 0.05
0 0.8757812499999996 0.6002480158730158 0.05 0.05
0 0.8857018849206346 0.49178240740740736 0.05 0.05
0 0.8063368055555553 0.2325231481481481 0.05 0.05
0 0.7666542658730158 0.22723214285714283 0.05 0.05
0 0.6357018849206348 0.12405753968253966 0.05 0.05
0 0.5503844246031745 0.2060681216931216 0.05 0.05
