0 0.21534248432979747 0.10117024268723883 0.05 0.05
0 0.22787864633558338 0.33775012054001935 0.05 0.05
0 0.25391529050144646 0.29017699292831883 0.05 0.05
0 0.290559456364513 0.16674401317904214 0.05 0.05
0 0.329132262536162 0.16417249276759888 0.05 0.05
0 0.3561332268563163 0.13202848762455802 0.05 0.05
0 0.3368468237704918 0.10117024268723883 0.05 0.05
0 0.30984585945033755 0.09474144165863076 0.05 0.05
0 0.4400290802796528 0.20917409996785613 0.05 0.05
0 0.6020348662005786 0.18860193667630984 0.05 0.05
0 0.5962489452748312 0.16931553359048537 0.05 0.05
0 0.6155353483606557 0.17188705400192864 0.05 0.05
0 0.7138960040983606 0.28374819189971073 0.05 0.05
0 0.7148603242526519 0.38018020732883323 0.05 0.05
0 0.698466881629701 0.13717152844744465 0.05 0.05
0 0.7408969684185149 0.14102880906460946 0.05 0.05
0 0.5056028507714562 0.5331856718097076 0.05 0.05
0 0.4458150012054002 0.5846160800385729 0.05 0.05
0 0.4429220407425265 0.6309034474445517 0.05 0.05
0 0.40917083534233367 0.5331856718097076 0.05 0.05
0 0.3889201121022179 0.49204134522661536 0.05 0.05
0 0.3657764283992285 0.7916234731597558 0.05 0.05
0 0.2924880966730955 0.7851946721311476 0.05 0.05
0 0.32527498191899706 0.7479076261652202 0.05 0.05
0 0.6087851072806172 0.6887626567020251 0.05 0.05
0 0.6849663994696239 0.6874768964963035 0.05 0.05
0 0.7997204978302797 0.6939056975249116 0.05 0.05
0 0.5432113367888138 0.46761190131790425 0.05 0.05
0 0.6647156762295082 0.19760225811636142 0.05 0.05
