0 0.025492080704521615 0.4905264195583598 0.05 0.05
0 0.102253384595163 0.48071218892393996 0.05 0.05
0 0.2641881900630914 0.35172515772870694 0.05 0.05
0 0.26523971477392216 0.23816048895899086 0.05 0.05
0 0.19163298501577283 0.25358285138450776 0.05 0.05
0 0.18111773790746583 0.14983241324921165 0.05 0.05
0 0.22212720162986327 0.11337955660708067 0.05 0.05
0 0.2273848251840168 0.0629063704872068 0.05 0.05
0 0.24420922055730804 0.135812083771469 0.05 0.05
0 0.26629123948475286 0.11057549071153201 0.05 0.05
0 0.2831156348580441 0.09795719418156364 0.05 0.05
0 0.3157129008937959 0.09655516123378938 0.05 0.05
0 0.33148577155625647 0.09795719418156364 0.05 0.05
0 0.3567223646161934 0.1119775236593064 0.05 0.05
0 0.3630315128811776 0.23675845601121662 0.05 0.05
0 0.3872165812302838 0.20731576410795682 0.05 0.05
0 0.44610196503680327 0.21011983000350534 0.05 0.05
0 0.400886402471083 0.4989386172450055 0.05 0.05
0 0.40929860015772856 0.5297833420960394 0.05 0.05
0 0.41771079784437426 0.486320320715037 0.05 0.05
0 0.5081419229758148 0.5311853750438137 0.05 0.05
0 0.542842238433228 0.5297833420960394 0.05 0.05
0 0.5638727326498421 0.496134551349457 0.05 0.05
0 0.5491513866982122 0.47089795828951997 0.05 0.05
0 0.45766873685594095 0.7008313617245007 0.05 0.05
0 0.45872026156677165 0.6727907027690153 0.05 0.05
0 0.9203396096214508 0.6980272958289522 0.05 0.05
0 0.684798074395373 0.28582960918331607 0.05 0.05
0 0.6753343519978967 0.09655516123378938 0.05 0.05
0 0.7194983898527862 0.12880191903259758 0.05 0.05
0 0.7331682110935854 0.12038972134595198 0.05 0.05
0 0.5722849303364878 0.11337955660708067 0.05 0.05
