0 0.2336645672613308 0.05102559466409519 0.05 0.05
0 0.2269143261812922 0.03816799260687891 0.05 0.05
0 0.2085922432497589 0.11017056412729029 0.05 0.05
0 0.2269143261812922 0.11659936515589849 0.05 0.05
0 0.28573785559305687 0.09731296207007402 0.05 0.05
0 0.3127388199132112 0.09474144165863076 0.05 0.05
0 0.3503473059305689 0.09859872227579558 0.05 0.05
0 0.27802329435872714 0.19374497749919636 0.05 0.05
0 0.29634537729026034 0.19374497749919636 0.05 0.05
0 0.20666360294117644 0.18860193667630984 0.05 0.05
0 0.2211284052555448 0.24903266634522664 0.05 0.05
0 0.290559456364513 0.28889123272259726 0.05 0.05
0 0.3175604206846673 0.286319712311154 0.05 0.05
0 0.2269143261812922 0.5010416666666667 0.05 0.05
0 0.17869831846673095 0.4817552635808422 0.05 0.05
0 0.38988443225650915 0.5087562279009965 0.05 0.05
0 0.4130281159594985 0.528042630986821 0.05 0.05
0 0.45352956243972997 0.5833303198328512 0.05 0.05
0 0.4467793213596914 0.6437610495017679 0.05 0.05
0 0.4139924361137898 0.7530506669881069 0.05 0.05
0 0.329132262536162 0.7929092333654775 0.05 0.05
0 0.29152377651880423 0.7646225088396015 0.05 0.05
0 0.50078125 0.542185993249759 0.05 0.05
0 0.5952846251205399 0.5048989472838316 0.05 0.05
0 0.7727195335101253 0.4727549421407907 0.05 0.05
0 0.5547831786403086 0.465040380906461 0.05 0.05
0 0.7245035257955641 0.2914627531340405 0.05 0.05
0 0.78429137536162 0.29532003375120547 0.05 0.05
0 0.7254678459498554 0.16931553359048537 0.05 0.05
0 0.7418612885728061 0.17317281420765032 0.05 0.05
0 0.6300001506750241 0.1513148907103826 0.05 0.05
0 0.599141905737705 0.15645793153326912 0.05 0.05
0 0.4458150012054002 0.2040310591449695 0.05 0.05
