0 0.1727055402208202 0.8017777339642483 0.05 0.05
0 0.45346263801261816 0.640543944970207 0.05 0.05
0 0.40824707544689787 0.5311853750438137 0.05 0.05
0 0.3987833530494215 0.5073508149316511 0.05 0.05
0 0.41350469900105136 0.4779081230283914 0.05 0.05
0 0.2505183688222923 0.2704072467577992 0.05 0.05
0 0.2063543309674027 0.06571043638275534 0.05 0.05
0 0.26629123948475286 0.09655516123378938 0.05 0.05
0 0.28732173370136693 0.09515312828601499 0.05 0.05
0 0.30099155494216606 0.10076126007711217 0.05 0.05
0 0.3178159503154573 0.10076126007711217 0.05 0.05
0 0.3630315128811776 0.09234906239046646 0.05 0.05
0 0.37670133412197676 0.08954499649491794 0.05 0.05
0 0.6259126905888536 0.18488323694356848 0.05 0.05
0 0.6658706296004204 0.16525477567472865 0.05 0.05
0 0.6995194203470029 0.17647103925692278 0.05 0.05
0 0.7331682110935854 0.18908933578689138 0.05 0.05
0 0.7279105875394319 0.14282224851034034 0.05 0.05
0 0.7552502300210302 0.14702834735366313 0.05 0.05
0 0.7037255191903257 0.5157630126182968 0.05 0.05
0 0.7678685265509986 0.5143609796705225 0.05 0.05
0 0.8730209976340693 0.4751040571328429 0.05 0.05
0 0.8993091154048368 0.4947325184016827 0.05 0.05
0 0.5491513866982122 0.4765060900806172 0.05 0.05
0 0.5628212079390114 0.4989386172450055 0.05 0.05
0 0.5449452878548894 0.5241752103049424 0.05 0.05
0 0.49972972528916915 0.5325874079915881 0.05 0.05
0 0.45766873685594095 0.2129238958990539 0.05 0.05
