0 0.19478755914826493 0.1035653259726607 0.05 0.05
0 0.21161195452155623 0.08674093059936941 0.05 0.05
0 0.21792110278654042 0.06150433753943254 0.05 0.05
0 0.26523971477392216 0.10076126007711217 0.05 0.05
0 0.27365191246056775 0.09375109533824073 0.05 0.05
0 0.2810125854363827 0.09234906239046646 0.05 0.05
0 0.3136098514721345 0.09234906239046646 0.05 0.05
0 0.32097052444794943 0.09234906239046646 0.05 0.05
0 0.3609284634595162 0.08954499649491794 0.05 0.05
0 0.37144371056782327 0.08674093059936941 0.05 0.05
0 0.5133995465299683 0.5409996056782337 0.05 0.05
0 0.5502029114090429 0.5283813091482652 0.05 0.05
0 0.5764910291798105 0.5073508149316511 0.05 0.05
0 0.5480998619873815 0.4624857606028744 0.05 0.05
0 0.40614402602523647 0.5227731773571681 0.05 0.05
0 0.4040409766035751 0.49333048545390845 0.05 0.05
0 0.41245317429022066 0.4751040571328429 0.05 0.05
0 0.45030806388012606 0.6854089992989837 0.05 0.05
0 0.4723900828075708 0.7190577900455662 0.05 0.05
0 0.6343248882754993 0.15403851209253455 0.05 0.05
0 0.6753343519978967 0.1834812039957942 0.05 0.05
0 0.5806971280231333 0.10496735892043496 0.05 0.05
0 0.5554605349631965 0.10076126007711217 0.05 0.05
