0 0.2153645833333334 0.05752314814814821 0.05 0.05
0 0.19869791666666664 0.08900462962962953 0.05 0.05
0 0.2764756944444445 0.09456018518518512 0.05 0.05
0 0.32647569444444446 0.07604166666666666 0.05 0.05
0 0.36397569444444444 0.09085648148148143 0.05 0.05
0 0.2889756944444445 0.2704861111111111 0.05 0.05
0 0.24730902777777777 0.2390046296296295 0.05 0.05
0 0.7375868055555556 0.11493055555555548 0.05 0.05
0 0.25147569444444445 0.5315972222222222 0.05 0.05
0 0.5500868055555556 0.47048611111111105 0.05 0.05
0 0.5028645833333333 0.8797453703703703 0.05 0.05
0 0.5764756944444445 0.8704861111111111 0.05 0.05
0 0.28342013888888884 0.7297453703703702 0.05 0.05
0 0.19175347222222222 0.7315972222222221 0.05 0.05
0 0.2986979166666667 0.8778935185185185 0.05 0.05
0 0.8424831527484145 0.167003611698379 0.05 0.05
0 0.43814911469344614 0.16066111698379118 0.05 0.05
