0 0.05308451295585411 0.578456893793986 0.05 0.05
0 0.195119061900192 0.3263775591810621 0.05 0.05
0 0.22774862044145877 0.32765714971209214 0.05 0.05
0 0.25270063579654517 0.4005938099808061 0.05 0.05
0 0.3112419025911709 0.36860404670505437 0.05 0.05
0 0.3227582173704415 0.41083053422904664 0.05 0.05
0 0.3976142634357006 0.5042406429942419 0.05 0.05
0 0.4158484285028791 0.48376719449776073 0.05 0.05
0 0.4024127279270634 0.5272732725527831 0.05 0.05
0 0.49742232485604615 0.5362304062699936 0.05 0.05
0 0.5473263555662189 0.5349508157389635 0.05 0.05
0 0.5617217490403072 0.5004018714011517 0.05 0.05
0 0.5434875839731287 0.4812080134357006 0.05 0.05
0 0.5108580254318619 0.38012036148432504 0.05 0.05
0 0.36210562619961617 0.8100627799104286 0.05 0.05
0 0.7651766434740884 0.5298324536148432 0.05 0.05
0 0.6826430542226488 0.199698096609085 0.05 0.05
0 0.6336987164107486 0.19585932501599476 0.05 0.05
0 0.4484779870441459 0.20993482085732562 0.05 0.05
0 0.43408259357005763 0.20993482085732562 0.05 0.05
0 0.3908964131477927 0.2048164587332053 0.05 0.05
0 0.34387146113243766 0.16642874280230327 0.05 0.05
0 0.34291176823416514 0.14723488483685213 0.05 0.05
0 0.31412098128598853 0.16258997120921304 0.05 0.05
0 0.3112419025911709 0.20737563979526547 0.05 0.05
0 0.2622975647792707 0.18178382917466404 0.05 0.05
0 0.27669295825335893 0.15619201855406264 0.05 0.05
0 0.2469424784069098 0.14595529430582205 0.05 0.05
0 0.21815169145873323 0.15107365642994233 0.05 0.05
0 0.18744151871401155 0.15491242802303257 0.05 0.05
0 0.17880428262955855 0.057663547664747246 0.05 0.05
0 0.2027966050863724 0.055104366602687097 0.05 0.05
0 0.2690154150671785 0.09861044465770945 0.05 0.05
0 0.28916896593090213 0.09093290147152899 0.05 0.05
0 0.28916896593090213 0.0755778150991682 0.05 0.05
0 0.36498470489443385 0.08453494881637873 0.05 0.05
0 0.33811330374280235 0.04102887076135626 0.05 0.05
