0 0.37578125 0.18133516771488456 0.05 0.05
0 0.3380454009433963 0.198106656184486 0.05 0.05
0 0.3160328223270441 0.22326388888888857 0.05 0.05
0 0.28301395440251575 0.22955319706498922 0.05 0.05
0 0.2594290487421384 0.2505175576519913 0.05 0.05
0 0.22641018081761013 0.2253603249475888 0.05 0.05
0 0.27515231918239 0.08699554507337494 0.05 0.05
0 0.28458628144654097 0.09957416142557622 0.05 0.05
0 0.36005797955974855 0.08489910901467468 0.05 0.05
0 0.5864730738993712 0.15198506289308136 0.05 0.05
0 0.5676051493710693 0.15617793501048188 0.05 0.05
0 0.7877309355345913 0.33437499999999976 0.05 0.05
0 0.8427623820754719 0.3448571802935008 0.05 0.05
0 0.6698064072327046 0.5314399895178195 0.05 0.05
0 0.5455925707547171 0.466450471698113 0.05 0.05
0 0.38993219339622653 0.4412932389937104 0.05 0.05
0 0.20754225628930825 0.36582154088050295 0.05 0.05
0 0.2688630110062894 0.4978970125786161 0.05 0.05
0 0.05974351415094342 0.4832219601677147 0.05 0.05
0 0.011001375786163526 0.5838508909853247 0.05 0.05
0 0.194963639937107 0.7389871593291403 0.05 0.05
0 0.22798250786163526 0.8354232180293499 0.05 0.05
0 0.2798693003144655 0.7494693396226413 0.05 0.05
