0 0.493081044661191 0.6926912217659138 0.05 0.05
0 0.4448264245379877 0.5202066221765914 0.05 0.05
0 0.3945184163244354 0.4928281143052704 0.05 0.05
0 0.40375866273100625 0.4791388603696099 0.05 0.05
0 0.5156683136550309 0.535264801505818 0.05 0.05
0 0.5454424409650925 0.47092530800821364 0.05 0.05
0 0.4520132828542095 0.9555248973305956 0.05 0.05
0 0.8205964450718687 0.8802340006844628 0.05 0.05
0 0.899651886550308 0.829583761122519 0.05 0.05
0 0.5988305313141684 0.27106220054757013 0.05 0.05
0 0.6573520918891171 0.24779046885694728 0.05 0.05
0 0.6922596894250514 0.24231476728268314 0.05 0.05
0 0.7518079440451746 0.2299944387405887 0.05 0.05
0 0.8041693403490762 0.22314981177275836 0.05 0.05
0 0.7169003465092404 0.10268437713894585 0.05 0.05
0 0.7107401822381931 0.09173297399041758 0.05 0.05
0 0.5516026052361397 0.18892667693360715 0.05 0.05
0 0.45406667094455855 0.20261593086926766 0.05 0.05
0 0.43661287217659145 0.20535378165639978 0.05 0.05
0 0.4212124614989734 0.1944023785078713 0.05 0.05
0 0.3914383341889118 0.19850915468856947 0.05 0.05
0 0.27336851899383985 0.2546350958247776 0.05 0.05
0 0.2846621534907598 0.2929650068446269 0.05 0.05
0 0.32264983316221774 0.29980963381245723 0.05 0.05
0 0.195339771560575 0.36688697809719373 0.05 0.05
0 0.21587365246406573 0.18208204996577682 0.05 0.05
0 0.2056067120123204 0.10679115331964403 0.05 0.05
0 0.26823504876796717 0.09857760095824777 0.05 0.05
0 0.2867155415811089 0.09720867556468171 0.05 0.05
0 0.36474428901437383 0.08078157084188907 0.05 0.05
