0 0.24716504942140788 0.7736228302796528 0.05 0.05
0 0.31177449975891997 0.7646225088396015 0.05 0.05
0 0.4409934004339441 0.7093348199935713 0.05 0.05
0 0.4458150012054002 0.654047131147541 0.05 0.05
0 0.4101351554966248 0.528042630986821 0.05 0.05
0 0.39759899349083894 0.5048989472838316 0.05 0.05
0 0.5056028507714562 0.5344714320154292 0.05 0.05
0 0.5981775855834137 0.5151850289296046 0.05 0.05
0 0.5461042972516875 0.4740407023465124 0.05 0.05
0 0.5248892538572806 0.962629580520733 0.05 0.05
0 0.599141905737705 0.9883447846351655 0.05 0.05
0 0.8489008256991321 0.5074704676952748 0.05 0.05
0 0.7785054544358727 0.30689187560270015 0.05 0.05
0 0.7138960040983606 0.3030345949855352 0.05 0.05
0 0.32141770130183217 0.3171779572484732 0.05 0.05
0 0.27802329435872714 0.2850339521054323 0.05 0.05
0 0.2085922432497589 0.3056061153969786 0.05 0.05
0 0.45352956243972997 0.20917409996785613 0.05 0.05
0 0.6001062258919961 0.16545825297332056 0.05 0.05
0 0.6512151940694311 0.1513148907103826 0.05 0.05
0 0.6319287909836065 0.10631328351012546 0.05 0.05
0 0.7640406521215043 0.1448860896817744 0.05 0.05
0 0.754397450578592 0.13202848762455802 0.05 0.05
0 0.2568082509643202 0.09602720186435233 0.05 0.05
0 0.2336645672613308 0.09731296207007402 0.05 0.05
0 0.1950917610896818 0.1088848039215686 0.05 0.05
0 0.18930584016393442 0.13974304885888789 0.05 0.05
0 0.30598857883317265 0.08959840083574425 0.05 0.05
0 0.2828448951301832 0.09088416104146582 0.05 0.05
0 0.3484186656219864 0.09345568145290907 0.05 0.05
