0 0.2152232631291028 0.10935676513493793 0.05 0.05
0 0.1922473331509847 0.13999133843909536 0.05 0.05
0 0.2250700902625821 0.16624954412837323 0.05 0.05
0 0.23491691739606124 0.21876595550692918 0.05 0.05
0 0.20045302242888402 0.2056368526622901 0.05 0.05
0 0.31040925875273523 0.22970687454412822 0.05 0.05
0 0.3317440508752735 0.18594319839533177 0.05 0.05
0 0.3678490836980306 0.2012604850474105 0.05 0.05
0 0.4499059764770242 0.2056368526622901 0.05 0.05
0 0.30876812089715544 0.09622766229029894 0.05 0.05
0 0.3432320158643326 0.10060402990517853 0.05 0.05
0 0.6140197620350111 0.16843772793581308 0.05 0.05
0 0.5877615563457331 0.1925077498176512 0.05 0.05
0 0.6238665891684902 0.19907230123997063 0.05 0.05
0 0.6599716219912474 0.19031956601021136 0.05 0.05
0 0.7092057576586435 0.1443677060539751 0.05 0.05
0 0.7371051012035011 0.13780315463165552 0.05 0.05
0 0.5401685585339169 0.470407093362509 0.05 0.05
0 0.5073458014223196 0.5382407913931435 0.05 0.05
0 0.45318825218818387 0.58419265134938 0.05 0.05
0 0.45154711433260397 0.6388972465353755 0.05 0.05
0 0.4072363922319475 0.5469935266229029 0.05 0.05
0 0.39738956509846834 0.5054180342815463 0.05 0.05
0 0.7371051012035011 0.571063548504741 0.05 0.05
0 0.8125974425601752 0.533864423778264 0.05 0.05
0 0.9750700902625823 0.7876937454412837 0.05 0.05
0 0.8979366110503284 0.809575583515682 0.05 0.05
0 0.28415105306345734 0.7942582968636033 0.05 0.05
0 0.30876812089715544 0.759247355944566 0.05 0.05
0 0.3662079458424508 0.8008228482859228 0.05 0.05
0 0.018286720459518537 0.5820044675419401 0.05 0.05
0 0.1430131974835886 0.5163589533187455 0.05 0.05
0 0.1922473331509847 0.5163589533187455 0.05 0.05
0 0.11839612964989055 0.39819702771699483 0.05 0.05
0 0.18404164387308533 0.39819702771699483 0.05 0.05
0 0.2578928473741794 0.36099790299051776 0.05 0.05
0 0.3481554294310722 0.36099790299051776 0.05 0.05
0 0.5483742478118162 0.21657777169948922 0.05 0.05
