0 0.5532976613785558 0.2143895878920496 0.05 0.05
0 0.4449825629102845 0.2056368526622901 0.05 0.05
0 0.45318825218818387 0.2056368526622901 0.05 0.05
0 0.3711313594091904 0.045899434719182966 0.05 0.05
0 0.39574842724288845 0.04371125091174311 0.05 0.05
0 0.30220356947483584 0.08966311086797939 0.05 0.05
0 0.21522326312910284 0.05027580233406255 0.05 0.05
0 0.2398403309628009 0.09622766229029894 0.05 0.05
0 0.21029984956236328 0.09841584609773868 0.05 0.05
0 0.2234289524070022 0.1553086250911741 0.05 0.05
0 0.22014667669584242 0.27784691830780434 0.05 0.05
0 0.21522326312910284 0.29316420495988316 0.05 0.05
0 0.2775865016411379 0.22314232312180876 0.05 0.05
0 0.2956390180525164 0.4113261305616337 0.05 0.05
0 0.33010291301969363 0.3413042487235593 0.05 0.05
0 0.37769591083150983 0.32379877826404074 0.05 0.05
0 0.016645582603938672 0.5513698942377826 0.05 0.05
0 0.04946833971553606 0.4616543581327497 0.05 0.05
0 0.08721451039387304 0.5207353209336251 0.05 0.05
0 0.12824295678336978 0.45946617432530984 0.05 0.05
0 0.12988409463894962 0.5776280999270604 0.05 0.05
0 0.12003726750547043 0.634520878920496 0.05 0.05
0 0.044544926148796446 0.6016981218088986 0.05 0.05
0 0.060956304704595135 0.6388972465353755 0.05 0.05
0 0.24968715809628006 0.7833173778264041 0.05 0.05
0 0.31040925875273523 0.822704686360321 0.05 0.05
0 0.4072363922319475 0.7986346644784829 0.05 0.05
0 0.40231297866520793 0.7570591721371261 0.05 0.05
0 0.4597528036105033 0.6826609226841721 0.05 0.05
0 0.4613939414660832 0.735177334062728 0.05 0.05
0 0.5237571799781182 0.846774708242159 0.05 0.05
0 0.6747418626914662 0.6760963712618526 0.05 0.05
0 0.7223348605032824 0.6760963712618526 0.05 0.05
0 0.49421669857768064 0.5382407913931435 0.05 0.05
0 0.38754273796498906 0.5054180342815463 0.05 0.05
0 0.42036549507658644 0.533864423778264 0.05 0.05
0 0.5483742478118162 0.4857243800145879 0.05 0.05
0 0.6534070705689279 0.30848149161196203 0.05 0.05
0 0.6829475519693655 0.2975405725747629 0.05 0.05
0 0.8585493025164116 0.3062933078045221 0.05 0.05
0 0.7781335475929979 0.13999133843909536 0.05 0.05
0 0.714129171225383 0.12467405178701665 0.05 0.05
