0 0.2051463293650794 0.08966600529100527 0.05 0.05
0 0.23689236111111106 0.08966600529100527 0.05 0.05
0 0.3103050595238095 0.10289351851851845 0.05 0.05
0 0.3757812499999999 0.1558035714285714 0.05 0.05
0 0.32419394841269833 0.1558035714285714 0.05 0.05
0 0.3440352182539682 0.21400462962962952 0.05 0.05
0 0.4432415674603174 0.20871362433862425 0.05 0.05
0 0.45514632936507926 0.20871362433862425 0.05 0.05
0 0.23689236111111106 0.23781415343915338 0.05 0.05
0 0.19324156746031737 0.22987764550264547 0.05 0.05
0 0.24879712301587292 0.2748511904761904 0.05 0.05
0 0.27459077380952374 0.3039517195767195 0.05 0.05
0 0.20713045634920624 0.3092427248677248 0.05 0.05
0 0.04046378968253965 0.6055390211640211 0.05 0.05
0 0.028559027777777746 0.6901951058201057 0.05 0.05
0 0.056336805555555515 0.7060681216931216 0.05 0.05
0 0.13967013888888882 0.6002480158730158 0.05 0.05
0 0.10395585317460314 0.5182374338624337 0.05 0.05
0 0.2170510912698412 0.5790839947089946 0.05 0.05
0 0.2626860119047619 0.6055390211640211 0.05 0.05
0 0.23093998015873005 0.658449074074074 0.05 0.05
0 0.30435267857142845 0.7854332010582009 0.05 0.05
0 0.3281622023809523 0.7669146825396825 0.05 0.05
0 0.3737971230158729 0.7854332010582009 0.05 0.05
0 0.34998759920634914 0.7960152116402116 0.05 0.05
0 0.4174479166666666 0.7510416666666665 0.05 0.05
0 0.4452256944444444 0.740459656084656 0.05 0.05
0 0.3936383928571428 0.5050099206349206 0.05 0.05
0 0.40752728174603164 0.5367559523809523 0.05 0.05
0 0.5543526785714284 0.5261739417989417 0.05 0.05
0 0.5722098214285712 0.49971891534391527 0.05 0.05
0 0.5543526785714284 0.457390873015873 0.05 0.05
0 0.5523685515873015 0.203422619047619 0.05 0.05
0 0.5801463293650793 0.11612103174603164 0.05 0.05
0 0.5900669642857141 0.10818452380952373 0.05 0.05
0 0.609908234126984 0.1637400793650793 0.05 0.05
0 0.6813368055555554 0.19284060846560844 0.05 0.05
0 0.7130828373015871 0.19284060846560844 0.05 0.05
0 0.7607018849206347 0.34892526455026457 0.05 0.05
0 0.7249875992063491 0.3647982804232804 0.05 0.05
