0 0.18568278172866515 0.13342678701677607 0.05 0.05
0 0.18732391958424505 0.11154494894237767 0.05 0.05
0 0.22178781455142232 0.11373313274981751 0.05 0.05
0 0.21850553884026264 0.21220140408460963 0.05 0.05
0 0.4417002871991248 0.2100132202771698 0.05 0.05
0 0.10362588894967176 0.5448053428154632 0.05 0.05
0 0.11347271608315095 0.6060744894237783 0.05 0.05
0 0.05931516684901526 0.6410854303428155 0.05 0.05
0 0.2053764359956236 0.7395537016776076 0.05 0.05
0 0.18568278172866517 0.7833173778264041 0.05 0.05
0 0.31533267231947487 0.7658119073668855 0.05 0.05
0 0.39410728938730855 0.5097944018964259 0.05 0.05
0 0.41544208150984685 0.5360526075857038 0.05 0.05
0 0.4499059764770242 0.5951335703865792 0.05 0.05
0 0.43841801148796505 0.6476499817651349 0.05 0.05
0 0.5057046635667397 0.5360526075857038 0.05 0.05
0 0.5418096963894967 0.470407093362509 0.05 0.05
0 0.5746324535010942 0.5666871808898613 0.05 0.05
0 0.50242238785558 0.7045427607585704 0.05 0.05
0 0.5926849699124727 0.7198600474106491 0.05 0.05
0 0.651765932713348 0.6301445113056163 0.05 0.05
0 0.6681773112691467 0.6892254741064915 0.05 0.05
0 0.7338228254923413 0.6782845550692923 0.05 0.05
0 0.8339322346827135 0.7198600474106491 0.05 0.05
0 0.7535164797592999 0.2865996535375637 0.05 0.05
0 0.8076740289934357 0.28222328592268403 0.05 0.05
0 0.7567987554704596 0.19688411743253093 0.05 0.05
0 0.7239759983588623 0.19688411743253093 0.05 0.05
0 0.6665361734135669 0.14655588986141493 0.05 0.05
0 0.6386368298687091 0.16843772793581308 0.05 0.05
0 0.600890659190372 0.16843772793581308 0.05 0.05
0 0.5500153856673962 0.21220140408460963 0.05 0.05
0 0.6287900027352299 0.21876595550692918 0.05 0.05
0 0.651765932713348 0.21876595550692918 0.05 0.05
