0 0.21297530594405592 0.110307400932401 0.05 0.05
0 0.31262565559440564 0.09632138694638688 0.05 0.05
0 0.33229348776223777 0.08058712121212111 0.05 0.05
0 0.34933894230769236 0.08058712121212111 0.05 0.05
0 0.3742515297202798 0.1994682400932401 0.05 0.05
0 0.34802775349650356 0.213454254079254 0.05 0.05
0 0.2864018793706294 0.255412296037296 0.05 0.05
0 0.23657670454545454 0.2746430652680653 0.05 0.05
0 0.14741586538461537 0.3550626456876457 0.05 0.05
0 0.19592985139860142 0.3550626456876457 0.05 0.05
0 0.23526551573426574 0.44771998834498833 0.05 0.05
0 0.29164663461538465 0.4686990093240093 0.05 0.05
0 0.21297530594405595 0.6889787296037296 0.05 0.05
0 0.3873634178321679 0.5071605477855478 0.05 0.05
0 0.400475305944056 0.533384324009324 0.05 0.05
0 0.45685642482517486 0.5368808275058276 0.05 0.05
0 0.5158599213286713 0.5508668414918415 0.05 0.05
0 0.5709298513986015 0.5228948135198136 0.05 0.05
0 0.5892864947552449 0.49492278554778557 0.05 0.05
0 0.5433948863636363 0.46695075757575755 0.05 0.05
0 0.442433347902098 0.20820949883449877 0.05 0.05
0 0.4529228583916085 0.20995775058275054 0.05 0.05
0 0.5932200611888112 0.1714962121212121 0.05 0.05
0 0.6391116695804197 0.14702068764568754 0.05 0.05
