0 0.21933304704016915 0.07398035588442546 0.05 0.05
0 0.246288649577167 0.0655236962649751 0.05 0.05
0 0.2748298757928119 0.08455118040873835 0.05 0.05
0 0.2827579941860465 0.08455118040873835 0.05 0.05
0 0.2906861125792812 0.09300784002818858 0.05 0.05
0 0.34142607029598315 0.09300784002818858 0.05 0.05
0 0.3461829413319239 0.08032285059901317 0.05 0.05
0 0.3636248017970402 0.0824370155038757 0.05 0.05
0 0.35728230708245245 0.09300784002818858 0.05 0.05
0 0.2843436178646934 0.12049198379140218 0.05 0.05
0 0.2288467891120507 0.1226061486962647 0.05 0.05
0 0.19713431553911204 0.14163363284002795 0.05 0.05
0 0.22408991807610992 0.14586196264975312 0.05 0.05
0 0.247874273255814 0.15431862226920348 0.05 0.05
0 0.2780011231501057 0.19448775546159247 0.05 0.05
0 0.3287410808668076 0.19448775546159247 0.05 0.05
0 0.44290598572938694 0.20505857998590535 0.05 0.05
0 0.45559097515856245 0.20083025017618017 0.05 0.05
0 0.35886793076109946 0.2811685165609582 0.05 0.05
0 0.3461829413319239 0.3171093199436221 0.05 0.05
0 0.3112992204016914 0.28962517618040856 0.05 0.05
0 0.23518928382663845 0.2705976920366453 0.05 0.05
0 0.20189118657505284 0.287511011275546 0.05 0.05
0 0.25263114429175476 0.4122467406624382 0.05 0.05
0 0.13053812103594079 0.5094983262861168 0.05 0.05
0 0.06394192653276953 0.5094983262861168 0.05 0.05
0 0.16859308932346723 0.7124581571529245 0.05 0.05
0 0.20189118657505284 0.7293714763918252 0.05 0.05
0 0.3842379096194503 0.47567168780831554 0.05 0.05
0 0.4096078884778013 0.513726656095842 0.05 0.05
0 0.45717659883720935 0.5454391296687807 0.05 0.05
0 0.5253584170190275 0.5496674594785059 0.05 0.05
0 0.5554852669133192 0.46510086328400274 0.05 0.05
0 0.6458658165961946 0.5010416666666665 0.05 0.05
0 0.709290763742072 0.513726656095842 0.05 0.05
0 0.7933288187103595 0.35305012332628594 0.05 0.05
0 0.8424831527484145 0.36362094785059884 0.05 0.05
0 0.8155275502114167 0.29808183579985886 0.05 0.05
0 0.7885719476744187 0.29808183579985886 0.05 0.05
0 0.8852949920718818 0.2811685165609582 0.05 0.05
0 0.6950201506342496 0.3065384954193092 0.05 0.05
0 0.6474514402748415 0.29596767089499637 0.05 0.05
0 0.6347664508456661 0.28539684637068347 0.05 0.05
0 0.588783364164905 0.25157020789288204 0.05 0.05
0 0.7124620110993659 0.1226061486962647 0.05 0.05
0 0.7584450977801269 0.11203532417195182 0.05 0.05
0 0.8408975290697676 0.1860310958421421 0.05 0.05
