0 0.19592985139860142 0.14002768065268067 0.05 0.05
0 0.22084243881118884 0.09457313519813511 0.05 0.05
0 0.23919908216783217 0.08408362470862467 0.05 0.05
0 0.2785347465034965 0.11730040792540788 0.05 0.05
0 0.310003277972028 0.11730040792540788 0.05 0.05
0 0.3152480332167832 0.10331439393939389 0.05 0.05
0 0.34147180944055944 0.07709061771561766 0.05 0.05
0 0.3506501311188811 0.07709061771561766 0.05 0.05
0 0.26804523601398605 0.14177593240093234 0.05 0.05
0 0.34802775349650356 0.19072698135198132 0.05 0.05
0 0.3191815996503497 0.21170600233100234 0.05 0.05
0 0.3349158653846154 0.23093677156177156 0.05 0.05
0 0.2864018793706294 0.255412296037296 0.05 0.05
0 0.3073809003496504 0.255412296037296 0.05 0.05
0 0.2339543269230769 0.27289481351981354 0.05 0.05
0 0.19724104020979022 0.2938738344988344 0.05 0.05
0 0.25886691433566433 0.2886290792540792 0.05 0.05
0 0.28509069055944053 0.304363344988345 0.05 0.05
0 0.34933894230769236 0.262405303030303 0.05 0.05
0 0.3637620192307693 0.2851325757575758 0.05 0.05
0 0.400475305944056 0.325342365967366 0.05 0.05
0 0.3637620192307693 0.3340836247086247 0.05 0.05
0 0.4358774038461538 0.3288388694638694 0.05 0.05
0 0.4411221590909092 0.21520250582750577 0.05 0.05
0 0.45423404720279714 0.213454254079254 0.05 0.05
0 0.3899857954545455 0.41100670163170155 0.05 0.05
0 0.40309768356643366 0.5316360722610723 0.05 0.05
0 0.386052229020979 0.5001675407925408 0.05 0.05
0 0.24706621503496504 0.5159018065268065 0.05 0.05
0 0.016296984265734248 0.7484192890442891 0.05 0.05
0 0.39391936188811194 0.7816360722610723 0.05 0.05
0 0.4621011800699302 0.540377331002331 0.05 0.05
0 0.5289718094405595 0.547370337995338 0.05 0.05
0 0.5761746066433566 0.512405303030303 0.05 0.05
0 0.5905976835664337 0.49492278554778557 0.05 0.05
0 0.5420836975524477 0.4582094988344989 0.05 0.05
0 0.6378004807692308 0.554363344988345 0.05 0.05
0 0.72696131993007 0.5368808275058276 0.05 0.05
0 0.783342438811189 0.6907269813519814 0.05 0.05
0 0.643045236013986 0.7728948135198136 0.05 0.05
0 0.6771361451048952 0.9040136946386946 0.05 0.05
0 0.7610522290209791 0.8917759324009324 0.05 0.05
0 0.9472410402097904 0.7589087995337995 0.05 0.05
0 0.7230277534965037 0.08583187645687644 0.05 0.05
0 0.7348284527972029 0.09457313519813511 0.05 0.05
