0 0.2795286832648871 0.10405330253251203 0.05 0.05
0 0.2928757058521561 0.09720867556468171 0.05 0.05
0 0.18609952515400416 0.12869395961670094 0.05 0.05
0 0.14708515143737172 0.4476535763175908 0.05 0.05
0 0.2066334060574949 0.4367021731690623 0.05 0.05
0 0.025935254106776197 0.5037795174537988 0.05 0.05
0 0.02798864219712527 0.5749636379192336 0.05 0.05
0 0.16659233829568793 0.7419725359342916 0.05 0.05
0 0.25488802618069817 0.48050778576317593 0.05 0.05
0 0.29595578798767974 0.5571676078028748 0.05 0.05
0 0.3770646175564682 0.4941970396988365 0.05 0.05
0 0.44277303644763866 0.5270512491444216 0.05 0.05
0 0.3914383341889118 0.4955659650924025 0.05 0.05
0 0.5084814553388092 0.5325269507186859 0.05 0.05
0 0.5413356647843943 0.45449820328542095 0.05 0.05
0 0.4910276565708419 0.6215071013004791 0.05 0.05
0 0.8288099974332651 0.7063804757015743 0.05 0.05
0 0.9047853567761809 0.6858465947980836 0.05 0.05
0 0.6891796072895279 0.13553858658453113 0.05 0.05
0 0.6440050693018481 0.16017924366872005 0.05 0.05
0 0.6173110241273101 0.15333461670088985 0.05 0.05
0 0.45509336498973313 0.21082948323066392 0.05 0.05
0 0.437639566221766 0.2258876625598905 0.05 0.05
0 0.5536559933264888 0.1971402292950034 0.05 0.05
0 0.6696724204312117 0.08762619780971939 0.05 0.05
0 0.6984198536960987 0.09720867556468171 0.05 0.05
0 0.7743952130390145 0.10816007871321011 0.05 0.05
0 0.36642296122994644 0.08214683600713014 0.05 0.05
