0 0.27508680555555565 0.08530092592592595 0.05 0.05
0 0.2861979166666667 0.09270833333333334 0.05 0.05
0 0.29453125 0.1056712962962962 0.05 0.05
0 0.3514756944444445 0.08715277777777773 0.05 0.05
0 0.37092013888888886 0.04085648148148143 0.05 0.05
0 0.68203125 0.17604166666666668 0.05 0.05
0 0.7000868055555556 0.16678240740740738 0.05 0.05
0 0.7848090277777777 0.309375 0.05 0.05
0 0.8167534722222222 0.6371527777777778 0.05 0.05
0 0.89453125 0.6686342592592591 0.05 0.05
0 0.2611979166666667 0.7519675925925925 0.05 0.05
0 0.1931423611111111 0.7353009259259259 0.05 0.05
0 0.12786458333333334 0.45011574074074073 0.05 0.05
0 0.21953125 0.4464120370370369 0.05 0.05
0 0.4028645833333333 0.4612268518518518 0.05 0.05
0 0.5486979166666666 0.4612268518518518 0.05 0.05
0 0.4153645833333333 0.2519675925925926 0.05 0.05
0 0.4459201388888888 0.2667824074074074 0.05 0.05
0 0.24592013888888892 0.12048611111111107 0.05 0.05
0 0.22230902777777778 0.2075231481481481 0.05 0.05
