0 0.03180122896950584 0.6181114178058187 0.05 0.05
0 0.18322078732912722 0.4554755958640031 0.05 0.05
0 0.3104552773396424 0.7849533385909571 0.05 0.05
0 0.3840620070977917 0.8087878987031196 0.05 0.05
0 0.4050925013144058 0.7751391079565372 0.05 0.05
0 0.4608233109884331 0.6840069663512094 0.05 0.05
0 0.6711282531545739 0.9461871275849983 0.05 0.05
0 0.7499926064668767 0.9461871275849983 0.05 0.05
0 0.5123480218191376 0.5409996056782337 0.05 0.05
0 0.5544090102523658 0.5283813091482652 0.05 0.05
0 0.56071815851735 0.4989386172450055 0.05 0.05
0 0.5365330901682437 0.46528982649842293 0.05 0.05
0 0.40929860015772856 0.5283813091482652 0.05 0.05
0 0.3924742047844373 0.496134551349457 0.05 0.05
0 0.41560774842271286 0.47089795828951997 0.05 0.05
0 0.3398979692429021 0.3601373554153525 0.05 0.05
0 0.23264244873817028 0.24376862075008793 0.05 0.05
0 0.20109670741324917 0.1834812039957942 0.05 0.05
0 0.19373603443743423 0.1273998860848233 0.05 0.05
0 0.18322078732912722 0.08253483175604662 0.05 0.05
0 0.27470343717139845 0.09515312828601499 0.05 0.05
0 0.28942478312302833 0.08954499649491794 0.05 0.05
0 0.3136098514721345 0.09935922712933791 0.05 0.05
0 0.3335888209779179 0.10216329302488643 0.05 0.05
0 0.3693406611461619 0.08393686470382088 0.05 0.05
0 0.2862702089905362 0.2087177970557311 0.05 0.05
0 0.32202204915878013 0.21432592884682813 0.05 0.05
0 0.34725864221871705 0.19189340168243993 0.05 0.05
0 0.684798074395373 0.2970458727655102 0.05 0.05
0 0.7226529639852785 0.26620114791447624 0.05 0.05
0 0.7794352983701365 0.12038972134595198 0.05 0.05
0 0.5533574855415351 0.20591373116018255 0.05 0.05
