0 0.22408720482546207 0.29022715605749466 0.05 0.05
0 0.19225968942505137 0.15744139288158793 0.05 0.05
0 0.24051430954825465 0.12184933264887061 0.05 0.05
0 0.2826087654004107 0.15059676591375773 0.05 0.05
0 0.29184901180698153 0.08625727241615332 0.05 0.05
0 0.2949290939425052 0.09857760095824777 0.05 0.05
0 0.3123828927104723 0.17113064681724843 0.05 0.05
0 0.29595578798767974 0.28475145448323075 0.05 0.05
0 0.27028843685831627 0.27790682751540047 0.05 0.05
0 0.3596108187885011 0.32855706707734433 0.05 0.05
0 0.3914383341889118 0.29980963381245723 0.05 0.05
0 0.40375866273100625 0.27243112594113633 0.05 0.05
0 0.4407196483572896 0.21767411019849423 0.05 0.05
0 0.4520132828542095 0.2012470054757016 0.05 0.05
0 0.3832247818275155 0.4777699349760438 0.05 0.05
0 0.3585841247433265 0.4928281143052704 0.05 0.05
0 0.4417463424024642 0.5160998459958932 0.05 0.05
0 0.5054013732032855 0.535264801505818 0.05 0.05
0 0.4900009625256675 0.5790704140999315 0.05 0.05
0 0.47254716375770023 0.6160313997262149 0.05 0.05
0 0.3934917222792609 0.7980984770704997 0.05 0.05
0 0.5474958290554415 0.47366315879534576 0.05 0.05
0 0.746674473819302 0.4353332477754963 0.05 0.05
0 0.7456477797741273 0.34498417180013685 0.05 0.05
0 0.7836354594455853 0.4476535763175908 0.05 0.05
0 0.8062227284394252 0.44080894934976045 0.05 0.05
0 0.7138202643737167 0.10816007871321011 0.05 0.05
0 0.6973931596509242 0.13553858658453113 0.05 0.05
0 0.7949290939425053 0.45860497946611917 0.05 0.05
0 0.5557093814168379 0.19850915468856947 0.05 0.05
