0 0.22511389887063657 0.076674794661191 0.05 0.05
0 0.23538083932238196 0.09994652635181384 0.05 0.05
0 0.2518079440451746 0.07804372005475695 0.05 0.05
0 0.2815820713552362 0.1122668548939083 0.05 0.05
0 0.29595578798767974 0.09173297399041758 0.05 0.05
0 0.3606375128336756 0.04108273442847358 0.05 0.05
0 0.6542720097535935 0.07119909308692675 0.05 0.05
0 0.6111508598562629 0.1300628850102669 0.05 0.05
0 0.5824034265913759 0.1369075119780972 0.05 0.05
0 0.6717258085215606 0.21904303559206018 0.05 0.05
0 0.7826087654004107 0.2765379021218344 0.05 0.05
0 0.8524239604722794 0.2546350958247776 0.05 0.05
0 0.760021496406571 0.14512106433949346 0.05 0.05
0 0.7302473690965093 0.12869395961670094 0.05 0.05
0 0.615257636036961 0.2806446783025324 0.05 0.05
0 0.681992748973306 0.4777699349760438 0.05 0.05
0 0.5670030159137578 0.4681874572210815 0.05 0.05
0 0.559816157597536 0.49967274127310063 0.05 0.05
0 0.5485225231006161 0.5256823237508556 0.05 0.05
0 0.5105348434291581 0.5284201745379877 0.05 0.05
0 0.47665393993839844 0.5119930698151952 0.05 0.05
0 0.4458531185831623 0.5256823237508556 0.05 0.05
0 0.43455948408624234 0.5407405030800821 0.05 0.05
0 0.40786543891170435 0.5325269507186859 0.05 0.05
0 0.357557430698152 0.5229444729637236 0.05 0.05
0 0.3852781699178645 0.506517368240931 0.05 0.05
0 0.1655656442505134 0.5886528918548939 0.05 0.05
0 0.08445681468172486 0.5996042950034224 0.05 0.05
0 0.053655993326488724 0.643409907597536 0.05 0.05
0 0.017721701745379882 0.6529923853524983 0.05 0.05
0 0.3770646175564682 0.8569622689938399 0.05 0.05
0 0.8031426463039015 0.8610690451745381 0.05 0.05
0 0.8770646175564684 0.8583311943874059 0.05 0.05
0 0.1963664656057495 0.34087739561943875 0.05 0.05
0 0.16761903234086245 0.425750770020534 0.05 0.05
0 0.4253192376796715 0.32855706707734433 0.05 0.05
0 0.4520132828542095 0.2039848562628336 0.05 0.05
