0 0.1274899776550999 0.36714752015422386 0.05 0.05
0 0.21476652865404833 0.3461170259376098 0.05 0.05
0 0.251569893533123 0.3250865317209957 0.05 0.05
0 0.26839428890641426 0.22834625832457103 0.05 0.05
0 0.40614402602523647 0.30265400455660735 0.05 0.05
0 0.41140164957938996 0.5227731773571681 0.05 0.05
0 0.4029894518927444 0.5003406501927797 0.05 0.05
0 0.41140164957938996 0.4835162548194885 0.05 0.05
0 0.5070903982649841 0.5367935068349109 0.05 0.05
0 0.5470483372765508 0.5185670785138453 0.05 0.05
0 0.5617696832281807 0.5003406501927797 0.05 0.05
0 0.5417907137223973 0.47089795828951997 0.05 0.05
0 0.400886402471083 0.7849533385909571 0.05 0.05
0 0.3630315128811776 0.8045817998597968 0.05 0.05
0 0.3115068020504731 0.7765411409043115 0.05 0.05
0 0.2589305665089379 0.7667269102698915 0.05 0.05
0 0.7468380323343846 0.332096696459867 0.05 0.05
0 0.8267539103575181 0.3012519716088331 0.05 0.05
0 0.8257023856466873 0.3180763669821244 0.05 0.05
0 0.34410406808622496 0.14562631440588886 0.05 0.05
0 0.3136098514721345 0.1400181826147918 0.05 0.05
0 0.27365191246056775 0.14562631440588886 0.05 0.05
0 0.27785801130389054 0.10076126007711217 0.05 0.05
0 0.2862702089905362 0.09234906239046646 0.05 0.05
0 0.2631366653522607 0.09655516123378938 0.05 0.05
0 0.21056042981072554 0.06430840343498107 0.05 0.05
0 0.18427231203995792 0.1638527427269544 0.05 0.05
0 0.3703921858569926 0.13441005082369462 0.05 0.05
0 0.41981384726603566 0.15263647914476028 0.05 0.05
0 0.36723761172450037 0.08814296354714367 0.05 0.05
0 0.37249523527865397 0.09655516123378938 0.05 0.05
0 0.5575635843848579 0.19750153347353697 0.05 0.05
