0 0.4139924361137898 0.20531681935069107 0.05 0.05
0 0.4265285981195757 0.20660257955641276 0.05 0.05
0 0.376383950096432 0.20788833976213444 0.05 0.05
0 0.44774364151398266 0.198888018322083 0.05 0.05
0 0.24234344864995175 0.3171779572484732 0.05 0.05
0 0.290559456364513 0.37889444712311166 0.05 0.05
0 0.28380921528447445 0.4586115798778528 0.05 0.05
0 0.19798472155255545 0.4483254982320798 0.05 0.05
0 0.1719480773866924 0.4997559064609451 0.05 0.05
0 0.14784007352941175 0.4071811716489876 0.05 0.05
0 0.36770506870781094 0.7851946721311476 0.05 0.05
0 0.3021312982160077 0.7813373915139827 0.05 0.05
0 0.3088815392960463 0.7569079476052717 0.05 0.05
0 0.3831341911764706 0.5331856718097076 0.05 0.05
0 0.40627787487945993 0.5228995901639345 0.05 0.05
0 0.39567035318225646 0.5023274268723884 0.05 0.05
0 0.5084958112343297 0.5331856718097076 0.05 0.05
0 0.5461042972516875 0.4714691819350692 0.05 0.05
0 0.6782161583895853 0.5036131870781101 0.05 0.05
0 0.7572904110414658 0.5113277483124398 0.05 0.05
0 0.7948988970588236 0.4766122227579557 0.05 0.05
0 0.7756124939729989 0.44061093699775 0.05 0.05
0 0.7688622528929605 0.3403216409514626 0.05 0.05
0 0.8354003435390549 0.3326070797171328 0.05 0.05
0 0.8469721853905497 0.43803941658630663 0.05 0.05
0 0.9154389163452266 0.47918374316939893 0.05 0.05
0 0.6579654351494696 0.17831585503053685 0.05 0.05
0 0.6242142297492768 0.1911734570877532 0.05 0.05
0 0.6029991863548698 0.16674401317904214 0.05 0.05
0 0.6319287909836065 0.08959840083574425 0.05 0.05
0 0.6512151940694311 0.09345568145290907 0.05 0.05
0 0.19316312078109935 0.13202848762455802 0.05 0.05
0 0.23848616803278685 0.09474144165863076 0.05 0.05
0 0.23270024710703954 0.04331103342976542 0.05 0.05
0 0.3050242586788814 0.09602720186435233 0.05 0.05
0 0.3426327446962391 0.09345568145290907 0.05 0.05
0 0.21341384402121505 0.23746082449373204 0.05 0.05
