0 0.198552229020979 0.12079691142191144 0.05 0.05
0 0.2090417395104895 0.1645032051282051 0.05 0.05
0 0.24313264860139863 0.11380390442890445 0.05 0.05
0 0.26935642482517486 0.09981789044289044 0.05 0.05
0 0.282468312937063 0.09632138694638688 0.05 0.05
0 0.3060697115384615 0.09632138694638688 0.05 0.05
0 0.34933894230769236 0.08408362470862467 0.05 0.05
0 0.3388494318181819 0.07359411421911423 0.05 0.05
0 0.3742515297202798 0.17499271561771554 0.05 0.05
0 0.3454053758741259 0.24492278554778554 0.05 0.05
0 0.2785347465034965 0.26590180652680645 0.05 0.05
0 0.2287095716783217 0.255412296037296 0.05 0.05
0 0.4411221590909092 0.213454254079254 0.05 0.05
0 0.45423404720279714 0.20471299533799533 0.05 0.05
0 0.6666466346153846 0.22394376456876455 0.05 0.05
0 0.5971536276223777 0.49492278554778557 0.05 0.05
0 0.5538843968531468 0.4686990093240093 0.05 0.05
0 0.566996284965035 0.5089087995337995 0.05 0.05
0 0.5276606206293707 0.547370337995338 0.05 0.05
0 0.4725906905594407 0.540377331002331 0.05 0.05
0 0.32704873251748257 0.7886290792540793 0.05 0.05
0 0.428010270979021 0.7344332750582752 0.05 0.05
0 0.428010270979021 0.6889787296037296 0.05 0.05
0 0.6981151660839162 0.8480696386946388 0.05 0.05
0 0.796454326923077 0.867300407925408 0.05 0.05
0 0.37851349043715854 0.25149704007285983 0.05 0.05
