0 0.3368468237704918 0.14745761009321764 0.05 0.05
0 0.31177449975891997 0.20145953873352623 0.05 0.05
0 0.20569928278688526 0.09731296207007402 0.05 0.05
0 0.21727112463837991 0.10502752330440378 0.05 0.05
0 0.24234344864995175 0.13202848762455802 0.05 0.05
0 0.2664514525072324 0.12559968659594994 0.05 0.05
0 0.28380921528447445 0.09474144165863076 0.05 0.05
0 0.3108101796046287 0.09988448248151727 0.05 0.05
0 0.35131162608486016 0.09731296207007402 0.05 0.05
0 0.4004919539537126 0.2104598601735777 0.05 0.05
0 0.3493829857762777 0.21817442140790747 0.05 0.05
0 0.45352956243972997 0.20531681935069107 0.05 0.05
0 0.5759982220347155 0.22203170202507228 0.05 0.05
0 0.633857431292189 0.23488930408228867 0.05 0.05
0 0.6772518382352941 0.2516041867566699 0.05 0.05
0 0.7167889645612343 0.2914627531340405 0.05 0.05
0 0.5943203049662488 0.5061847074895532 0.05 0.05
0 0.5461042972516875 0.45989734008357447 0.05 0.05
0 0.5046385306171649 0.5331856718097076 0.05 0.05
0 0.4033849144165863 0.531899911603986 0.05 0.05
0 0.38602715163934426 0.4997559064609451 0.05 0.05
0 0.3435970648505304 0.5190423095467696 0.05 0.05
0 0.4371361198167792 0.6424752892960464 0.05 0.05
0 0.4168853965766634 0.7671940292510447 0.05 0.05
0 0.30984585945033755 0.798052274188364 0.05 0.05
0 0.22980728664416583 0.7749085904853745 0.05 0.05
0 0.24909368972999033 0.7890519527483125 0.05 0.05
0 0.8161139404532305 0.7877661925425908 0.05 0.05
0 0.8730088295564127 0.783908911925426 0.05 0.05
0 0.8865093117164898 0.5563293555126969 0.05 0.05
0 0.9337609992767598 0.5717584779813565 0.05 0.05
