0 0.5070192538387716 0.5349508157389636 0.05 0.05
0 0.5482860484644914 0.5298324536148432 0.05 0.05
0 0.5646008277351248 0.5016814619321817 0.05 0.05
0 0.5454069697696737 0.4658529270633397 0.05 0.05
0 0.40433211372360855 0.525993682021753 0.05 0.05
0 0.3976142634357006 0.505520233525272 0.05 0.05
0 0.4177678142994242 0.4824876039667307 0.05 0.05
0 0.4206468929942419 0.8318158189379399 0.05 0.05
0 0.5166161828214972 0.8497300863723609 0.05 0.05
0 0.5933916146833014 0.8190199136276392 0.05 0.05
0 0.7162323056621882 0.9764095489443378 0.05 0.05
0 0.7997255878119003 0.9162687939859245 0.05 0.05
0 0.9024127279270633 0.9162687939859245 0.05 0.05
0 0.6807236684261038 0.3314959213051824 0.05 0.05
0 0.8285163747600768 0.24704294625719758 0.05 0.05
0 0.8630653190978886 0.24704294625719758 0.05 0.05
0 0.594351307581574 0.12932061740243117 0.05 0.05
0 0.36210562619961617 0.18818178182981443 0.05 0.05
0 0.32659698896353173 0.19713891554702484 0.05 0.05
0 0.33427453214971214 0.2662368042226487 0.05 0.05
0 0.29588681621881 0.2649572136916187 0.05 0.05
0 0.268055722168906 0.29054902431222007 0.05 0.05
0 0.259418486084453 0.39419585732565576 0.05 0.05
0 0.21815169145873323 0.30206533909149064 0.05 0.05
0 0.21623230566218812 0.21889195457453614 0.05 0.05
0 0.2085547624760077 0.16003079014715288 0.05 0.05
0 0.268055722168906 0.08325535828534865 0.05 0.05
0 0.24406339971209218 0.08453494881637873 0.05 0.05
0 0.28916896593090213 0.09477167306461923 0.05 0.05
0 0.37458163387715937 0.07429822456813812 0.05 0.05
0 0.36402501199616133 0.08965331094049904 0.05 0.05
0 0.4436795225527832 0.2048164587332053 0.05 0.05
0 0.4158484285028791 0.09093290147152899 0.05 0.05
0 0.3717025551823417 0.03591050863723607 0.05 0.05
