0 0.3689506489071038 0.08574112021857955 0.05 0.05
0 0.31703808060109295 0.09484858834244084 0.05 0.05
0 0.28698343579234975 0.09484858834244084 0.05 0.05
0 0.1981856215846995 0.054775728597449815 0.05 0.05
0 0.21184682377049185 0.054775728597449815 0.05 0.05
0 0.24736594945355192 0.13492144808743162 0.05 0.05
0 0.28561731557377057 0.14038592896174862 0.05 0.05
0 0.2555626707650274 0.15131489071038248 0.05 0.05
0 0.23507086748633882 0.15131489071038248 0.05 0.05
0 0.22960638661202193 0.20960268670309645 0.05 0.05
0 0.2541965505464482 0.2041382058287796 0.05 0.05
0 0.30337687841530064 0.17499430783242254 0.05 0.05
0 0.3129397199453553 0.18410177595628407 0.05 0.05
0 0.44545338114754107 0.2041382058287796 0.05 0.05
0 0.4563823428961749 0.2041382058287796 0.05 0.05
0 0.6517375341530055 0.2733549635701275 0.05 0.05
0 0.6640326161202186 0.24056807832422583 0.05 0.05
0 0.7145790642076504 0.2587830145719489 0.05 0.05
0 0.5875298838797814 0.10213456284153004 0.05 0.05
0 0.6285134904371585 0.1130635245901639 0.05 0.05
0 0.666764856557377 0.10031306921675771 0.05 0.05
0 0.6913550204918033 0.08209813296903452 0.05 0.05
0 0.8102074795081968 0.5046846539162113 0.05 0.05
0 0.881245730874317 0.497398679417122 0.05 0.05
0 0.9440872609289619 0.746943306010929 0.05 0.05
0 0.5847976434426231 0.4919341985428051 0.05 0.05
0 0.5492785177595628 0.4627903005464481 0.05 0.05
0 0.5588413592896175 0.5265425774134791 0.05 0.05
0 0.3607539275956285 0.5137921220400729 0.05 0.05
0 0.39763917349726785 0.5247210837887067 0.05 0.05
0 0.09299436475409842 0.4755407559198543 0.05 0.05
0 0.13671021174863393 0.4646117941712204 0.05 0.05
0 0.057475239071038284 0.5884733606557376 0.05 0.05
0 0.32660092213114755 0.7560507741347905 0.05 0.05
0 0.3689506489071039 0.776087204007286 0.05 0.05
0 0.4072020150273225 0.7596937613843352 0.05 0.05
0 0.4399889002732241 0.7724442167577413 0.05 0.05
0 0.43589053961748636 0.7141564207650274 0.05 0.05
