0 0.047574099631966404 0.49333048545390845 0.05 0.05
0 0.2526214182439537 0.7709330091132143 0.05 0.05
0 0.3115068020504731 0.7807472397476343 0.05 0.05
0 0.36513456230283897 0.8073858657553453 0.05 0.05
0 0.41245317429022066 0.7933655362776028 0.05 0.05
0 0.5081419229758148 0.5381955397826851 0.05 0.05
0 0.5470483372765508 0.5283813091482652 0.05 0.05
0 0.5659757820715035 0.4989386172450055 0.05 0.05
0 0.5438937631440587 0.4624857606028744 0.05 0.05
0 0.41140164957938996 0.5297833420960394 0.05 0.05
0 0.3987833530494215 0.49753658429723124 0.05 0.05
0 0.41771079784437426 0.4722999912372944 0.05 0.05
0 0.6763858767087274 0.4134146074307748 0.05 0.05
0 0.7216014392744476 0.40780647563967776 0.05 0.05
0 0.7752291995268135 0.3741576848930952 0.05 0.05
0 0.8088779902733961 0.3699515860497724 0.05 0.05
0 0.7857444466351207 0.25919098317560496 0.05 0.05
0 0.22528177576235536 0.22273812653347386 0.05 0.05
0 0.279961060725552 0.1750690063091485 0.05 0.05
0 0.34410406808622496 0.15964664388363162 0.05 0.05
0 0.29573393138801257 0.08253483175604662 0.05 0.05
0 0.3146613761829652 0.09234906239046646 0.05 0.05
0 0.3272796727129337 0.10076126007711217 0.05 0.05
0 0.27575496188222914 0.09375109533824073 0.05 0.05
0 0.2042512815457413 0.0713185681738525 0.05 0.05
0 0.3630315128811776 0.07832873291272383 0.05 0.05
0 0.30204307965299676 0.04047384332281846 0.05 0.05
0 0.5586151090956886 0.20731576410795682 0.05 0.05
