0 0.19020630133470232 0.04929628678986996 0.05 0.05
0 0.2004732417864477 0.13964536276522932 0.05 0.05
0 0.27336851899383985 0.10268437713894585 0.05 0.05
0 0.28876892967145795 0.09857760095824777 0.05 0.05
0 0.2877422356262834 0.1437521389459275 0.05 0.05
0 0.330863385523614 0.17113064681724843 0.05 0.05
0 0.33907693788501037 0.1369075119780972 0.05 0.05
0 0.33907693788501037 0.27790682751540047 0.05 0.05
0 0.3596108187885011 0.2792757529089665 0.05 0.05
0 0.29082231776180706 0.27106220054757013 0.05 0.05
0 0.4417463424024642 0.21082948323066392 0.05 0.05
0 0.06597632186858318 0.4476535763175908 0.05 0.05
0 0.03004203028747434 0.48324563655030806 0.05 0.05
0 0.22408720482546207 0.6078178473648187 0.05 0.05
0 0.2877422356262834 0.4887213381245722 0.05 0.05
0 0.34831718429158115 0.4941970396988365 0.05 0.05
0 0.4437997304928132 0.5188376967830254 0.05 0.05
0 0.47665393993839844 0.5256823237508556 0.05 0.05
0 0.5187483957905545 0.5311580253251198 0.05 0.05
0 0.5485225231006161 0.5297890999315538 0.05 0.05
0 0.5628962397330597 0.5037795174537988 0.05 0.05
0 0.5608428516427105 0.4722942334017797 0.05 0.05
0 0.330863385523614 0.8090498802190281 0.05 0.05
0 0.5875368968172485 0.8076809548254621 0.05 0.05
0 0.6429783752566737 0.6803708932238194 0.05 0.05
0 0.6902063013347024 0.9185639117043123 0.05 0.05
0 0.7610481904517454 0.9076125085557838 0.05 0.05
0 0.7661816606776182 0.6338274298425737 0.05 0.05
0 0.7610481904517454 0.39563441136208083 0.05 0.05
0 0.7785019892197127 0.16017924366872005 0.05 0.05
0 0.7723418249486654 0.18345097535934302 0.05 0.05
0 0.7507812500000002 0.1902956023271732 0.05 0.05
0 0.7374342274127311 0.1793441991786447 0.05 0.05
0 0.7138202643737167 0.1902956023271732 0.05 0.05
0 0.6881529132443533 0.21082948323066392 0.05 0.05
0 0.6542720097535935 0.21082948323066392 0.05 0.05
0 0.5546826873716634 0.18481990075290894 0.05 0.05
0 0.6450317633470226 0.06983016769336067 0.05 0.05
