0 0.3050242586788814 0.2271747428479589 0.05 0.05
0 0.26741577266152367 0.15902945194471235 0.05 0.05
0 0.22209272540983607 0.16802977338476383 0.05 0.05
0 0.4014562741080038 0.531899911603986 0.05 0.05
0 0.39181307256509157 0.4997559064609451 0.05 0.05
0 0.509460131388621 0.5331856718097076 0.05 0.05
0 0.5432113367888138 0.4637546207007394 0.05 0.05
0 0.5335681352459016 0.5974736820957891 0.05 0.05
0 0.4458150012054002 0.6450468097074896 0.05 0.05
0 0.3667407485535198 0.7954807537769207 0.05 0.05
0 0.31852474083895854 0.7851946721311476 0.05 0.05
0 0.7380040079556413 0.6643332127933141 0.05 0.05
0 0.7958632172131148 0.81862443747991 0.05 0.05
0 0.9241177977338475 0.958772299903568 0.05 0.05
0 0.8894022721793636 0.7890519527483125 0.05 0.05
0 0.8836163512536162 0.6360464882674381 0.05 0.05
0 0.9626906039054965 0.6270461668273868 0.05 0.05
0 0.6647156762295082 0.20017377852780455 0.05 0.05
0 0.7042528025554484 0.21303138058502094 0.05 0.05
0 0.7341467273384763 0.20145953873352623 0.05 0.05
0 0.7977918575216971 0.16802977338476383 0.05 0.05
0 0.6213212692864031 0.13074272741883644 0.05 0.05
0 0.6068564669720347 0.12302816618450668 0.05 0.05
0 0.44388636089681777 0.2040310591449695 0.05 0.05
0 0.3050242586788814 0.11017056412729029 0.05 0.05
0 0.22787864633558338 0.07031199774991966 0.05 0.05
0 0.3445613850048216 0.09731296207007402 0.05 0.05
0 0.18255559908389588 0.16031521215043393 0.05 0.05
0 0.6174639886692381 0.11788512536162017 0.05 0.05
0 0.5904630243490839 0.12045664577306331 0.05 0.05
0 0.5461042972516875 0.13974304885888789 0.05 0.05
0 0.20955656340405016 0.3043203551912569 0.05 0.05
