0 0.16809079676952748 0.4187530135004823 0.05 0.05
0 0.21823544479267118 0.4238960543233688 0.05 0.05
0 0.0031920503857280624 0.5126135085181613 0.05 0.05
0 0.39277739271938283 0.5036131870781101 0.05 0.05
0 0.4053135547251688 0.5241853503696561 0.05 0.05
0 0.44388636089681777 0.6424752892960464 0.05 0.05
0 0.37156234932497584 0.8057668354226937 0.05 0.05
0 0.32334634161041464 0.7877661925425908 0.05 0.05
0 0.28380921528447445 0.780051631308261 0.05 0.05
0 0.5017455701542912 0.531899911603986 0.05 0.05
0 0.5412826964802314 0.4701834217293475 0.05 0.05
0 0.6454292731436837 0.4148957328833173 0.05 0.05
0 0.6849663994696239 0.44446821761491484 0.05 0.05
0 0.7370396878013501 0.3081776358084217 0.05 0.05
0 0.7852556955159112 0.28889123272259726 0.05 0.05
0 0.6367503917550627 0.12431392639022824 0.05 0.05
0 0.6560367948408872 0.11274208453873354 0.05 0.05
0 0.6695372770009642 0.09088416104146582 0.05 0.05
0 0.6087851072806172 0.11788512536162017 0.05 0.05
0 0.26741577266152367 0.14745761009321764 0.05 0.05
0 0.21341384402121505 0.11659936515589849 0.05 0.05
0 0.21823544479267118 0.09216992124718738 0.05 0.05
0 0.25584393081002893 0.23874658469945362 0.05 0.05
0 0.1999133618611379 0.22074594181935073 0.05 0.05
0 0.4448506810511089 0.21303138058502094 0.05 0.05
0 0.3108101796046287 0.10245600289296052 0.05 0.05
0 0.3435970648505304 0.09988448248151727 0.05 0.05
