0 0.17304612523992322 0.45049784069097903 0.05 0.05
0 0.1087467010556622 0.4223468490083173 0.05 0.05
0 0.14425533829174664 0.5093590051183622 0.05 0.05
0 0.23542616362763918 0.9751299584133079 0.05 0.05
0 0.5079789467370441 0.8740423064619323 0.05 0.05
0 0.4408004438579655 0.8420525431861805 0.05 0.05
0 0.4647927663147794 0.7320077575175944 0.05 0.05
0 0.40433211372360855 0.525993682021753 0.05 0.05
0 0.394735184740883 0.506799824056302 0.05 0.05
0 0.41296934980806144 0.4812080134357006 0.05 0.05
0 0.5060595609404991 0.5400691778630837 0.05 0.05
0 0.5463666626679463 0.5323916346769034 0.05 0.05
0 0.5665202135316699 0.49784269033909145 0.05 0.05
0 0.624101787428023 0.8266974568138197 0.05 0.05
0 0.7344664707293667 0.962334053103007 0.05 0.05
0 0.7814914227447217 0.5912527991042865 0.05 0.05
0 0.8889770273512475 0.7575995681381957 0.05 0.05
0 0.8899367202495201 0.5119181861804223 0.05 0.05
0 0.8438714611324377 0.2572796705054382 0.05 0.05
0 0.793967430422265 0.26751639475367883 0.05 0.05
0 0.7747735724568139 0.19585932501599476 0.05 0.05
0 0.7287083133397314 0.13443897952655146 0.05 0.05
0 0.6644088891554703 0.13187979846449133 0.05 0.05
0 0.33619391794625725 0.2828714811260397 0.05 0.05
0 0.2536603286948177 0.18562260076775428 0.05 0.05
0 0.24214401391554707 0.16131038067818296 0.05 0.05
0 0.19128029030710175 0.21249400191938578 0.05 0.05
0 0.4455989083493283 0.20737563979526547 0.05 0.05
0 0.28916896593090213 0.11012675943698014 0.05 0.05
0 0.2728541866602688 0.09733085412667937 0.05 0.05
0 0.2901286588291747 0.08965331094049904 0.05 0.05
0 0.30932251679462575 0.08453494881637873 0.05 0.05
0 0.3208388315738964 0.07685740563019827 0.05 0.05
0 0.33523422504798467 0.07941658669225843 0.05 0.05
0 0.36018624040307107 0.08965331094049904 0.05 0.05
0 0.3707428622840691 0.09221249200255907 0.05 0.05
0 0.22582923464491364 0.09861044465770945 0.05 0.05
0 0.1903205974088292 0.10372880678182976 0.05 0.05
0 0.20663537667946258 0.04102887076135626 0.05 0.05
0 0.22966800623800387 0.04230846129238633 0.05 0.05
