0 0.20664805761099364 0.06975202607470041 0.05 0.05
0 0.23360366014799155 0.076094520789288 0.05 0.05
0 0.19237744450317124 0.13106280831571507 0.05 0.05
0 0.27324425211416487 0.08877951021846352 0.05 0.05
0 0.2843436178646934 0.09512200493305123 0.05 0.05
0 0.2938573599365751 0.09089367512332605 0.05 0.05
0 0.33825482293868925 0.09089367512332605 0.05 0.05
0 0.34301169397463005 0.0824370155038757 0.05 0.05
0 0.3097135967230444 0.1331769732205777 0.05 0.05
0 0.3477685650105709 0.1500902924594783 0.05 0.05
0 0.24311740221987313 0.2198577343199434 0.05 0.05
0 0.2811723705073996 0.2198577343199434 0.05 0.05
0 0.44290598572938694 0.20505857998590535 0.05 0.05
0 0.45876222251585624 0.19871608527131765 0.05 0.05
0 0.4540053514799155 0.2135152396053557 0.05 0.05
0 0.6664789244186047 0.15220445736434082 0.05 0.05
0 0.21140492864693447 0.39321925651867495 0.05 0.05
0 0.1448087341437632 0.38264843199436205 0.05 0.05
0 0.07821253964059194 0.3911050916138123 0.05 0.05
0 0.19554869186046514 0.4524158738548272 0.05 0.05
0 0.2589736390063425 0.4376167195207891 0.05 0.05
0 0.25263114429175476 0.5708091085271316 0.05 0.05
0 0.1527368525369979 0.5454391296687807 0.05 0.05
0 0.06394192653276953 0.5665807787174065 0.05 0.05
0 0.4444916094080339 0.630005725863284 0.05 0.05
0 0.45559097515856245 0.7420564658210006 0.05 0.05
0 0.2986142309725158 0.9471304615926709 0.05 0.05
0 0.8932231104651164 0.9344454721634954 0.05 0.05
0 0.6315952034883722 0.5221833157152923 0.05 0.05
0 0.564999008985201 0.47144335799859044 0.05 0.05
0 0.6966057743128965 0.5242974806201548 0.05 0.05
0 0.7758869582452432 0.5242974806201548 0.05 0.05
0 0.8297981633192391 0.448187544045102 0.05 0.05
0 0.8948087341437633 0.42704589499647627 0.05 0.05
0 0.35569668340380556 0.09089367512332605 0.05 0.05
0 0.3667960491543341 0.09089367512332605 0.05 0.05
