0 0.8741956263213531 0.23465688865398146 0.05 0.05
0 0.27641549947145877 0.09089367512332605 0.05 0.05
0 0.2811723705073996 0.09935033474277641 0.05 0.05
0 0.2906861125792812 0.09089367512332605 0.05 0.05
0 0.33508357558139534 0.08666534531360087 0.05 0.05
0 0.35569668340380556 0.0824370155038757 0.05 0.05
0 0.3303267045454546 0.19448775546159247 0.05 0.05
0 0.3667960491543341 0.19448775546159247 0.05 0.05
0 0.35252543604651165 0.22620022903453124 0.05 0.05
0 0.4127791358350952 0.20083025017618017 0.05 0.05
0 0.4365634910147992 0.16488944679351636 0.05 0.05
0 0.29702860729386893 0.25157020789288204 0.05 0.05
0 0.30337110200845663 0.27905435165609566 0.05 0.05
0 0.24945989693446088 0.247341878083157 0.05 0.05
0 0.1273668736786469 0.46721502818886523 0.05 0.05
0 0.11785313160676532 0.4503017089499645 0.05 0.05
0 0.0036882267441860073 0.608864076814658 0.05 0.05
0 0.0813837869978858 0.6130924066243832 0.05 0.05
0 0.006859474101479879 0.46932919309372784 0.05 0.05
0 0.20347681025369982 0.7420564658210006 0.05 0.05
0 0.17810683139534883 0.8033672480620154 0.05 0.05
0 0.2811723705073996 0.7462847956307257 0.05 0.05
0 0.32556983350951374 0.8541072057787173 0.05 0.05
0 0.5475571485200846 0.47567168780831554 0.05 0.05
