0 0.19396306818181813 0.09089367512332618 0.05 0.05
0 0.19713431553911204 0.14163363284002795 0.05 0.05
0 0.22250429439746303 0.15431862226920348 0.05 0.05
0 0.24311740221987313 0.11414948907681446 0.05 0.05
0 0.2669017573995772 0.09089367512332605 0.05 0.05
0 0.2906861125792812 0.09512200493305123 0.05 0.05
0 0.30495672568710364 0.09089367512332605 0.05 0.05
0 0.2986142309725158 0.13529113812544022 0.05 0.05
0 0.33349795190274845 0.08666534531360087 0.05 0.05
0 0.35252543604651165 0.08666534531360087 0.05 0.05
0 0.4540053514799155 0.19448775546159247 0.05 0.05
0 0.7505169793868923 0.8223947322057785 0.05 0.05
0 0.3112992204016914 0.7843397639182522 0.05 0.05
0 0.8583393895348838 0.8773630197322058 0.05 0.05
0 0.5443859011627907 0.47144335799859044 0.05 0.05
