0 0.2249875992063492 0.10289351851851845 0.05 0.05
0 0.2666542658730158 0.10024801587301582 0.05 0.05
0 0.3162574404761904 0.09760251322751318 0.05 0.05
0 0.34006696428571426 0.13993055555555547 0.05 0.05
0 0.28252728174603164 0.15315806878306878 0.05 0.05
0 0.28847966269841263 0.18754960317460317 0.05 0.05
0 0.2011780753968253 0.13199404761904757 0.05 0.05
0 0.06427331349206347 0.4547453703703702 0.05 0.05
0 0.04046378968253965 0.576438492063492 0.05 0.05
0 0.07419394841269836 0.5605654761904761 0.05 0.05
0 0.18927331349206342 0.7536871693121692 0.05 0.05
0 0.34205109126984123 0.7801421957671957 0.05 0.05
0 0.38768601190476176 0.7907242063492063 0.05 0.05
0 0.4253844246031745 0.7325231481481481 0.05 0.05
0 0.44919394841269833 0.6796130952380951 0.05 0.05
0 0.4789558531746031 0.6081845238095237 0.05 0.05
0 0.39760664682539676 0.5103009259259258 0.05 0.05
0 0.40752728174603164 0.5341104497354496 0.05 0.05
0 0.4511780753968253 0.25104166666666666 0.05 0.05
0 0.4452256944444444 0.2060681216931216 0.05 0.05
0 0.46308283730158717 0.22458664021164007 0.05 0.05
0 0.5484002976190474 0.2060681216931216 0.05 0.05
0 0.5424479166666665 0.07643849206349197 0.05 0.05
0 0.8579241071428569 0.2483961640211639 0.05 0.05
0 0.8757812499999996 0.23516865079365074 0.05 0.05
0 0.8281622023809521 0.39125330687830673 0.05 0.05
0 0.7745907738095237 0.4018353174603174 0.05 0.05
0 0.5384796626984125 0.4653273809523809 0.05 0.05
0 0.5821304563492062 0.486491402116402 0.05 0.05
0 0.5761780753968252 0.5314649470899471 0.05 0.05
0 0.5126860119047618 0.5367559523809523 0.05 0.05
0 0.5107018849206348 0.7219411375661374 0.05 0.05
0 0.7686383928571426 0.5632109788359788 0.05 0.05
