0 0.3780913116016428 0.058878764544832055 0.05 0.05
0 0.33907693788501037 0.052034137577002086 0.05 0.05
0 0.29595578798767974 0.14512106433949346 0.05 0.05
0 0.26823504876796717 0.1437521389459275 0.05 0.05
0 0.25488802618069817 0.10542222792607797 0.05 0.05
0 0.2723418249486654 0.09720867556468171 0.05 0.05
0 0.2877422356262834 0.09447082477754959 0.05 0.05
0 0.32367652720739226 0.18892667693360715 0.05 0.05
0 0.3329167736139631 0.26695542436687203 0.05 0.05
0 0.29082231776180706 0.26695542436687203 0.05 0.05
0 0.22614059291581112 0.291596081451061 0.05 0.05
0 0.18609952515400416 0.2642175735797399 0.05 0.05
0 0.21382026437371668 0.37236267967145786 0.05 0.05
0 0.24975455595482549 0.3819451574264202 0.05 0.05
0 0.3031426463039015 0.3901587097878166 0.05 0.05
0 0.1655656442505134 0.36962482888432574 0.05 0.05
0 0.19739315965092405 0.481876711156742 0.05 0.05
0 0.26207488449691996 0.4764010095824778 0.05 0.05
0 0.07316318018480496 0.4941970396988365 0.05 0.05
0 0.10088391940451746 0.829583761122519 0.05 0.05
0 0.1522186216632444 0.8569622689938399 0.05 0.05
0 0.16967242043121153 0.7980984770704997 0.05 0.05
0 0.3298366914784395 0.8090498802190281 0.05 0.05
0 0.4858941863449693 0.6201381759069131 0.05 0.05
0 0.4951344327515401 0.5763325633127995 0.05 0.05
0 0.4971878208418892 0.536633726899384 0.05 0.05
0 0.4448264245379877 0.5215755475701574 0.05 0.05
0 0.3739845354209447 0.4969348904859686 0.05 0.05
0 0.3873315580082136 0.4750320841889117 0.05 0.05
0 0.4396929543121151 0.21356733401779604 0.05 0.05
0 0.45509336498973313 0.20261593086926766 0.05 0.05
0 0.5485225231006161 0.4764010095824778 0.05 0.05
0 0.8534506545174538 0.6694194900752909 0.05 0.05
0 0.8842514758726902 0.9076125085557838 0.05 0.05
0 0.7856888475359345 0.9377288672142369 0.05 0.05
0 0.559816157597536 0.18481990075290894 0.05 0.05
