0 0.3126256555944056 0.09282488344988356 0.05 0.05
0 0.25886691433566433 0.18897872960372955 0.05 0.05
0 0.28377950174825173 0.1714962121212121 0.05 0.05
0 0.22084243881118884 0.25716054778554776 0.05 0.05
0 0.44374453671328673 0.20471299533799533 0.05 0.05
0 0.4529228583916084 0.2064612470862471 0.05 0.05
0 0.53946131993007 0.213454254079254 0.05 0.05
0 0.7715417395104895 0.28163607226107223 0.05 0.05
0 0.7898983828671329 0.34981789044289047 0.05 0.05
0 0.831856424825175 0.3690486596736597 0.05 0.05
0 0.886926354895105 0.4145032051282051 0.05 0.05
0 0.5433948863636364 0.46695075757575755 0.05 0.05
0 0.587975305944056 0.49492278554778557 0.05 0.05
0 0.5578179632867133 0.5246430652680654 0.05 0.05
0 0.5093039772727274 0.540377331002331 0.05 0.05
0 0.400475305944056 0.5071605477855478 0.05 0.05
0 0.400475305944056 0.5298878205128206 0.05 0.05
0 0.2798459353146853 0.49667103729603734 0.05 0.05
0 0.21166411713286717 0.6819857226107227 0.05 0.05
0 0.23526551573426574 0.902265442890443 0.05 0.05
0 0.024164117132867126 0.9774402680652681 0.05 0.05
0 0.27722355769230766 0.811356351981352 0.05 0.05
0 0.29689138986013985 0.7571605477855479 0.05 0.05
0 0.35065013111888116 0.7763913170163171 0.05 0.05
0 0.42276551573426574 0.7956220862470863 0.05 0.05
0 0.4358774038461538 0.7466710372960373 0.05 0.05
0 0.4935697115384616 0.7239437645687646 0.05 0.05
