0 0.38195895767613025 0.21853202769015106 0.05 0.05
0 0.41560774842271286 0.24236658780231365 0.05 0.05
0 0.42822604495268124 0.3180763669821244 0.05 0.05
0 0.45766873685594095 0.2003055993690855 0.05 0.05
0 0.6027791469505781 0.2690052138100249 0.05 0.05
0 0.6227581164563615 0.249376752541185 0.05 0.05
0 0.5638727326498421 0.20310966526463403 0.05 0.05
0 0.3398979692429021 0.2409645548545394 0.05 0.05
0 0.26839428890641426 0.23816048895899086 0.05 0.05
0 0.21581805336487903 0.14282224851034034 0.05 0.05
0 0.18847841088328074 0.15684257798808307 0.05 0.05
0 0.21686957807570972 0.07552466701717529 0.05 0.05
0 0.2641881900630914 0.0909470294426922 0.05 0.05
0 0.2946824066771818 0.08954499649491794 0.05 0.05
0 0.28942478312302833 0.10216329302488643 0.05 0.05
0 0.18322078732912722 0.3222824658254472 0.05 0.05
0 0.19689060856992638 0.2774174114966705 0.05 0.05
0 0.3167644256046266 0.3096641692954788 0.05 0.05
0 0.1337991259200841 0.5185670785138453 0.05 0.05
0 0.06860459384858046 0.5367935068349109 0.05 0.05
0 0.06650154442691907 0.6910171310900808 0.05 0.05
0 0.029698179547844417 0.7050374605678235 0.05 0.05
0 0.28942478312302833 0.7667269102698915 0.05 0.05
0 0.3924742047844373 0.5031447160883283 0.05 0.05
0 0.41245317429022066 0.5241752103049424 0.05 0.05
0 0.439792816771819 0.5241752103049424 0.05 0.05
0 0.5102449723974762 0.5367935068349109 0.05 0.05
0 0.5491513866982122 0.5227731773571681 0.05 0.05
0 0.5628212079390114 0.4989386172450055 0.05 0.05
0 0.5470483372765508 0.4765060900806172 0.05 0.05
0 0.7321166863827547 0.16946087451805145 0.05 0.05
0 0.7499926064668767 0.16104867683140586 0.05 0.05
0 0.3987833530494215 0.2199340606379253 0.05 0.05
0 0.439792816771819 0.25358285138450776 0.05 0.05
0 0.4608233109884331 0.28582960918331607 0.05 0.05
0 0.19058146030494214 0.044679942166141254 0.05 0.05
