0 0.21297530594405592 0.050866841491841557 0.05 0.05
0 0.20248579545454545 0.08233537296037288 0.05 0.05
0 0.2418214597902098 0.09806963869463867 0.05 0.05
0 0.26804523601398605 0.11380390442890445 0.05 0.05
0 0.26804523601398605 0.09457313519813511 0.05 0.05
0 0.2811571241258741 0.09282488344988345 0.05 0.05
0 0.30869208916083923 0.10156614219114223 0.05 0.05
0 0.34147180944055944 0.08058712121212111 0.05 0.05
0 0.3506501311188811 0.08058712121212111 0.05 0.05
0 0.24837740384615387 0.19072698135198132 0.05 0.05
0 0.29951376748251757 0.276391317016317 0.05 0.05
0 0.35196131993006996 0.2746430652680653 0.05 0.05
0 0.4175207604895105 0.30086684149184156 0.05 0.05
0 0.434566215034965 0.2851325757575758 0.05 0.05
0 0.43718859265734267 0.21869900932400935 0.05 0.05
0 0.44636691433566433 0.21869900932400935 0.05 0.05
0 0.46341236888111903 0.5281395687645688 0.05 0.05
0 0.525038243006993 0.5526150932400932 0.05 0.05
0 0.5447060751748252 0.4686990093240093 0.05 0.05
0 0.72696131993007 0.4092584498834499 0.05 0.05
0 0.8541466346153849 0.3375801282051282 0.05 0.05
0 0.8711920891608393 0.325342365967366 0.05 0.05
0 0.6600906905594407 0.5561115967365968 0.05 0.05
0 0.7544962849650352 0.6610067016317017 0.05 0.05
0 0.45030048076923085 0.7659018065268065 0.05 0.05
0 0.3427829982517483 0.9459717365967367 0.05 0.05
0 0.31262565559440564 0.7816360722610723 0.05 0.05
0 0.26411166958041965 0.7501675407925409 0.05 0.05
