0 0.41968720009596927 0.48120801343570074 0.05 0.05
0 0.3966545705374281 0.505520233525272 0.05 0.05
0 0.4120096569097889 0.524714091490723 0.05 0.05
0 0.43792136516314784 0.5336712252079335 0.05 0.05
0 0.5070192538387717 0.5387895873320537 0.05 0.05
0 0.5511651271593091 0.525993682021753 0.05 0.05
0 0.5655605206333973 0.49784269033909145 0.05 0.05
0 0.5377294265834933 0.4812080134357006 0.05 0.05
0 0.2392649352207294 0.7767934261036468 0.05 0.05
0 0.14809410988483687 0.6270813339731286 0.05 0.05
0 0.0396488123800384 0.6411568298144594 0.05 0.05
0 0.017575875719769686 0.615565019193858 0.05 0.05
0 0.13657779510556622 0.4863263755598208 0.05 0.05
0 0.11642424424184261 0.38139995201535515 0.05 0.05
0 0.19223998320537433 0.41211012476007675 0.05 0.05
0 0.23830524232245684 0.37500199936020473 0.05 0.05
0 0.21143384117082537 0.3199796065259117 0.05 0.05
0 0.2651766434740883 0.3455714171465131 0.05 0.05
0 0.33235514635316704 0.344291826615483 0.05 0.05
0 0.18648182581573897 0.16258997120921304 0.05 0.05
0 0.23254708493282156 0.17538587651951368 0.05 0.05
0 0.2536603286948177 0.1587511996161228 0.05 0.05
0 0.3035643594049905 0.180504238643634 0.05 0.05
0 0.33619391794625725 0.17538587651951368 0.05 0.05
0 0.34962961852207297 0.15619201855406264 0.05 0.05
0 0.3784204054702496 0.14851447536788218 0.05 0.05
0 0.4455989083493283 0.20737563979526547 0.05 0.05
0 0.2613378718809981 0.11396553103007037 0.05 0.05
0 0.23638585652591174 0.09477167306461923 0.05 0.05
0 0.22870831333973132 0.05126559500959686 0.05 0.05
0 0.2603781789827256 0.04358805182341641 0.05 0.05
0 0.2978062020153551 0.04230846129238633 0.05 0.05
0 0.3208388315738964 0.05254518554062694 0.05 0.05
0 0.30548374520153554 0.09477167306461923 0.05 0.05
0 0.2853301943378119 0.09861044465770945 0.05 0.05
0 0.3448311540307102 0.10244921625079968 0.05 0.05
0 0.3534683901151632 0.09349208253358915 0.05 0.05
