0 0.20666360294117644 0.1268854468016715 0.05 0.05
0 0.2500580098842816 0.18217313564770177 0.05 0.05
0 0.2886308160559306 0.17831585503053685 0.05 0.05
0 0.32141770130183217 0.16802977338476383 0.05 0.05
0 0.2828448951301832 0.09345568145290907 0.05 0.05
0 0.3127388199132112 0.09474144165863076 0.05 0.05
0 0.3387754640790742 0.09988448248151727 0.05 0.05
0 0.4467793213596914 0.2040310591449695 0.05 0.05
0 0.38602715163934426 0.7530506669881069 0.05 0.05
0 0.32141770130183217 0.7774801108968178 0.05 0.05
0 0.2568082509643202 0.7594794680167148 0.05 0.05
0 0.4409934004339441 0.654047131147541 0.05 0.05
0 0.4101351554966248 0.5409002330440373 0.05 0.05
0 0.39567035318225646 0.517756549341048 0.05 0.05
0 0.5065671709257473 0.5370429524268725 0.05 0.05
0 0.5943203049662488 0.513899268723883 0.05 0.05
0 0.5489972577145612 0.4727549421407907 0.05 0.05
0 0.745718569189971 0.5936164014786243 0.05 0.05
0 0.8199712210703953 0.6347607280617165 0.05 0.05
0 0.8691515489392477 0.6360464882674381 0.05 0.05
0 0.8749374698649952 0.4727549421407907 0.05 0.05
0 0.7736838536644166 0.4701834217293475 0.05 0.05
0 0.693645280858245 0.9523434988749598 0.05 0.05
0 0.6107137475891996 0.9189137335261974 0.05 0.05
0 0.8170782606075218 0.21688866120218578 0.05 0.05
0 0.7871843358244938 0.20531681935069107 0.05 0.05
0 0.7650049722757956 0.20788833976213444 0.05 0.05
0 0.5422470166345226 0.09216992124718738 0.05 0.05
