0 0.32059644507186863 0.4339643223819299 0.05 0.05
0 0.38938494609856267 0.4791388603696099 0.05 0.05
0 0.4437997304928132 0.5188376967830254 0.05 0.05
0 0.5023212910677619 0.5448472792607804 0.05 0.05
0 0.4971878208418892 0.5859150410677619 0.05 0.05
0 0.46228022330595486 0.6242449520876113 0.05 0.05
0 0.5813767325462014 0.5804393394934977 0.05 0.05
0 0.5464691350102671 0.48324563655030806 0.05 0.05
0 0.6121775539014375 0.7091183264887064 0.05 0.05
0 0.6224444943531828 0.6488856091718003 0.05 0.05
0 0.9150522972279262 0.696797997946612 0.05 0.05
0 0.7251138988706367 0.36962482888432574 0.05 0.05
0 0.7631015785420946 0.3395084702258727 0.05 0.05
0 0.7477011678644765 0.26969327515400415 0.05 0.05
0 0.7014999358316223 0.2833825290896646 0.05 0.05
0 0.5495492171457906 0.2012470054757016 0.05 0.05
0 0.4407196483572896 0.21767411019849423 0.05 0.05
0 0.4458531185831623 0.19987808008213553 0.05 0.05
0 0.29184901180698153 0.2943339322381931 0.05 0.05
0 0.25078125000000007 0.2943339322381931 0.05 0.05
0 0.22922067505133475 0.2286255133470225 0.05 0.05
0 0.2014999358316222 0.14785891512662558 0.05 0.05
0 0.2333274512320329 0.15744139288158793 0.05 0.05
0 0.22922067505133475 0.12048040725530455 0.05 0.05
0 0.23024736909650928 0.06846124229979461 0.05 0.05
0 0.1850728311088296 0.039713809034907635 0.05 0.05
0 0.2795286832648871 0.09994652635181384 0.05 0.05
0 0.29184901180698153 0.09583975017111565 0.05 0.05
0 0.3144362808008214 0.8446419404517455 0.05 0.05
0 0.7210071226899385 0.32718814168377824 0.05 0.05
