0 0.22477600524475524 0.07009761072261066 0.05 0.05
0 0.26935642482517486 0.08932837995337989 0.05 0.05
0 0.2864018793706294 0.10156614219114223 0.05 0.05
0 0.30869208916083923 0.10156614219114223 0.05 0.05
0 0.3427829982517483 0.07709061771561766 0.05 0.05
0 0.35196131993006996 0.08583187645687644 0.05 0.05
0 0.22346481643356647 0.23093677156177156 0.05 0.05
0 0.27591236888111886 0.22394376456876455 0.05 0.05
0 0.3624508304195805 0.34981789044289047 0.05 0.05
0 0.4450557255244755 0.21170600233100234 0.05 0.05
0 0.45423404720279714 0.21520250582750577 0.05 0.05
0 0.6037095716783216 0.22394376456876455 0.05 0.05
0 0.6181326486013987 0.16275495337995333 0.05 0.05
0 0.692870410839161 0.1295381701631701 0.05 0.05
0 0.7243389423076925 0.12778991841491844 0.05 0.05
0 0.7649857954545455 0.22044726107226112 0.05 0.05
0 0.796454326923077 0.22219551282051278 0.05 0.05
0 0.8882375437062938 0.24667103729603734 0.05 0.05
0 0.9367515297202799 0.6487689393939394 0.05 0.05
0 0.7295836975524477 0.8026150932400934 0.05 0.05
0 0.6640242569930072 0.8061115967365968 0.05 0.05
0 0.5538843968531468 0.8061115967365968 0.05 0.05
0 0.4083424388111888 0.83932837995338 0.05 0.05
0 0.4398109702797203 0.7256920163170163 0.05 0.05
0 0.31655922202797204 0.797370337995338 0.05 0.05
0 0.1867515297202797 0.8707969114219114 0.05 0.05
0 0.150038243006993 0.6452724358974359 0.05 0.05
0 0.13561516608391608 0.5928248834498835 0.05 0.05
0 0.42932145979020986 0.5421255827505828 0.05 0.05
0 0.4621011800699302 0.5386290792540792 0.05 0.05
0 0.5276606206293707 0.5438738344988345 0.05 0.05
0 0.5656850961538462 0.526391317016317 0.05 0.05
0 0.5853529283216783 0.5019157925407925 0.05 0.05
0 0.5473284527972029 0.4704472610722611 0.05 0.05
