0 0.1333752712150434 0.4097526920604307 0.05 0.05
0 0.20569928278688526 0.430324855351977 0.05 0.05
0 0.2548796106557377 0.44318245740919326 0.05 0.05
0 0.1719480773866924 0.5743299983927999 0.05 0.05
0 0.12469638982642237 0.5576151157184185 0.05 0.05
0 0.24137912849566057 0.5846160800385729 0.05 0.05
0 0.2625941718900675 0.9124849324975892 0.05 0.05
0 0.3445613850048216 0.8430538813886211 0.05 0.05
0 0.4429220407425265 0.6373322484731597 0.05 0.05
0 0.4110994756509161 0.5254711105753778 0.05 0.05
0 0.3947060330279653 0.49589862584378014 0.05 0.05
0 0.4110994756509161 0.46246886049501773 0.05 0.05
0 0.5104244515429122 0.528042630986821 0.05 0.05
0 0.5952846251205399 0.4997559064609451 0.05 0.05
0 0.5441756569431051 0.4663261411121827 0.05 0.05
0 0.8055064187560269 0.6437610495017679 0.05 0.05
0 0.6406076723722276 0.9742014223722276 0.05 0.05
0 0.4487079616682738 0.20660257955641276 0.05 0.05
0 0.329132262536162 0.13202848762455802 0.05 0.05
0 0.2944167369816779 0.1268854468016715 0.05 0.05
0 0.28573785559305687 0.09216992124718738 0.05 0.05
0 0.31370314006750244 0.09345568145290907 0.05 0.05
0 0.3493829857762777 0.09731296207007402 0.05 0.05
