0 0.44334142505470453 0.2056368526622902 0.05 0.05
0 0.5401685585339169 0.21220140408460963 0.05 0.05
0 0.6452013812910284 0.15312044128373437 0.05 0.05
0 0.6681773112691467 0.13780315463165552 0.05 0.05
0 0.7288994119256018 0.20344866885485036 0.05 0.05
0 0.7748512718818381 0.20344866885485036 0.05 0.05
0 0.7863392368708972 0.36975063822027704 0.05 0.05
0 0.8339322346827135 0.4966652990517869 0.05 0.05
0 0.7354639633479214 0.49885348285922676 0.05 0.05
0 0.6386368298687091 0.4813480123997082 0.05 0.05
0 0.5943261077680526 0.40038521152443457 0.05 0.05
0 0.5483742478118162 0.46384254194018953 0.05 0.05
0 0.5057046635667397 0.5404289752005835 0.05 0.05
0 0.39082501367614875 0.5054180342815463 0.05 0.05
0 0.4072363922319475 0.5207353209336251 0.05 0.05
0 0.45154711433260397 0.58419265134938 0.05 0.05
0 0.44334142505470464 0.6410854303428155 0.05 0.05
0 0.50242238785558 0.7001663931436907 0.05 0.05
0 0.6140197620350111 0.7526828045222466 0.05 0.05
0 0.551656523522976 0.8139519511305617 0.05 0.05
0 0.4876521471553611 0.846774708242159 0.05 0.05
0 0.400671840809628 0.809575583515682 0.05 0.05
0 0.3432320158643326 0.7680000911743253 0.05 0.05
0 0.1922473331509847 0.8051992159008025 0.05 0.05
0 0.17091254102844636 0.759247355944566 0.05 0.05
0 0.05110947757111593 0.6564027169948943 0.05 0.05
0 0.11019044037199122 0.6016981218088986 0.05 0.05
0 0.11347271608315095 0.5404289752005835 0.05 0.05
