0 0.21616179968287524 0.03592538759689911 0.05 0.05
0 0.23360366014799155 0.03592538759689899 0.05 0.05
0 0.27165862843551797 0.10992115926708929 0.05 0.05
0 0.2811723705073996 0.10569282945736411 0.05 0.05
0 0.27324425211416487 0.09089367512332605 0.05 0.05
0 0.2811723705073996 0.09089367512332605 0.05 0.05
0 0.29227173625792807 0.09089367512332605 0.05 0.05
0 0.33666919926004224 0.09089367512332605 0.05 0.05
0 0.34399797354948797 0.080393202502844 0.05 0.05
0 0.4318066199788584 0.20083025017618017 0.05 0.05
0 0.465104717230444 0.19871608527131765 0.05 0.05
0 0.34142607029598315 0.24522771317829437 0.05 0.05
0 0.31922733879492604 0.22831439393939376 0.05 0.05
0 0.2748298757928119 0.24522771317829437 0.05 0.05
0 0.22408991807610992 0.21140107470049305 0.05 0.05
0 0.2288467891120507 0.23254272374911883 0.05 0.05
0 0.20189118657505284 0.22197189922480595 0.05 0.05
0 0.1527368525369979 0.47567168780831554 0.05 0.05
0 0.21774742336152214 0.4799000176180408 0.05 0.05
0 0.1527368525369979 0.5644666138125439 0.05 0.05
0 0.17017871300211415 0.7547414552501761 0.05 0.05
0 0.7061195163847781 0.22408606412966858 0.05 0.05
0 0.7188045058139536 0.28962517618040856 0.05 0.05
0 0.7457601083509514 0.23465688865398146 0.05 0.05
0 0.7600307214587738 0.20928690979563053 0.05 0.05
0 0.7790582056025371 0.18180276603241693 0.05 0.05
0 0.6411089455602538 0.1500902924594783 0.05 0.05
0 0.5935402352008458 0.14374779774489058 0.05 0.05
0 0.5538996432346723 0.46932919309372784 0.05 0.05
