0 0.2684873810782241 0.08877951021846352 0.05 0.05
0 0.2795867468287526 0.08877951021846352 0.05 0.05
0 0.2938573599365751 0.08877951021846352 0.05 0.05
0 0.34142607029598315 0.09512200493305123 0.05 0.05
0 0.35411105972515855 0.08877951021846352 0.05 0.05
0 0.3477685650105709 0.17546027131782924 0.05 0.05
0 0.3810666622621565 0.18814526074700477 0.05 0.05
0 0.46034784619450325 0.19448775546159247 0.05 0.05
0 0.23360366014799155 0.19660192036645513 0.05 0.05
0 0.5523140195560254 0.46510086328400274 0.05 0.05
0 0.6648933007399578 0.4249317300916137 0.05 0.05
0 0.6870920322410149 0.4312742248062013 0.05 0.05
0 0.7473457320295983 0.4587583685694149 0.05 0.05
0 0.8408975290697676 0.2811685165609582 0.05 0.05
0 0.8646818842494716 0.23677105355884412 0.05 0.05
0 0.8837093683932349 0.24311354827343182 0.05 0.05
0 0.6633076770613109 0.17546027131782924 0.05 0.05
0 0.6395233218816069 0.1860310958421421 0.05 0.05
0 0.6173245903805498 0.18814526074700477 0.05 0.05
0 0.6062252246300213 0.1860310958421421 0.05 0.05
0 0.15115122885835094 0.630005725863284 0.05 0.05
0 0.062356302854122594 0.5264116455250175 0.05 0.05
0 0.05442818446088791 0.6532615398167722 0.05 0.05
0 0.18444932610993658 0.7420564658210006 0.05 0.05
0 0.2780011231501057 0.7462847956307257 0.05 0.05
