0 0.13753748800383875 0.3865183141394754 0.05 0.05
0 0.20759506957773516 0.3570877319257837 0.05 0.05
0 0.28724958013435703 0.3775611804222649 0.05 0.05
0 0.4187275071976968 0.4812080134357006 0.05 0.05
0 0.4024127279270634 0.5093590051183622 0.05 0.05
0 0.4120096569097889 0.5311120441458733 0.05 0.05
0 0.5070192538387717 0.5375099968010237 0.05 0.05
0 0.5521248200575817 0.525993682021753 0.05 0.05
0 0.5655605206333973 0.5016814619321817 0.05 0.05
0 0.5482860484644914 0.47225087971849006 0.05 0.05
0 0.568439599328215 0.6987384037108125 0.05 0.05
0 0.33235514635316704 0.7985464651311581 0.05 0.05
0 0.6634491962571978 0.6846629078694818 0.05 0.05
0 0.6701670465451056 0.5387895873320537 0.05 0.05
0 0.7690154150671786 0.5554242642354447 0.05 0.05
0 0.7824511156429943 0.5426283589251439 0.05 0.05
0 0.7709348008637236 0.41211012476007675 0.05 0.05
0 0.8812994841650672 0.48376719449776073 0.05 0.05
0 0.7728541866602687 0.20865523032629554 0.05 0.05
0 0.7335067778310942 0.19330014395393463 0.05 0.05
0 0.4484779870441459 0.199698096609085 0.05 0.05
0 0.2882092730326296 0.09733085412667937 0.05 0.05
0 0.2661363363723609 0.09733085412667937 0.05 0.05
0 0.2738138795585413 0.03974928023032618 0.05 0.05
0 0.21623230566218812 0.058943138195777324 0.05 0.05
0 0.36498470489443385 0.08453494881637873 0.05 0.05
