0 0.25263114429175476 0.11203532417195193 0.05 0.05
0 0.27165862843551797 0.09723616983791387 0.05 0.05
0 0.28592924154334043 0.09512200493305123 0.05 0.05
0 0.2938573599365751 0.08877951021846352 0.05 0.05
0 0.33825482293868925 0.09089367512332605 0.05 0.05
0 0.3461829413319239 0.076094520789288 0.05 0.05
0 0.3303267045454546 0.20928690979563053 0.05 0.05
0 0.3652104254756871 0.19448775546159247 0.05 0.05
0 0.45559097515856245 0.19448775546159247 0.05 0.05
0 0.5697558800211417 0.10992115926708929 0.05 0.05
0 0.683920784883721 0.18814526074700477 0.05 0.05
0 0.6426945692389008 0.26848352713178275 0.05 0.05
0 0.707705140063425 0.28539684637068347 0.05 0.05
0 0.8377262817124738 0.2409993833685692 0.05 0.05
0 0.8726100026427062 0.2409993833685692 0.05 0.05
0 0.06869879756871033 0.48412834742776584 0.05 0.05
0 0.1622505946088795 0.4989275017618039 0.05 0.05
0 0.23836053118393236 0.513726656095842 0.05 0.05
0 0.32239858615221995 0.513726656095842 0.05 0.05
0 0.17810683139534883 0.7589697850599013 0.05 0.05
0 0.5554852669133192 0.47355752290345293 0.05 0.05
