0 0.23559320756991325 0.3261782786885246 0.05 0.05
0 0.32334634161041464 0.22203170202507228 0.05 0.05
0 0.3175604206846673 0.18603041626486672 0.05 0.05
0 0.36770506870781094 0.20274529893924792 0.05 0.05
0 0.4487079616682738 0.2104598601735777 0.05 0.05
0 0.3947060330279653 0.5126135085181613 0.05 0.05
0 0.4053135547251688 0.531899911603986 0.05 0.05
0 0.4400290802796528 0.639903768884603 0.05 0.05
0 0.4390647601253616 0.6064740035358406 0.05 0.05
0 0.5027098903085825 0.5447575136612023 0.05 0.05
0 0.6058921468177434 0.5357571922211508 0.05 0.05
0 0.6753231979267117 0.47789798296367736 0.05 0.05
0 0.7331824071841851 0.4573258196721312 0.05 0.05
0 0.763076331967213 0.5036131870781101 0.05 0.05
0 0.8074350590646094 0.5717584779813565 0.05 0.05
0 0.7158246444069432 0.6309034474445517 0.05 0.05
0 0.8122566598360657 0.6489040903246545 0.05 0.05
0 0.7389683281099325 0.7504791465766636 0.05 0.05
0 0.814185300144648 0.7543364271938284 0.05 0.05
0 0.8363646636933462 0.875197886531662 0.05 0.05
0 0.9462971612825457 0.7029060189649631 0.05 0.05
0 0.8749374698649952 0.44061093699775 0.05 0.05
0 0.7659692924300868 0.16802977338476383 0.05 0.05
0 0.586605743731919 0.15902945194471235 0.05 0.05
0 0.35806186716489874 0.798052274188364 0.05 0.05
0 0.31948906099324975 0.783908911925426 0.05 0.05
0 0.290559456364513 0.7466218659594986 0.05 0.05
0 0.27802329435872714 0.10759904371584703 0.05 0.05
0 0.24716504942140788 0.09988448248151727 0.05 0.05
0 0.196056081243973 0.10502752330440378 0.05 0.05
0 0.3069528989874638 0.09216992124718738 0.05 0.05
0 0.346490025313404 0.09602720186435233 0.05 0.05
0 0.32527498191899706 0.11017056412729029 0.05 0.05
0 0.18255559908389588 0.11145632433301197 0.05 0.05
0 0.2886308160559306 0.09731296207007402 0.05 0.05
0 0.5509258980231436 0.4766122227579557 0.05 0.05
