0 0.3924742047844373 0.06430840343498107 0.05 0.05
0 0.3998348777602523 0.07272060112162677 0.05 0.05
0 0.27680648659305984 0.09375109533824073 0.05 0.05
0 0.28732173370136693 0.08814296354714367 0.05 0.05
0 0.20950890509989478 0.08954499649491794 0.05 0.05
0 0.21476652865404833 0.06430840343498107 0.05 0.05
0 0.18322078732912722 0.08113279880827236 0.05 0.05
0 0.18427231203995792 0.0671124693305296 0.05 0.05
0 0.21476652865404833 0.19609950052576272 0.05 0.05
0 0.23264244873817028 0.22554219242902238 0.05 0.05
0 0.2599820912197686 0.22694422537679665 0.05 0.05
0 0.2568275170872765 0.19750153347353697 0.05 0.05
0 0.2578790417981072 0.15964664388363162 0.05 0.05
0 0.29678545609884327 0.17647103925692278 0.05 0.05
0 0.3136098514721345 0.16525477567472865 0.05 0.05
0 0.35251626577287054 0.2003055993690855 0.05 0.05
0 0.3924742047844373 0.20731576410795682 0.05 0.05
0 0.26523971477392216 0.4386512004907118 0.05 0.05
0 0.20214823212407987 0.517165045566071 0.05 0.05
0 0.14746894716088327 0.5073508149316511 0.05 0.05
0 0.12118082939011568 0.4638877935506487 0.05 0.05
0 0.15588114484752888 0.4007963109008064 0.05 0.05
0 0.4029894518927444 0.5241752103049424 0.05 0.05
0 0.3945772542060987 0.5031447160883283 0.05 0.05
0 0.41245317429022066 0.4694959253417457 0.05 0.05
0 0.5070903982649841 0.5311853750438137 0.05 0.05
0 0.5523059608307043 0.5213711444093938 0.05 0.05
0 0.5575635843848579 0.49753658429723124 0.05 0.05
0 0.5365330901682437 0.4765060900806172 0.05 0.05
0 0.40614402602523647 0.7779431738520857 0.05 0.05
0 0.3903711553627759 0.8059838328075711 0.05 0.05
0 0.326228148002103 0.7751391079565372 0.05 0.05
0 0.2641881900630914 0.7737370750087629 0.05 0.05
0 0.6143459187697159 0.9097342709428672 0.05 0.05
0 0.8235993362250259 0.31667433403435014 0.05 0.05
0 0.801517317297581 0.2788194444444448 0.05 0.05
0 0.7058285686119871 0.23816048895899086 0.05 0.05
0 0.6900556979495265 0.17787307220469703 0.05 0.05
0 0.6532523330704519 0.15263647914476028 0.05 0.05
0 0.6343248882754993 0.14142021556256607 0.05 0.05
0 0.6343248882754993 0.21152186295127962 0.05 0.05
0 0.5544090102523658 0.20310966526463403 0.05 0.05
0 0.45661721214511025 0.2003055993690855 0.05 0.05
