0 0.15119192761806985 0.5051484428473646 0.05 0.05
0 0.19123299537987687 0.506517368240931 0.05 0.05
0 0.1501652335728953 0.41343044147843944 0.05 0.05
0 0.2333274512320329 0.28748930527036276 0.05 0.05
0 0.22716728696098568 0.21630518480492805 0.05 0.05
0 0.195339771560575 0.09036404859685139 0.05 0.05
0 0.277475295174538 0.09994652635181384 0.05 0.05
0 0.29390239989733064 0.09720867556468171 0.05 0.05
0 0.36166420687885015 0.08351942162902119 0.05 0.05
0 0.39657180441478446 0.19303345311430534 0.05 0.05
0 0.4212124614989734 0.19987808008213553 0.05 0.05
0 0.4437997304928132 0.21767411019849423 0.05 0.05
0 0.573163180184805 0.19303345311430534 0.05 0.05
0 0.46022683521560587 0.20535378165639978 0.05 0.05
0 0.6727525025667351 0.16017924366872005 0.05 0.05
0 0.7025266298767968 0.1437521389459275 0.05 0.05
0 0.7076601001026696 0.09447082477754959 0.05 0.05
0 0.7435943916837784 0.16291709445585217 0.05 0.05
0 0.8288099974332651 0.4613428302532512 0.05 0.05
0 0.897598498459959 0.42985754620123207 0.05 0.05
0 0.695339771560575 0.5243133983572896 0.05 0.05
0 0.6635122561601643 0.3641491273100616 0.05 0.05
0 0.7713151309034909 0.5954975188227242 0.05 0.05
0 0.5054013732032855 0.6365652806297057 0.05 0.05
0 0.5023212910677619 0.536633726899384 0.05 0.05
0 0.4520132828542095 0.5270512491444216 0.05 0.05
0 0.3945184163244354 0.4969348904859686 0.05 0.05
0 0.3832247818275155 0.4764010095824778 0.05 0.05
0 0.5433890528747434 0.47366315879534576 0.05 0.05
