0 0.5644263801832208 0.11145632433301197 0.05 0.05
0 0.5759982220347155 0.10117024268723883 0.05 0.05
0 0.6203569491321119 0.1513148907103826 0.05 0.05
0 0.6762875180810028 0.1628867325618773 0.05 0.05
0 0.6975025614754098 0.15260065091610417 0.05 0.05
0 0.7322180870298939 0.12302816618450668 0.05 0.05
0 0.4467793213596914 0.20917409996785613 0.05 0.05
0 0.27995193466730955 0.3750371665059467 0.05 0.05
0 0.22787864633558338 0.3326070797171328 0.05 0.05
0 0.07165878134040501 0.45346853905496626 0.05 0.05
0 0.21630680448408873 0.11145632433301197 0.05 0.05
0 0.19316312078109935 0.09731296207007402 0.05 0.05
0 0.2404148083413693 0.10117024268723883 0.05 0.05
0 0.3050242586788814 0.09345568145290907 0.05 0.05
0 0.3484186656219864 0.10245600289296052 0.05 0.05
0 0.4004919539537126 0.5203280697524912 0.05 0.05
0 0.38602715163934426 0.4971843860495018 0.05 0.05
0 0.4458150012054002 0.6424752892960464 0.05 0.05
0 0.5084958112343297 0.5331856718097076 0.05 0.05
0 0.5470686174059788 0.465040380906461 0.05 0.05
0 0.577926862343298 0.6514756107360977 0.05 0.05
0 0.6570011149951783 0.6939056975249116 0.05 0.05
0 0.7775411342815814 0.4457539778206365 0.05 0.05
0 0.8517937861620057 0.42003877370620385 0.05 0.05
0 0.37059802917068463 0.794194993571199 0.05 0.05
0 0.32141770130183217 0.7826231517197043 0.05 0.05
0 0.28766649590163934 0.7903377129540341 0.05 0.05
