0 0.18544034090909087 0.05960810023310034 0.05 0.05
0 0.18806271853146855 0.08408362470862467 0.05 0.05
0 0.18806271853146855 0.12079691142191133 0.05 0.05
0 0.20510817307692308 0.1435241841491841 0.05 0.05
0 0.2287095716783217 0.14876893939393934 0.05 0.05
0 0.22346481643356647 0.10156614219114223 0.05 0.05
0 0.27591236888111886 0.10506264568764566 0.05 0.05
0 0.26935642482517486 0.09282488344988345 0.05 0.05
0 0.28509069055944053 0.09282488344988345 0.05 0.05
0 0.3073809003496504 0.10156614219114223 0.05 0.05
0 0.3454053758741259 0.07883886946386945 0.05 0.05
0 0.3572060751748252 0.07883886946386945 0.05 0.05
0 0.4450557255244755 0.1994682400932401 0.05 0.05
0 0.455545236013986 0.20820949883449877 0.05 0.05
0 0.282468312937063 0.4442234848484849 0.05 0.05
0 0.1815067744755245 0.45296474358974353 0.05 0.05
0 0.1238144667832168 0.48268502331002333 0.05 0.05
0 0.3257375437062937 0.7816360722610723 0.05 0.05
0 0.42669908216783214 0.7449227855477856 0.05 0.05
0 0.4411221590909092 0.7221955128205129 0.05 0.05
0 0.46472355769230766 0.547370337995338 0.05 0.05
0 0.5263494318181818 0.5368808275058276 0.05 0.05
0 0.5656850961538462 0.5071605477855478 0.05 0.05
0 0.5827305506993008 0.4931745337995338 0.05 0.05
0 0.5486396416083916 0.4652025058275058 0.05 0.05
0 0.7728529283216785 0.38303467365967364 0.05 0.05
0 0.8148109702797204 0.3882794289044289 0.05 0.05
0 0.817433347902098 0.8305871212121212 0.05 0.05
0 0.7387620192307693 0.49142628205128214 0.05 0.05
0 0.2801528346994536 0.561150956284153 0.05 0.05
