0 0.20911458333333335 0.08966600529100527 0.05 0.05
0 0.22895585317460307 0.08172949735449725 0.05 0.05
0 0.24482886904761897 0.06850198412698406 0.05 0.05
0 0.3162574404761904 0.09495701058201055 0.05 0.05
0 0.18927331349206342 0.22458664021164007 0.05 0.05
0 0.22101934523809516 0.2854332010582011 0.05 0.05
0 0.2765749007936507 0.2880787037037036 0.05 0.05
0 0.4531622023809523 0.2060681216931216 0.05 0.05
0 0.5781622023809523 0.1981316137566137 0.05 0.05
0 0.5384796626984125 0.1981316137566137 0.05 0.05
0 0.4095114087301586 0.47590939153439143 0.05 0.05
0 0.3936383928571428 0.5023644179894179 0.05 0.05
0 0.40554315476190467 0.5314649470899471 0.05 0.05
0 0.5583209325396824 0.5155919312169311 0.05 0.05
0 0.5741939484126982 0.49442791005291004 0.05 0.05
0 0.5464161706349204 0.47590939153439143 0.05 0.05
0 0.4452256944444444 0.7457506613756613 0.05 0.05
0 0.39760664682539676 0.7510416666666665 0.05 0.05
0 0.3757812499999999 0.7748511904761904 0.05 0.05
0 0.35990823412698403 0.8013062169312168 0.05 0.05
0 0.3380828373015873 0.7563326719576718 0.05 0.05
0 0.2904637896825396 0.8092427248677247 0.05 0.05
0 0.6734002976190475 0.8753802910052909 0.05 0.05
0 0.7626860119047618 0.8859623015873015 0.05 0.05
