0 0.18150677447552446 0.05960810023310034 0.05 0.05
0 0.22215362762237761 0.08233537296037288 0.05 0.05
0 0.19068509615384616 0.13303467365967367 0.05 0.05
0 0.3113144667832168 0.09457313519813511 0.05 0.05
0 0.3388494318181819 0.07883886946386945 0.05 0.05
0 0.3532725087412588 0.07709061771561766 0.05 0.05
0 0.4411221590909092 0.20820949883449877 0.05 0.05
0 0.45423404720279714 0.213454254079254 0.05 0.05
0 0.29951376748251757 0.2938738344988344 0.05 0.05
0 0.35982845279720277 0.297370337995338 0.05 0.05
0 0.13299278846153845 0.38128642191142187 0.05 0.05
0 0.20248579545454545 0.3690486596736597 0.05 0.05
0 0.23264313811188814 0.8026150932400934 0.05 0.05
0 0.3847410402097902 0.5089087995337995 0.05 0.05
0 0.40572006118881115 0.5316360722610723 0.05 0.05
0 0.46472355769230766 0.5351325757575758 0.05 0.05
0 0.5158599213286713 0.5351325757575758 0.05 0.05
0 0.5722410402097904 0.5211465617715618 0.05 0.05
0 0.5984648164335665 0.5036640442890443 0.05 0.05
0 0.5473284527972029 0.4704472610722611 0.05 0.05
0 0.636489291958042 0.10506264568764566 0.05 0.05
0 0.6404228583916085 0.1225451631701631 0.05 0.05
