0 0.2272611654334038 0.12894864341085263 0.05 0.05
0 0.2637305100422833 0.11203532417195182 0.05 0.05
0 0.2811723705073996 0.11203532417195182 0.05 0.05
0 0.27007300475687107 0.09089367512332605 0.05 0.05
0 0.2843436178646934 0.09089367512332605 0.05 0.05
0 0.2986142309725158 0.09089367512332605 0.05 0.05
0 0.33508357558139534 0.09089367512332605 0.05 0.05
0 0.35886793076109946 0.09935033474277641 0.05 0.05
0 0.4254641252642707 0.20294441508104283 0.05 0.05
0 0.46193346987315015 0.19660192036645513 0.05 0.05
0 0.21933304704016915 0.1775744362226919 0.05 0.05
0 0.2621448863636363 0.2832826814658208 0.05 0.05
0 0.3112992204016914 0.29173934108527105 0.05 0.05
0 0.6759926664904864 0.4629866983791401 0.05 0.05
0 0.7410032373150107 0.4925850070472162 0.05 0.05
0 0.6347664508456661 0.5750374383368568 0.05 0.05
0 0.5491427721987316 0.46721502818886523 0.05 0.05
0 0.7600307214587738 0.35727845313601114 0.05 0.05
0 0.7774725819238902 0.3382509689922479 0.05 0.05
0 0.8345550343551797 0.46510086328400274 0.05 0.05
0 0.9059080998942919 0.48412834742776584 0.05 0.05
0 0.7108763874207189 0.8181664023960535 0.05 0.05
0 0.19871993921775896 0.765312279774489 0.05 0.05
0 0.03381507663847777 0.684974013389711 0.05 0.05
