0 0.3153326723194748 0.09185129467541936 0.05 0.05
0 0.31861494803063456 0.17062591174325295 0.05 0.05
0 0.29892129376367615 0.17937864697301223 0.05 0.05
0 0.2825099152078775 0.2209541393143689 0.05 0.05
0 0.3645668079868709 0.22533050692924864 0.05 0.05
0 0.4417002871991248 0.2056368526622901 0.05 0.05
0 0.464676217177243 0.2056368526622901 0.05 0.05
0 0.5450919721006565 0.21220140408460963 0.05 0.05
0 0.5762735913566741 0.18594319839533177 0.05 0.05
0 0.2431226066739606 0.21876595550692918 0.05 0.05
0 0.16763026531728661 0.4244552334062726 0.05 0.05
0 0.17747709245076587 0.533864423778264 0.05 0.05
0 0.11511385393873083 0.6170154084609772 0.05 0.05
0 0.06916199398249448 0.6498381655725747 0.05 0.05
0 0.036339236870897115 0.732989150255288 0.05 0.05
0 0.1528600246170678 0.7439300692924873 0.05 0.05
0 0.16106571389496716 0.7811291940189643 0.05 0.05
0 0.3333851887308534 0.785505561633844 0.05 0.05
0 0.32353836159737415 0.9408666119620716 0.05 0.05
0 0.31697381017505466 0.8380219730123997 0.05 0.05
0 0.39410728938730855 0.7920701130561635 0.05 0.05
0 0.4055952543763676 0.7461182530999272 0.05 0.05
0 0.4613939414660832 0.7417418854850475 0.05 0.05
0 0.4482648386214443 0.634520878920496 0.05 0.05
0 0.38754273796498906 0.5054180342815463 0.05 0.05
0 0.400671840809628 0.5229235047410649 0.05 0.05
0 0.5057046635667397 0.533864423778264 0.05 0.05
0 0.5467331099562365 0.4747834609773887 0.05 0.05
0 0.7485930661925603 0.30410512399708234 0.05 0.05
0 0.776492409737418 0.36975063822027704 0.05 0.05
0 0.7961860640043764 0.31066967541940177 0.05 0.05
0 0.8749606810722103 0.22314232312180876 0.05 0.05
0 0.889730921772429 0.24064779358132735 0.05 0.05
0 0.7485930661925603 0.12467405178701665 0.05 0.05
0 0.7239759983588623 0.12029768417213696 0.05 0.05
0 0.7059234819474837 0.1268622355944564 0.05 0.05
