0 0.18444932610993653 0.167003611698379 0.05 0.05
0 0.19237744450317124 0.15854695207892863 0.05 0.05
0 0.2447030258985201 0.1627752818886538 0.05 0.05
0 0.27324425211416487 0.09723616983791387 0.05 0.05
0 0.2795867468287526 0.10357866455250159 0.05 0.05
0 0.2906861125792812 0.09512200493305123 0.05 0.05
0 0.3081279730443975 0.09300784002818858 0.05 0.05
0 0.33984044661733626 0.09300784002818858 0.05 0.05
0 0.34399797354948797 0.08380617178612036 0.05 0.05
0 0.4438273250853241 0.21691197383390204 0.05 0.05
0 0.46046555034129694 0.19472767349260506 0.05 0.05
0 0.7868307380546075 0.19814064277588153 0.05 0.05
0 0.8943392704778157 0.28687784414106926 0.05 0.05
0 0.8329694106765329 0.5475532945736432 0.05 0.05
0 0.7965000660676533 0.5602382840028188 0.05 0.05
0 0.8710243789640593 0.6701748590556729 0.05 0.05
0 0.9249355840380551 0.630005725863284 0.05 0.05
0 0.7124620110993659 0.5644666138125439 0.05 0.05
0 0.6506226876321354 0.5348683051444678 0.05 0.05
0 0.5729271273784355 0.6363482205778717 0.05 0.05
0 0.514259051268499 0.6257773960535588 0.05 0.05
0 0.45717659883720935 0.5369824700493304 0.05 0.05
0 0.5237727933403806 0.5390966349541929 0.05 0.05
0 0.4016797700845666 0.5094983262861168 0.05 0.05
0 0.5443859011627907 0.46932919309372784 0.05 0.05
0 0.3969228990486259 0.4820141825229033 0.05 0.05
0 0.37313854386892176 0.32133764975334717 0.05 0.05
0 0.30178547832980973 0.15854695207892863 0.05 0.05
0 0.23043241279069768 0.27271185694150796 0.05 0.05
0 0.23836053118393236 0.29596767089499637 0.05 0.05
0 0.25421676797040166 0.35305012332628594 0.05 0.05
0 0.11626750792811838 0.5348683051444678 0.05 0.05
0 0.15907934725158562 0.5200691508104298 0.05 0.05
0 0.16700746564482027 0.7166864869626496 0.05 0.05
0 0.20347681025369982 0.7293714763918252 0.05 0.05
