0 0.1420541526036644 0.6090455239472838 0.05 0.05
0 0.10348134643201543 0.5717584779813565 0.05 0.05
0 0.025371413934426223 0.5859018402442946 0.05 0.05
0 0.0398362162487946 0.6283319270331085 0.05 0.05
0 0.09190950458052075 0.7594794680167148 0.05 0.05
0 0.06297989995178399 0.4766122227579557 0.05 0.05
0 0.17966263862102216 0.513899268723883 0.05 0.05
0 0.25198665019286404 0.5061847074895532 0.05 0.05
0 0.15169735414657667 0.7671940292510447 0.05 0.05
0 0.17869831846673095 0.6206173657987786 0.05 0.05
0 0.4004919539537126 0.5293283911925426 0.05 0.05
0 0.39181307256509157 0.5036131870781101 0.05 0.05
0 0.4188140368852459 0.47918374316939893 0.05 0.05
0 0.5046385306171649 0.5344714320154292 0.05 0.05
0 0.5461042972516875 0.4727549421407907 0.05 0.05
0 0.6136067080520733 0.5100419881067181 0.05 0.05
0 0.6840020793153327 0.5306141513982643 0.05 0.05
0 0.7090744033269045 0.5833303198328512 0.05 0.05
0 0.822864181533269 0.5769015188042431 0.05 0.05
0 0.7910416164416587 0.36089380424300876 0.05 0.05
0 0.7563260908871745 0.19760225811636142 0.05 0.05
0 0.7216105653326904 0.18988769688203153 0.05 0.05
0 0.7100387234811957 0.20145953873352623 0.05 0.05
0 0.4429220407425265 0.2156029009964642 0.05 0.05
0 0.35131162608486016 0.21688866120218578 0.05 0.05
0 0.3272036222275796 0.21688866120218578 0.05 0.05
0 0.3127388199132112 0.18860193667630984 0.05 0.05
0 0.21341384402121505 0.1500291305046609 0.05 0.05
0 0.2847735354387657 0.09345568145290907 0.05 0.05
0 0.30791721914175507 0.09602720186435233 0.05 0.05
0 0.3435970648505304 0.09731296207007402 0.05 0.05
0 0.29634537729026034 0.04973983445837362 0.05 0.05
0 0.21341384402121505 0.03816799260687891 0.05 0.05
0 0.25102233003857277 0.04073951301832217 0.05 0.05
0 0.1921988006268081 0.3094633960141434 0.05 0.05
