0 0.21998042864476391 0.4928281143052702 0.05 0.05
0 0.2117668762833676 0.21904303559206018 0.05 0.05
0 0.24051430954825465 0.23136336413415465 0.05 0.05
0 0.26207488449691996 0.1944023785078713 0.05 0.05
0 0.2672083547227927 0.24642154346338122 0.05 0.05
0 0.30416934034907606 0.2751689767282683 0.05 0.05
0 0.1963664656057495 0.09857760095824777 0.05 0.05
0 0.2723418249486654 0.09857760095824777 0.05 0.05
0 0.29390239989733064 0.08899512320328545 0.05 0.05
0 0.4479065066735114 0.2080916324435319 0.05 0.05
0 0.46228022330595486 0.20261593086926766 0.05 0.05
0 0.6183377181724847 0.15607246748802198 0.05 0.05
0 0.6316847407597537 0.17113064681724843 0.05 0.05
0 0.7127935703285422 0.08762619780971939 0.05 0.05
0 0.5557093814168379 0.18481990075290894 0.05 0.05
0 0.5516026052361397 0.10679115331964403 0.05 0.05
0 0.8072494224845996 0.1793441991786447 0.05 0.05
0 0.8164896688911705 0.1724995722108145 0.05 0.05
0 0.5095081493839836 0.5393715776865161 0.05 0.05
0 0.47254716375770023 0.5941285934291581 0.05 0.05
0 0.5084814553388092 0.6242449520876113 0.05 0.05
0 0.5433890528747434 0.47092530800821364 0.05 0.05
0 0.44277303644763866 0.5229444729637236 0.05 0.05
0 0.3914383341889118 0.49967274127310063 0.05 0.05
0 0.3770646175564682 0.4791388603696099 0.05 0.05
0 0.370904453285421 0.076674794661191 0.05 0.05
0 0.3534506545174539 0.05750983915126622 0.05 0.05
0 0.3493438783367557 0.04108273442847358 0.05 0.05
