0 0.20855476247600765 0.8202995041586693 0.05 0.05
0 0.40817088531669865 0.5336712252079335 0.05 0.05
0 0.3966545705374281 0.5080794145873321 0.05 0.05
0 0.4158484285028791 0.4824876039667307 0.05 0.05
0 0.5127774112284069 0.5387895873320537 0.05 0.05
0 0.5540442058541267 0.5336712252079335 0.05 0.05
0 0.5646008277351248 0.5042406429942419 0.05 0.05
0 0.5396488123800385 0.46841210812539985 0.05 0.05
0 0.7114338411708254 0.4479386596289187 0.05 0.05
0 0.7363858565259118 0.4082713531669865 0.05 0.05
0 0.650013495681382 0.2457633557261675 0.05 0.05
0 0.6413762595969291 0.22912867882277677 0.05 0.05
0 0.6413762595969291 0.19202055342290456 0.05 0.05
0 0.7085547624760078 0.2457633557261675 0.05 0.05
0 0.7958868162188101 0.6795445457453615 0.05 0.05
0 0.37938009836852216 0.31102247280870116 0.05 0.05
0 0.31795975287907874 0.30206533909149064 0.05 0.05
0 0.4168081214011517 0.2918286148432501 0.05 0.05
0 0.45039737284069103 0.20737563979526547 0.05 0.05
0 0.2824511156429943 0.22528990722968653 0.05 0.05
0 0.2373455494241843 0.2521613083813179 0.05 0.05
0 0.20471599088291753 0.24960212731925774 0.05 0.05
0 0.24214401391554707 0.18690219129878435 0.05 0.05
0 0.2795720369481766 0.1741062859884837 0.05 0.05
0 0.3102822096928983 0.1843430102367242 0.05 0.05
0 0.2987658949136277 0.14211652271273192 0.05 0.05
0 0.32563729606525915 0.12932061740243117 0.05 0.05
0 0.34195207533589256 0.12548184580934094 0.05 0.05
0 0.2728541866602688 0.09605126359564929 0.05 0.05
0 0.2920480446257198 0.09349208253358915 0.05 0.05
0 0.2882092730326296 0.07429822456813812 0.05 0.05
0 0.36498470489443385 0.08453494881637873 0.05 0.05
0 0.18936090451055665 0.03846968969929622 0.05 0.05
0 0.2517409428982726 0.04102887076135626 0.05 0.05
