0 0.09576678519768562 0.4174672532947606 0.05 0.05
0 0.21341384402121505 0.2850339521054323 0.05 0.05
0 0.25391529050144646 0.2798909112825458 0.05 0.05
0 0.30309561837029897 0.3043203551912569 0.05 0.05
0 0.31948906099324975 0.17317281420765032 0.05 0.05
0 0.2953810571359692 0.20660257955641276 0.05 0.05
0 0.35806186716489874 0.21303138058502094 0.05 0.05
0 0.3667407485535198 0.2696048296367728 0.05 0.05
0 0.3966346733365477 0.2798909112825458 0.05 0.05
0 0.5036742104628736 0.5396144728383158 0.05 0.05
0 0.4082065151880424 0.528042630986821 0.05 0.05
0 0.4014562741080038 0.49589862584378014 0.05 0.05
0 0.41592107642237225 0.475326462552234 0.05 0.05
0 0.23848616803278685 0.6836196158791386 0.05 0.05
0 0.18641287970106074 0.7131921006107362 0.05 0.05
0 0.6406076723722276 0.6669047332047574 0.05 0.05
0 0.5412826964802314 0.4663261411121827 0.05 0.05
0 0.7621120118129218 0.5563293555126969 0.05 0.05
0 0.8334717032304726 0.4071811716489876 0.05 0.05
0 0.8932595527965285 0.4251818145290904 0.05 0.05
0 0.8257571419961428 0.18474465605914503 0.05 0.05
0 0.7302894467213115 0.18603041626486672 0.05 0.05
0 0.6975025614754098 0.17831585503053685 0.05 0.05
0 0.6049278266634522 0.13202848762455802 0.05 0.05
0 0.3657764283992285 0.15645793153326912 0.05 0.05
0 0.3021312982160077 0.09474144165863076 0.05 0.05
0 0.2847735354387657 0.09731296207007402 0.05 0.05
0 0.25198665019286404 0.10245600289296052 0.05 0.05
0 0.22498568587270978 0.11017056412729029 0.05 0.05
0 0.18159127892960464 0.12817120700739318 0.05 0.05
0 0.3445613850048216 0.09731296207007402 0.05 0.05
0 0.3088815392960463 0.04331103342976542 0.05 0.05
0 0.4467793213596914 0.20788833976213444 0.05 0.05
0 0.32238202145612344 0.22460322243651565 0.05 0.05
