0 0.09673110535197686 0.5717584779813565 0.05 0.05
0 0.08515926350048215 0.4187530135004823 0.05 0.05
0 0.14687575337512054 0.5151850289296046 0.05 0.05
0 0.39181307256509157 0.4997559064609451 0.05 0.05
0 0.3966346733365477 0.5254711105753778 0.05 0.05
0 0.4429220407425265 0.6411895290903247 0.05 0.05
0 0.36384778809064605 0.7916234731597558 0.05 0.05
0 0.329132262536162 0.7723370700739313 0.05 0.05
0 0.2606655315814851 0.7787658711025395 0.05 0.05
0 0.5036742104628736 0.5331856718097076 0.05 0.05
0 0.5432113367888138 0.46761190131790425 0.05 0.05
0 0.6753231979267117 0.398180850208936 0.05 0.05
0 0.719681925024108 0.41360997267759564 0.05 0.05
0 0.698466881629701 0.13074272741883644 0.05 0.05
0 0.7302894467213115 0.12559968659594994 0.05 0.05
0 0.6049278266634522 0.1448860896817744 0.05 0.05
0 0.5731052615718418 0.1346000080360014 0.05 0.05
0 0.4496722818225651 0.20660257955641276 0.05 0.05
0 0.35131162608486016 0.19503073770491805 0.05 0.05
0 0.2568082509643202 0.174458574413372 0.05 0.05
0 0.234628887415622 0.22974626325940217 0.05 0.05
0 0.22980728664416583 0.17960161523625853 0.05 0.05
0 0.22305704556412734 0.11917088556734173 0.05 0.05
0 0.19412744093539056 0.121742405978785 0.05 0.05
0 0.23559320756991325 0.03816799260687891 0.05 0.05
0 0.2568082509643202 0.04073951301832217 0.05 0.05
0 0.27995193466730955 0.09474144165863076 0.05 0.05
0 0.3397397842333655 0.10117024268723883 0.05 0.05
0 0.30791721914175507 0.10117024268723883 0.05 0.05
0 0.36095482762777237 0.03945375281260048 0.05 0.05
0 0.376383950096432 0.03559647219543554 0.05 0.05
