0 0.21616179968287524 0.26848352713178286 0.05 0.05
0 0.2605592626849894 0.27482602184637045 0.05 0.05
0 0.31605609143763214 0.3741917723749117 0.05 0.05
0 0.5475571485200846 0.46932919309372784 0.05 0.05
0 0.18920619714587736 0.623663231148696 0.05 0.05
0 0.21457617600422835 0.6426907152924594 0.05 0.05
0 0.23043241279069768 0.7420564658210006 0.05 0.05
0 0.29702860729386893 0.7505131254404509 0.05 0.05
0 0.41912163054968293 0.19448775546159247 0.05 0.05
0 0.4349778673361523 0.21562940451021836 0.05 0.05
0 0.46193346987315015 0.19660192036645513 0.05 0.05
0 0.6030539772727274 0.1839169309372796 0.05 0.05
0 0.6411089455602538 0.13740530303030288 0.05 0.05
0 0.6775782901691333 0.15854695207892863 0.05 0.05
0 0.882123744714588 0.3234518146582098 0.05 0.05
0 0.33825482293868925 0.08877951021846352 0.05 0.05
0 0.35886793076109946 0.09089367512332605 0.05 0.05
0 0.27324425211416487 0.08877951021846352 0.05 0.05
0 0.2811723705073996 0.08877951021846352 0.05 0.05
0 0.2891004889006343 0.09089367512332605 0.05 0.05
