0 0.22250429439746303 0.06763786116983776 0.05 0.05
0 0.27007300475687107 0.09723616983791387 0.05 0.05
0 0.2843436178646934 0.09300784002818858 0.05 0.05
0 0.2986142309725158 0.09300784002818858 0.05 0.05
0 0.33508357558139534 0.09300784002818858 0.05 0.05
0 0.35252543604651165 0.08455118040873835 0.05 0.05
0 0.2605592626849894 0.1331769732205777 0.05 0.05
0 0.23043241279069768 0.18180276603241693 0.05 0.05
0 0.34301169397463005 0.247341878083157 0.05 0.05
0 0.37789541490486267 0.23677105355884412 0.05 0.05
0 0.46193346987315015 0.19448775546159247 0.05 0.05
0 0.21457617600422835 0.4249317300916137 0.05 0.05
0 0.2589736390063425 0.4249317300916137 0.05 0.05
0 0.25580239164904867 0.6130924066243832 0.05 0.05
0 0.05601380813953485 0.7145723220577871 0.05 0.05
0 0.2811723705073996 0.7822255990133896 0.05 0.05
0 0.5459715248414377 0.46932919309372784 0.05 0.05
0 0.6173245903805498 0.23465688865398146 0.05 0.05
0 0.6426945692389008 0.15431862226920348 0.05 0.05
0 0.7156332584566597 0.24945604298801954 0.05 0.05
0 0.7996713134249471 0.29808183579985886 0.05 0.05
0 0.8456544001057085 0.3001960007047214 0.05 0.05
0 0.2282402663934427 0.24421106557377048 0.05 0.05
