0 0.30633680555555554 0.09495701058201055 0.05 0.05
0 0.22101934523809516 0.17961309523809513 0.05 0.05
0 0.18927331349206342 0.22458664021164007 0.05 0.05
0 0.18728918650793644 0.3171792328042327 0.05 0.05
0 0.28847966269841263 0.22987764550264547 0.05 0.05
0 0.2984002976190475 0.2960152116402116 0.05 0.05
0 0.44919394841269833 0.2060681216931216 0.05 0.05
0 0.5325272817460316 0.1981316137566137 0.05 0.05
0 0.601971726190476 0.13993055555555547 0.05 0.05
0 0.6535590277777776 0.14522156084656074 0.05 0.05
0 0.7805431547619046 0.15844907407407405 0.05 0.05
0 0.8817336309523807 0.6055390211640211 0.05 0.05
0 0.8083209325396823 0.6081845238095237 0.05 0.05
0 0.5345114087301586 0.4679728835978835 0.05 0.05
0 0.5682415674603173 0.486491402116402 0.05 0.05
0 0.5563368055555554 0.5208829365079364 0.05 0.05
0 0.40752728174603164 0.4732638888888888 0.05 0.05
0 0.3956225198412698 0.49178240740740736 0.05 0.05
0 0.4114955357142856 0.5446924603174602 0.05 0.05
0 0.4114955357142856 0.7431051587301586 0.05 0.05
0 0.43728918650793636 0.7457506613756613 0.05 0.05
0 0.3777653769841269 0.7986607142857143 0.05 0.05
0 0.3460193452380952 0.8092427248677247 0.05 0.05
0 0.29443204365079356 0.7616236772486772 0.05 0.05
0 0.28054315476190467 0.7854332010582009 0.05 0.05
0 0.3341145833333332 0.9759093915343915 0.05 0.05
0 0.3916542658730158 0.949454365079365 0.05 0.05
