0 0.5507283958773785 0.4777858527131782 0.05 0.05
0 0.46193346987315015 0.19448775546159247 0.05 0.05
0 0.27007300475687107 0.09512200493305123 0.05 0.05
0 0.29227173625792807 0.09512200493305123 0.05 0.05
0 0.2875148652219873 0.08877951021846352 0.05 0.05
0 0.33666919926004224 0.08877951021846352 0.05 0.05
0 0.35886793076109946 0.08877951021846352 0.05 0.05
0 0.295442983615222 0.13529113812544022 0.05 0.05
0 0.24311740221987313 0.1860310958421421 0.05 0.05
0 0.23518928382663845 0.20083025017618017 0.05 0.05
0 0.19713431553911204 0.23465688865398146 0.05 0.05
0 0.28592924154334043 0.2579127026074699 0.05 0.05
0 0.42229287790697684 0.312880990133897 0.05 0.05
0 0.3319123282241015 0.3953334214235376 0.05 0.05
0 0.25580239164904867 0.35939261804087363 0.05 0.05
0 0.24311740221987313 0.39321925651867495 0.05 0.05
0 0.246288649577167 0.41647507047216337 0.05 0.05
0 0.3667960491543341 0.5052699964763917 0.05 0.05
0 0.14322311046511624 0.6363482205778717 0.05 0.05
0 0.1622505946088795 0.6617181994362226 0.05 0.05
0 0.18286370243128963 0.7357139711064129 0.05 0.05
0 0.27641549947145877 0.7505131254404509 0.05 0.05
0 0.8028425607822411 0.991527924594785 0.05 0.05
0 0.7679588398520085 0.16066111698379118 0.05 0.05
0 0.7822294529598309 0.16911777660324154 0.05 0.05
0 0.804428184460888 0.16066111698379118 0.05 0.05
0 0.8297981633192391 0.16066111698379118 0.05 0.05
