0 0.10961405757097795 0.41201257448300055 0.05 0.05
0 0.15798419426919033 0.3741576848930952 0.05 0.05
0 0.22317872634069397 0.38537394847528944 0.05 0.05
0 0.27260038774973705 0.3601373554153525 0.05 0.05
0 0.2810125854363827 0.34751905888538415 0.05 0.05
0 0.3377949198212407 0.3363027953031898 0.05 0.05
0 0.3346403456887486 0.39238411321416083 0.05 0.05
0 0.2831156348580441 0.43304306869961473 0.05 0.05
0 0.22317872634069397 0.5634321328426221 0.05 0.05
0 0.3703921858569926 0.7807472397476343 0.05 0.05
0 0.3914226800736066 0.5073508149316511 0.05 0.05
0 0.4050925013144058 0.5241752103049424 0.05 0.05
0 0.44610196503680327 0.5241752103049424 0.05 0.05
0 0.5028842994216612 0.5353914738871366 0.05 0.05
0 0.5417907137223973 0.5213711444093938 0.05 0.05
0 0.56071815851735 0.4947325184016827 0.05 0.05
0 0.5470483372765508 0.4737020241850686 0.05 0.05
0 0.7047770439011564 0.4512694970206802 0.05 0.05
0 0.7710231006834907 0.4470633981773574 0.05 0.05
0 0.8162386632492111 0.45687762881177735 0.05 0.05
0 0.542842238433228 0.2003055993690855 0.05 0.05
0 0.45030806388012606 0.19890356642131124 0.05 0.05
0 0.24946684411146158 0.2045116982124083 0.05 0.05
0 0.24946684411146158 0.29003570802663886 0.05 0.05
0 0.2589305665089379 0.10076126007711217 0.05 0.05
0 0.28942478312302833 0.10216329302488643 0.05 0.05
0 0.2925793572555204 0.08113279880827236 0.05 0.05
0 0.3136098514721345 0.11478158955485493 0.05 0.05
0 0.20950890509989478 0.05589620574833549 0.05 0.05
0 0.19689060856992638 0.04047384332281846 0.05 0.05
0 0.22212720162986327 0.04187587627059273 0.05 0.05
0 0.6122428693480544 0.1077714248159835 0.05 0.05
0 0.5828001774447947 0.10636939186820922 0.05 0.05
