0 0.37277249726477024 0.5032298504741065 0.05 0.05
0 0.37769591083150983 0.5426171590080232 0.05 0.05
0 0.5122692149890591 0.5360526075857038 0.05 0.05
0 0.5467331099562365 0.470407093362509 0.05 0.05
0 0.4499059764770242 0.6432736141502552 0.05 0.05
0 0.5122692149890591 0.6192035922684173 0.05 0.05
0 0.4613939414660832 0.732989150255288 0.05 0.05
0 0.42200663293216634 0.7461182530999272 0.05 0.05
0 0.3694902215536105 0.8008228482859228 0.05 0.05
0 0.2956390180525164 0.8030110320933626 0.05 0.05
0 0.2628162609409191 0.8445865244347193 0.05 0.05
0 0.22014667669584242 0.8205165025528811 0.05 0.05
0 0.6977177926695843 0.9014793034281546 0.05 0.05
0 0.765004444748359 0.8839738329686361 0.05 0.05
0 0.12331954321663016 0.6257681436907366 0.05 0.05
0 0.07572654540481397 0.6520263493800146 0.05 0.05
0 0.12824295678336978 0.5623108132749818 0.05 0.05
0 0.22671122811816197 0.28878783734500346 0.05 0.05
0 0.30384470733041574 0.2712823668854849 0.05 0.05
0 0.31861494803063456 0.3325515134938 0.05 0.05
0 0.3612845322757111 0.31942241064916105 0.05 0.05
0 0.44005914934354495 0.2100132202771698 0.05 0.05
0 0.4499059764770242 0.2100132202771698 0.05 0.05
0 0.5549387992341358 0.21657777169948922 0.05 0.05
0 0.6238665891684902 0.19688411743253093 0.05 0.05
0 0.676383000547046 0.1925077498176512 0.05 0.05
0 0.7124880333698032 0.1925077498176512 0.05 0.05
0 0.362925670131291 0.14874407366885467 0.05 0.05
0 0.31697381017505466 0.13999133843909536 0.05 0.05
0 0.31205039660831513 0.10279221371261839 0.05 0.05
0 0.20209416028446392 0.0852867432530998 0.05 0.05
0 0.22014667669584242 0.0852867432530998 0.05 0.05
0 0.3678490836980306 0.048087618526622695 0.05 0.05
0 0.400671840809628 0.059028537563821835 0.05 0.05
