0 0.189988900273224 0.0565972222222225 0.05 0.05
0 0.26922387295081973 0.10759904371584691 0.05 0.05
0 0.28151895491803286 0.10577755009107458 0.05 0.05
0 0.311573599726776 0.10213456284153004 0.05 0.05
0 0.1940872609289618 0.1531363843351548 0.05 0.05
0 0.18179217896174865 0.22599612932604743 0.05 0.05
0 0.23507086748633882 0.2897484061930783 0.05 0.05
0 0.2992785177595629 0.20960268670309645 0.05 0.05
0 0.3306992827868853 0.19685223132969037 0.05 0.05
0 0.32660092213114755 0.1731728142076502 0.05 0.05
0 0.3525572062841531 0.20231671220400724 0.05 0.05
0 0.44408726092896184 0.20778119307832424 0.05 0.05
0 0.4591145833333334 0.20960268670309645 0.05 0.05
0 0.2255080259562842 0.35350068306010934 0.05 0.05
0 0.10392332650273226 0.521078096539162 0.05 0.05
0 0.1872566598360656 0.4937556921675775 0.05 0.05
0 0.23643698770491808 0.5156136156648452 0.05 0.05
0 0.288349556010929 0.56661543715847 0.05 0.05
0 0.2173113046448088 0.6558686247723133 0.05 0.05
0 0.38944245218579243 0.5101491347905281 0.05 0.05
0 0.40583589480874327 0.5265425774134791 0.05 0.05
0 0.3020107581967214 0.7888376593806922 0.05 0.05
0 0.3238686816939892 0.7542292805100181 0.05 0.05
0 0.34982496584699463 0.7961236338797815 0.05 0.05
0 0.3648522882513662 0.7924806466302369 0.05 0.05
0 0.40583589480874327 0.7633367486338798 0.05 0.05
0 0.4263276980874318 0.7378358378870674 0.05 0.05
0 0.6175845286885246 0.8944842896174864 0.05 0.05
0 0.6886227800546448 0.8944842896174864 0.05 0.05
0 0.9495517418032788 0.7542292805100181 0.05 0.05
0 0.9072020150273226 0.5830088797814208 0.05 0.05
0 0.8293331625683061 0.5702584244080147 0.05 0.05
0 0.5684042008196721 0.5338285519125684 0.05 0.05
0 0.5861637636612024 0.5046846539162113 0.05 0.05
0 0.5397156762295083 0.46825478142076504 0.05 0.05
0 0.6066555669398908 0.253318533697632 0.05 0.05
0 0.6339779713114755 0.2387465846994535 0.05 0.05
0 0.6558358948087433 0.19685223132969037 0.05 0.05
0 0.5483742478118162 0.21657777169948922 0.05 0.05
