0 0.2732899912587412 0.09457313519813522 0.05 0.05
0 0.2811571241258741 0.09981789044289044 0.05 0.05
0 0.310003277972028 0.09981789044289044 0.05 0.05
0 0.34016062062937064 0.09632138694638688 0.05 0.05
0 0.35196131993006996 0.07883886946386945 0.05 0.05
0 0.35982845279720277 0.08583187645687644 0.05 0.05
0 0.43718859265734267 0.21170600233100234 0.05 0.05
0 0.44374453671328684 0.20995775058275054 0.05 0.05
0 0.4083424388111888 0.262405303030303 0.05 0.05
0 0.4332550262237763 0.29562208624708625 0.05 0.05
0 0.2654228583916084 0.19597173659673656 0.05 0.05
0 0.3073809003496504 0.26590180652680645 0.05 0.05
0 0.2772235576923077 0.2886290792540792 0.05 0.05
0 0.3349158653846154 0.30086684149184156 0.05 0.05
0 0.23133194930069928 0.3183493589743589 0.05 0.05
0 0.1946186625874126 0.33058712121212125 0.05 0.05
0 0.004496284965034935 0.5001675407925408 0.05 0.05
0 0.455545236013986 0.5298878205128206 0.05 0.05
0 0.5197934877622379 0.540377331002331 0.05 0.05
0 0.5499508304195805 0.47569201631701635 0.05 0.05
0 0.2628004807692308 0.7431745337995339 0.05 0.05
0 0.3113144667832168 0.7711465617715618 0.05 0.05
0 0.35982845279720277 0.8760416666666668 0.05 0.05
0 0.3506501311188811 0.9547129953379955 0.05 0.05
0 0.9616641171328674 0.860307400932401 0.05 0.05
0 0.7728529283216785 0.1522654428904429 0.05 0.05
0 0.8056326486013987 0.18373397435897434 0.05 0.05
