0 0.2352655157342657 0.08758012820512823 0.05 0.05
0 0.27197880244755246 0.09632138694638688 0.05 0.05
0 0.282468312937063 0.09806963869463867 0.05 0.05
0 0.3008249562937063 0.09632138694638688 0.05 0.05
0 0.34409418706293715 0.08058712121212111 0.05 0.05
0 0.3506501311188811 0.08058712121212111 0.05 0.05
0 0.23133194930069928 0.213454254079254 0.05 0.05
0 0.2667340472027972 0.20296474358974356 0.05 0.05
0 0.34933894230769236 0.2991185897435898 0.05 0.05
0 0.4398109702797203 0.20820949883449877 0.05 0.05
0 0.45030048076923085 0.2064612470862471 0.05 0.05
0 0.615510270979021 0.19247523310023312 0.05 0.05
0 0.587975305944056 0.14702068764568754 0.05 0.05
0 0.5866641171328671 0.18548222610722612 0.05 0.05
0 0.7164718094405595 0.12429341491841489 0.05 0.05
0 0.7348284527972029 0.12429341491841489 0.05 0.05
0 0.7728529283216785 0.23618152680652676 0.05 0.05
0 0.8069438374125875 0.24667103729603734 0.05 0.05
0 0.6286221590909091 0.2641535547785548 0.05 0.05
0 0.3296711101398601 0.4844332750582751 0.05 0.05
0 0.4621011800699302 0.5351325757575758 0.05 0.05
0 0.5276606206293707 0.554363344988345 0.05 0.05
0 0.4476781031468532 0.5596081002331003 0.05 0.05
0 0.5683074737762238 0.5298878205128206 0.05 0.05
0 0.5958424388111888 0.5019157925407925 0.05 0.05
0 0.5433948863636363 0.48268502331002333 0.05 0.05
0 0.1841291520979021 0.5316360722610723 0.05 0.05
0 0.20379698426573428 0.5438738344988345 0.05 0.05
0 0.19724104020979022 0.8777899184149185 0.05 0.05
0 0.32704873251748257 0.7781395687645688 0.05 0.05
0 0.4083424388111888 0.8148528554778556 0.05 0.05
0 0.43718859265734267 0.7449227855477856 0.05 0.05
0 0.615510270979021 0.7239437645687646 0.05 0.05
0 0.6863144667832168 0.7134542540792541 0.05 0.05
0 0.7282725087412588 0.7047129953379954 0.05 0.05
0 0.9065941870629372 0.5980696386946388 0.05 0.05
