0 0.2732899912587413 0.09632138694638688 0.05 0.05
0 0.28902425699300704 0.09632138694638688 0.05 0.05
0 0.3008249562937063 0.09632138694638688 0.05 0.05
0 0.34409418706293715 0.07709061771561766 0.05 0.05
0 0.2732899912587413 0.19072698135198132 0.05 0.05
0 0.30869208916083923 0.15576194638694632 0.05 0.05
0 0.29164663461538465 0.18548222610722612 0.05 0.05
0 0.3060697115384615 0.18897872960372955 0.05 0.05
0 0.4332550262237763 0.21869900932400935 0.05 0.05
0 0.448989291958042 0.2064612470862471 0.05 0.05
0 0.3912969842657343 0.16799970862470867 0.05 0.05
0 0.6666466346153846 0.21520250582750577 0.05 0.05
0 0.19592985139860142 0.41625145687645687 0.05 0.05
0 0.2444438374125874 0.42499271561771557 0.05 0.05
0 0.39260817307692314 0.5089087995337995 0.05 0.05
0 0.40178649475524486 0.533384324009324 0.05 0.05
0 0.4594788024475525 0.526391317016317 0.05 0.05
0 0.525038243006993 0.5368808275058276 0.05 0.05
0 0.566996284965035 0.51939831002331 0.05 0.05
0 0.5932200611888112 0.49142628205128214 0.05 0.05
0 0.5486396416083916 0.4721955128205128 0.05 0.05
0 0.29164663461538465 0.7484192890442891 0.05 0.05
0 0.657468312937063 0.825342365967366 0.05 0.05
0 0.7741641171328674 0.7816360722610723 0.05 0.05
0 0.7728529283216785 0.4547129953379953 0.05 0.05
