0 0.22835236597374173 0.16406136032093363 0.05 0.05
0 0.2628162609409191 0.2559650802334061 0.05 0.05
0 0.3596433944201313 0.14874407366885467 0.05 0.05
0 0.3645668079868709 0.2056368526622901 0.05 0.05
0 0.31205039660831513 0.08966311086797939 0.05 0.05
0 0.4499059764770242 0.20782503646972994 0.05 0.05
0 0.464676217177243 0.2209541393143689 0.05 0.05
0 0.5467331099562365 0.21438958789204948 0.05 0.05
0 0.600890659190372 0.13999133843909536 0.05 0.05
0 0.651765932713348 0.16187317651349364 0.05 0.05
0 0.7797746854485778 0.19469593362509105 0.05 0.05
0 0.6123786241794311 0.49228893143690733 0.05 0.05
0 0.6911532412472648 0.5251116885485048 0.05 0.05
0 0.5565799370897155 0.4747834609773887 0.05 0.05
0 0.50242238785558 0.5404289752005835 0.05 0.05
0 0.41708321936542675 0.5229235047410649 0.05 0.05
0 0.39410728938730855 0.5010416666666666 0.05 0.05
0 0.4630350793216631 0.6936018417213712 0.05 0.05
0 0.4499059764770242 0.70673094456601 0.05 0.05
0 0.44005914934354495 0.7417418854850475 0.05 0.05
0 0.400671840809628 0.8117637673231218 0.05 0.05
0 0.3432320158643326 0.7920701130561635 0.05 0.05
0 0.2956390180525164 0.7833173778264041 0.05 0.05
0 0.06423858041575489 0.6585909008023341 0.05 0.05
0 0.0051576176148795845 0.6892254741064915 0.05 0.05
0 0.039621512582056845 0.6192035922684173 0.05 0.05
0 0.1266018189277899 0.58419265134938 0.05 0.05
0 0.1266018189277899 0.6279563274981764 0.05 0.05
0 0.13808978391684898 0.4901007476294675 0.05 0.05
0 0.100343613238512 0.4244552334062726 0.05 0.05
0 0.14793661105032824 0.3916324762946753 0.05 0.05
0 0.2726630880743982 0.5097944018964259 0.05 0.05
0 0.2972801559080963 0.5448053428154632 0.05 0.05
0 0.2431226066739606 0.6454617979576952 0.05 0.05
0 0.38097818654266963 0.8051992159008025 0.05 0.05
