0 0.0475507774831244 0.5833303198328512 0.05 0.05
0 0.10926726735776278 0.5679011973641916 0.05 0.05
0 0.13433959136933463 0.5023274268723884 0.05 0.05
0 0.110231587512054 0.45346853905496626 0.05 0.05
0 0.04851509763741561 0.46761190131790425 0.05 0.05
0 0.0514080581002893 0.4238960543233688 0.05 0.05
0 0.22884296648987465 0.4701834217293475 0.05 0.05
0 0.22402136571841852 0.5331856718097076 0.05 0.05
0 0.22980728664416583 0.7183351414336226 0.05 0.05
0 0.2924880966730955 0.7684797894567663 0.05 0.05
0 0.320453381147541 0.7826231517197043 0.05 0.05
0 0.3667407485535198 0.8070525956284154 0.05 0.05
0 0.46124412367405976 0.62961768723883 0.05 0.05
0 0.4303858787367406 0.552472074895532 0.05 0.05
0 0.41592107642237225 0.5331856718097076 0.05 0.05
0 0.39759899349083894 0.5048989472838316 0.05 0.05
0 0.5046385306171649 0.5370429524268725 0.05 0.05
0 0.603963506509161 0.5306141513982643 0.05 0.05
0 0.5470686174059788 0.4701834217293475 0.05 0.05
0 0.7389683281099325 0.528042630986821 0.05 0.05
0 0.8276857823047251 0.8327677997428481 0.05 0.05
0 0.9125459558823529 0.7543364271938284 0.05 0.05
0 0.8855449915621986 0.37889444712311166 0.05 0.05
0 0.8132209799903567 0.3583222838315654 0.05 0.05
0 0.7389683281099325 0.36089380424300876 0.05 0.05
0 0.7650049722757956 0.31460643683702993 0.05 0.05
0 0.7399326482642237 0.276033630665381 0.05 0.05
0 0.7804340947444551 0.2747478704596593 0.05 0.05
0 0.8421505846190935 0.27860515107682426 0.05 0.05
0 0.6695372770009642 0.25546146737383485 0.05 0.05
0 0.6184283088235294 0.2516041867566699 0.05 0.05
0 0.6415719925265189 0.1500291305046609 0.05 0.05
0 0.2847735354387657 0.09216992124718738 0.05 0.05
0 0.3127388199132112 0.09474144165863076 0.05 0.05
0 0.346490025313404 0.09859872227579558 0.05 0.05
0 0.32623930207328833 0.1628867325618773 0.05 0.05
0 0.27995193466730955 0.17960161523625853 0.05 0.05
0 0.2529509703471552 0.18860193667630984 0.05 0.05
0 0.25102233003857277 0.24646114593378338 0.05 0.05
0 0.2828448951301832 0.23360354387656698 0.05 0.05
0 0.329132262536162 0.2271747428479589 0.05 0.05
0 0.3329895431533269 0.2104598601735777 0.05 0.05
0 0.37156234932497584 0.27346211025393763 0.05 0.05
0 0.4487079616682738 0.20788833976213444 0.05 0.05
0 0.5837127832690453 0.21303138058502094 0.05 0.05
