0 0.1477938286163522 0.7578550838574423 0.05 0.05
0 0.39307684748427685 0.5020898846960165 0.05 0.05
0 0.553454205974843 0.4706433438155134 0.05 0.05
0 0.44653596698113224 0.6949620020964359 0.05 0.05
0 0.6383598663522014 0.1876244758909851 0.05 0.05
0 0.6289259040880505 0.23793894129978999 0.05 0.05
0 0.7154038915094342 0.11424921383647775 0.05 0.05
0 0.7405611242138367 0.13731001048217994 0.05 0.05
0 0.8238944575471701 0.2274567610062891 0.05 0.05
0 0.35848565251572334 0.08070623689727428 0.05 0.05
0 0.38207055817610075 0.08699554507337494 0.05 0.05
0 0.27515231918239 0.09328485324947558 0.05 0.05
0 0.2861586084905661 0.09328485324947558 0.05 0.05
0 0.2798693003144655 0.11424921383647775 0.05 0.05
0 0.23269948899371076 0.1037670335429766 0.05 0.05
0 0.23741647012578623 0.11634564989517789 0.05 0.05
0 0.18867433176100637 0.0723204926624735 0.05 0.05
0 0.19181898584905666 0.1352135744234798 0.05 0.05
0 0.2043976022012579 0.14150288259958047 0.05 0.05
0 0.2389887971698114 0.1876244758909851 0.05 0.05
0 0.2877309355345913 0.1876244758909851 0.05 0.05
0 0.4460772330866808 0.19448775546159247 0.05 0.05
