0 0.22101934523809524 0.06585648148148143 0.05 0.05
0 0.18332093253968249 0.10553902116402109 0.05 0.05
0 0.21506696428571423 0.11083002645502636 0.05 0.05
0 0.2587177579365079 0.11347552910052912 0.05 0.05
0 0.3162574404761904 0.10024801587301582 0.05 0.05
0 0.28847966269841263 0.15315806878306878 0.05 0.05
0 0.3083209325396824 0.23516865079365074 0.05 0.05
0 0.2904637896825396 0.2483961640211639 0.05 0.05
0 0.24086061507936501 0.22723214285714283 0.05 0.05
0 0.3341145833333332 0.21400462962962952 0.05 0.05
0 0.3737971230158729 0.2060681216931216 0.05 0.05
0 0.44919394841269833 0.2113591269841269 0.05 0.05
0 0.42935267857142845 0.25104166666666666 0.05 0.05
0 0.32419394841269833 0.3383432539682539 0.05 0.05
0 0.21903521825396818 0.3647982804232804 0.05 0.05
0 0.020622519841269817 0.539401455026455 0.05 0.05
0 0.19522569444444435 0.7166501322751322 0.05 0.05
0 0.3003844246031745 0.7960152116402116 0.05 0.05
0 0.3281622023809523 0.7669146825396825 0.05 0.05
0 0.35792410714285705 0.7827876984126984 0.05 0.05
0 0.3857018849206348 0.7986607142857143 0.05 0.05
0 0.42141617063492054 0.7325231481481481 0.05 0.05
0 0.4591145833333332 0.7457506613756613 0.05 0.05
0 0.4174479166666666 0.457390873015873 0.05 0.05
0 0.3956225198412698 0.49707341269841265 0.05 0.05
0 0.4095114087301586 0.5341104497354496 0.05 0.05
0 0.5126860119047618 0.5420469576719575 0.05 0.05
0 0.5583209325396824 0.5261739417989417 0.05 0.05
0 0.5722098214285712 0.49971891534391527 0.05 0.05
0 0.5503844246031745 0.47590939153439143 0.05 0.05
0 0.5345114087301586 0.20871362433862425 0.05 0.05
0 0.6456225198412697 0.1267030423280423 0.05 0.05
0 0.6714161706349204 0.11612103174603164 0.05 0.05
0 0.736892361111111 0.11876653439153438 0.05 0.05
0 0.7567336309523808 0.3092427248677248 0.05 0.05
0 0.8281622023809521 0.34098875661375655 0.05 0.05
0 0.8737971230158728 0.34098875661375655 0.05 0.05
0 0.8916542658730157 0.3938988095238095 0.05 0.05
