0 0.18404613706365508 0.7529239390828201 0.05 0.05
0 0.13579151694045177 0.6420409822039699 0.05 0.05
0 0.27542190708418895 0.42711969541409994 0.05 0.05
0 0.19944654774127316 0.3573045003422313 0.05 0.05
0 0.17685927874743332 0.3436152464065709 0.05 0.05
0 0.27439521303901443 0.3039164099931554 0.05 0.05
0 0.29184901180698153 0.2929650068446269 0.05 0.05
0 0.26926174281314175 0.2080916324435319 0.05 0.05
0 0.2415410035934292 0.2286255133470225 0.05 0.05
0 0.21484695841889123 0.2929650068446269 0.05 0.05
0 0.34831718429158115 0.28885823066392885 0.05 0.05
0 0.370904453285421 0.3326638432580424 0.05 0.05
0 0.3298366914784395 0.3518287987679672 0.05 0.05
0 0.4448264245379877 0.21630518480492805 0.05 0.05
0 0.4489332007186859 0.20261593086926766 0.05 0.05
0 0.2949290939425052 0.09036404859685139 0.05 0.05
0 0.28363545944558527 0.09036404859685139 0.05 0.05
0 0.6183377181724847 0.17113064681724843 0.05 0.05
0 0.584456814681725 0.2258876625598905 0.05 0.05
0 0.5351755005133472 0.18071312457221086 0.05 0.05
0 0.6419516812114991 0.23410121492128677 0.05 0.05
0 0.7487278619096511 0.21356733401779604 0.05 0.05
0 0.7497545559548255 0.1793441991786447 0.05 0.05
0 0.7405143095482547 0.3340327686516086 0.05 0.05
0 0.802115952258727 0.3531977241615332 0.05 0.05
0 0.8421570200205339 0.31212996235455165 0.05 0.05
0 0.6850728311088297 0.43807109856262844 0.05 0.05
0 0.6501652335728954 0.41479936687200547 0.05 0.05
0 0.5495492171457906 0.481876711156742 0.05 0.05
0 0.5054013732032855 0.5434783538672143 0.05 0.05
0 0.47049377566735123 0.5557986824093087 0.05 0.05
0 0.437639566221766 0.5243133983572896 0.05 0.05
0 0.5095081493839836 0.6653127138945928 0.05 0.05
0 0.5413356647843943 0.6529923853524983 0.05 0.05
0 0.5320954183778235 0.5913907426420261 0.05 0.05
