0 0.2256755417547569 0.059181201550387405 0.05 0.05
0 0.27165862843551797 0.09089367512332605 0.05 0.05
0 0.2843436178646934 0.09512200493305123 0.05 0.05
0 0.295442983615222 0.08666534531360087 0.05 0.05
0 0.33825482293868925 0.08877951021846352 0.05 0.05
0 0.35728230708245245 0.08455118040873835 0.05 0.05
0 0.20030556289640594 0.1331769732205777 0.05 0.05
0 0.2256755417547569 0.1331769732205777 0.05 0.05
0 0.20189118657505284 0.2832826814658208 0.05 0.05
0 0.247874273255814 0.2832826814658208 0.05 0.05
0 0.31922733879492604 0.2811685165609582 0.05 0.05
0 0.37313854386892176 0.287511011275546 0.05 0.05
0 0.6458658165961946 0.2811685165609582 0.05 0.05
0 0.6712357954545455 0.25579853770260735 0.05 0.05
0 0.6823351612050741 0.7462847956307257 0.05 0.05
0 0.7219757531712474 0.8435363812544044 0.05 0.05
0 0.8060138081395349 0.7462847956307257 0.05 0.05
0 0.8329694106765329 0.8583355355884426 0.05 0.05
0 0.20347681025369982 0.7441706307258632 0.05 0.05
0 0.3097135967230444 0.739942300916138 0.05 0.05
0 0.14639435782241011 0.6152065715292458 0.05 0.05
0 0.010030721458773751 0.59406492248062 0.05 0.05
0 0.5459715248414377 0.46510086328400274 0.05 0.05
