0 0.2496885926573426 0.12953817016317024 0.05 0.05
0 0.27984593531468527 0.12429341491841489 0.05 0.05
0 0.31262565559440564 0.09107663170163166 0.05 0.05
0 0.3388494318181819 0.07534236596736589 0.05 0.05
0 0.34409418706293715 0.08058712121212111 0.05 0.05
0 0.3349158653846154 0.12604166666666666 0.05 0.05
0 0.35982845279720277 0.14702068764568754 0.05 0.05
0 0.26804523601398605 0.24317453379953377 0.05 0.05
0 0.442433347902098 0.21170600233100234 0.05 0.05
0 0.45423404720279714 0.213454254079254 0.05 0.05
0 0.011052229020978998 0.540377331002331 0.05 0.05
0 0.14741586538461537 0.547370337995338 0.05 0.05
0 0.22346481643356647 0.5089087995337995 0.05 0.05
0 0.23657670454545454 0.7851325757575758 0.05 0.05
0 0.3912969842657343 0.5071605477855478 0.05 0.05
0 0.40572006118881115 0.5228948135198136 0.05 0.05
0 0.45423404720279714 0.5368808275058276 0.05 0.05
0 0.5145487325174825 0.5368808275058276 0.05 0.05
0 0.5630627185314687 0.5281395687645688 0.05 0.05
0 0.5892864947552449 0.5036640442890443 0.05 0.05
0 0.5447060751748252 0.4634542540792541 0.05 0.05
0 0.6889368444055946 0.19072698135198132 0.05 0.05
0 0.7361396416083916 0.19072698135198132 0.05 0.05
0 0.7820312500000002 0.22219551282051278 0.05 0.05
0 0.7453179632867133 0.8428248834498836 0.05 0.05
0 0.844968312937063 0.83932837995338 0.05 0.05
0 0.9551081730769232 0.7536640442890443 0.05 0.05
