0 0.2748298757928118 0.09512200493305135 0.05 0.05
0 0.28592924154334043 0.09512200493305123 0.05 0.05
0 0.2938573599365751 0.09300784002818858 0.05 0.05
0 0.33666919926004224 0.09300784002818858 0.05 0.05
0 0.35569668340380556 0.09300784002818858 0.05 0.05
0 0.35886793076109946 0.15220445736434082 0.05 0.05
0 0.36996729651162796 0.16488944679351636 0.05 0.05
0 0.42070725422832983 0.207172744890768 0.05 0.05
0 0.23360366014799155 0.2536843727977447 0.05 0.05
0 0.4508341041226216 0.2135152396053557 0.05 0.05
0 0.46034784619450325 0.1923735905567298 0.05 0.05
0 0.27165862843551797 0.24945604298801954 0.05 0.05
0 0.5443859011627907 0.47355752290345293 0.05 0.05
0 0.18603494978858348 0.6257773960535588 0.05 0.05
0 0.20030556289640594 0.6532615398167722 0.05 0.05
0 0.18762057346723043 0.7505131254404509 0.05 0.05
0 0.3081279730443975 0.7526272903453134 0.05 0.05
0 0.5047453091966174 0.8118239076814657 0.05 0.05
0 0.6807495375264272 0.7737689393939393 0.05 0.05
0 0.7790582056025371 0.7949105884425651 0.05 0.05
0 0.7711300872093025 0.8794771846370683 0.05 0.05
0 0.85516814217759 0.6701748590556729 0.05 0.05
0 0.9820180364693447 0.7822255990133896 0.05 0.05
