0 0.3119700611888112 0.07709061771561779 0.05 0.05
0 0.222809222027972 0.23967803030303023 0.05 0.05
0 0.28443509615384616 0.22394376456876455 0.05 0.05
0 0.33557145979020986 0.1994682400932401 0.05 0.05
0 0.3932637674825175 0.1994682400932401 0.05 0.05
0 0.4457113199300699 0.1994682400932401 0.05 0.05
0 0.6174770541958042 0.14876893939393934 0.05 0.05
0 0.03006446678321677 0.5998178904428905 0.05 0.05
0 0.3945749562937063 0.5019157925407925 0.05 0.05
0 0.41162041083916084 0.5351325757575758 0.05 0.05
0 0.2778791520979021 0.7589087995337995 0.05 0.05
0 0.28312390734265735 0.8078598484848486 0.05 0.05
0 0.3578616695804196 0.7938738344988345 0.05 0.05
0 0.43522180944055944 0.7396780303030304 0.05 0.05
0 0.45095607517482517 0.7536640442890443 0.05 0.05
0 0.47586866258741256 0.7816360722610723 0.05 0.05
0 0.5034036276223777 0.8690486596736597 0.05 0.05
0 0.6712357954545455 0.9791885198135198 0.05 0.05
0 0.542739291958042 0.51939831002331 0.05 0.05
0 0.5742078234265735 0.4984192890442891 0.05 0.05
0 0.5466728583916084 0.4721955128205128 0.05 0.05
0 0.7276169143356643 0.3952724358974359 0.05 0.05
0 0.6830364947552449 0.6400276806526807 0.05 0.05
0 0.8312008304195805 0.7379297785547786 0.05 0.05
0 0.9216728583916085 0.7169507575757577 0.05 0.05
