0 0.09804728575184019 0.6769968016123381 0.05 0.05
0 0.024440555993690893 0.7162537241500178 0.05 0.05
0 0.005513111198738219 0.723263888888889 0.05 0.05
0 0.010770734752891743 0.6265236154924643 0.05 0.05
0 0.34620711750788635 0.8115919645986682 0.05 0.05
0 0.31886747502628804 0.7527065807921488 0.05 0.05
0 0.439792816771819 0.7597167455310202 0.05 0.05
0 0.7731261501051521 0.7891594374342799 0.05 0.05
0 0.8625057505257618 0.76953097616544 0.05 0.05
0 0.7173953404311249 0.38958004731861234 0.05 0.05
0 0.5659757820715035 0.49333048545390845 0.05 0.05
0 0.5459968125657201 0.4751040571328429 0.05 0.05
0 0.542842238433228 0.5269792762004909 0.05 0.05
0 0.5039358241324919 0.5269792762004909 0.05 0.05
0 0.41035012486855926 0.5297833420960394 0.05 0.05
0 0.3966803036277601 0.5059487819838768 0.05 0.05
0 0.45241111330178746 0.19609950052576272 0.05 0.05
0 0.5512544361198736 0.19609950052576272 0.05 0.05
0 0.29888850552050467 0.0713185681738525 0.05 0.05
0 0.27890953601472124 0.09515312828601499 0.05 0.05
0 0.290476307833859 0.08814296354714367 0.05 0.05
0 0.28732173370136693 0.06571043638275534 0.05 0.05
0 0.20214823212407987 0.0713185681738525 0.05 0.05
0 0.19058146030494214 0.04608197511391552 0.05 0.05
0 0.18532383675078862 0.3545292236242555 0.05 0.05
0 0.29783698080967397 0.11758565545040346 0.05 0.05
