0 0.17976397552783108 0.5362304062699937 0.05 0.05
0 0.12026301583493285 0.5042406429942419 0.05 0.05
0 0.0070192538387715995 0.6872220889315419 0.05 0.05
0 0.40913057821497123 0.5311120441458733 0.05 0.05
0 0.3966545705374281 0.505520233525272 0.05 0.05
0 0.4235259716890596 0.47097128918746 0.05 0.05
0 0.4302438219769674 0.5362304062699936 0.05 0.05
0 0.49934171065259125 0.5362304062699936 0.05 0.05
0 0.5492457413627639 0.5272732725527831 0.05 0.05
0 0.5693992922264876 0.49400391874600125 0.05 0.05
0 0.5473263555662189 0.4696916986564299 0.05 0.05
0 0.6730461252399234 0.5016814619321817 0.05 0.05
0 0.8294760676583494 0.5503059021113244 0.05 0.05
0 0.8678637835892514 0.868923944337812 0.05 0.05
0 0.5166161828214972 0.65395273512476 0.05 0.05
0 0.3083628238963532 0.3046245201535508 0.05 0.05
0 0.3313954534548945 0.29310820537428023 0.05 0.05
0 0.23254708493282156 0.25855926103646826 0.05 0.05
0 0.36210562619961617 0.26367762316058857 0.05 0.05
0 0.40625149952015366 0.2611184420985284 0.05 0.05
0 0.4484779870441459 0.21889195457453614 0.05 0.05
0 0.34291176823416514 0.1331593889955214 0.05 0.05
0 0.3083628238963532 0.1280410268714011 0.05 0.05
0 0.29972558781190023 0.09093290147152899 0.05 0.05
0 0.2853301943378119 0.08965331094049904 0.05 0.05
0 0.2718944937619962 0.09477167306461923 0.05 0.05
0 0.2546200215930903 0.09349208253358915 0.05 0.05
0 0.2335067778310941 0.09349208253358915 0.05 0.05
0 0.21911138435700578 0.09093290147152899 0.05 0.05
0 0.2536603286948177 0.057663547664747246 0.05 0.05
0 0.33523422504798467 0.08197576775431857 0.05 0.05
0 0.36114593330134365 0.08325535828534865 0.05 0.05
0 0.6490538027831094 0.20225727767114515 0.05 0.05
0 0.7162323056621882 0.1689879238643634 0.05 0.05
0 0.7267889275431862 0.2956673864363404 0.05 0.05
0 0.7613378718809982 0.22528990722968653 0.05 0.05
0 0.3112419025911709 0.07941658669225843 0.05 0.05
