0 0.2664514525072324 0.7864804323368693 0.05 0.05
0 0.2982740175988428 0.7530506669881069 0.05 0.05
0 0.37734827025072326 0.7929092333654775 0.05 0.05
0 0.5345324554001929 0.9214852539376407 0.05 0.05
0 0.6608583956123433 0.8263389987142399 0.05 0.05
0 0.7273964862584378 0.6939056975249116 0.05 0.05
0 0.7428256087270974 0.6501898505303761 0.05 0.05
0 0.8585440272420444 0.6797623352619736 0.05 0.05
0 0.9192961969623916 0.948486218257795 0.05 0.05
0 0.9790840465284475 0.9806302234008357 0.05 0.05
0 0.513317412005786 0.5267568707810993 0.05 0.05
0 0.5933559848119575 0.5048989472838316 0.05 0.05
0 0.5461042972516875 0.46118310028929604 0.05 0.05
0 0.45835116321118613 0.5640439167470267 0.05 0.05
0 0.4101351554966248 0.5267568707810993 0.05 0.05
0 0.39374171287367404 0.5023274268723884 0.05 0.05
0 0.7447542490356798 0.3261782786885246 0.05 0.05
0 0.7920059365959498 0.3261782786885246 0.05 0.05
0 0.28091625482160076 0.28246243169398916 0.05 0.05
0 0.24620072926711672 0.18345889585342334 0.05 0.05
0 0.32816794238187075 0.1153136049501768 0.05 0.05
0 0.2973096974445516 0.11917088556734173 0.05 0.05
0 0.2847735354387657 0.08831264063002256 0.05 0.05
0 0.30984585945033755 0.09216992124718738 0.05 0.05
0 0.3397397842333655 0.10631328351012546 0.05 0.05
0 0.45352956243972997 0.20531681935069107 0.05 0.05
