0 0.22101934523809524 0.03940145502645495 0.05 0.05
0 0.22498759920634911 0.07643849206349197 0.05 0.05
0 0.3162574404761904 0.09231150793650791 0.05 0.05
0 0.3777653769841269 0.08966600529100527 0.05 0.05
0 0.2626860119047619 0.15844907407407405 0.05 0.05
0 0.21506696428571423 0.23781415343915338 0.05 0.05
0 0.2765749007936507 0.2669146825396825 0.05 0.05
0 0.32220982142857135 0.25368716931216917 0.05 0.05
0 0.4511780753968253 0.20871362433862425 0.05 0.05
0 0.46506696428571415 0.2113591269841269 0.05 0.05
0 0.4333209325396824 0.2880787037037036 0.05 0.05
0 0.5305431547619046 0.21400462962962952 0.05 0.05
0 0.5722098214285712 0.07908399470899473 0.05 0.05
0 0.6198288690476189 0.18754960317460317 0.05 0.05
0 0.8182415674603172 0.17961309523809513 0.05 0.05
0 0.8281622023809521 0.26426917989417986 0.05 0.05
0 0.7884796626984125 0.25633267195767195 0.05 0.05
0 0.7349082341269839 0.30659722222222213 0.05 0.05
0 0.5424479166666665 0.4600363756613755 0.05 0.05
0 0.5841145833333332 0.49178240740740736 0.05 0.05
0 0.5622891865079364 0.5155919312169311 0.05 0.05
0 0.5087177579365079 0.5261739417989417 0.05 0.05
0 0.39760664682539676 0.5076554232804232 0.05 0.05
0 0.4015749007936507 0.5367559523809523 0.05 0.05
0 0.44720982142857135 0.7378141534391534 0.05 0.05
0 0.4174479166666666 0.7457506613756613 0.05 0.05
0 0.3777653769841269 0.7827876984126984 0.05 0.05
0 0.3559399801587301 0.8013062169312168 0.05 0.05
0 0.3003844246031745 0.7589781746031746 0.05 0.05
0 0.29641617063492054 0.8013062169312168 0.05 0.05
0 0.8222098214285711 0.9415178571428571 0.05 0.05
0 0.9214161706349204 0.9282903439153439 0.05 0.05
