0 0.1938884710065645 0.10935676513493793 0.05 0.05
0 0.21522326312910284 0.13342678701677593 0.05 0.05
0 0.18568278172866517 0.15749680889861406 0.05 0.05
0 0.22671122811816197 0.25377689642596635 0.05 0.05
0 0.25132829595185996 0.2012604850474105 0.05 0.05
0 0.2693808123632385 0.17937864697301223 0.05 0.05
0 0.28415105306345734 0.1443677060539751 0.05 0.05
0 0.30876812089715544 0.10279221371261839 0.05 0.05
0 0.3645668079868709 0.14655588986141493 0.05 0.05
0 0.3645668079868709 0.1728140955506928 0.05 0.05
0 0.32353836159737415 0.19688411743253093 0.05 0.05
0 0.4482648386214443 0.21220140408460963 0.05 0.05
0 0.45482939004376377 0.20782503646972994 0.05 0.05
0 0.3859016001094092 0.24940052881108662 0.05 0.05
0 0.5434508342450767 0.21876595550692918 0.05 0.05
0 0.5976083834792123 0.07872219183078026 0.05 0.05
0 0.6369956920131292 0.08091037563822011 0.05 0.05
0 0.7584398933260394 0.13123860320933609 0.05 0.05
0 0.5549387992341358 0.4660307257476294 0.05 0.05
0 0.5057046635667397 0.5382407913931435 0.05 0.05
0 0.39738956509846834 0.5054180342815463 0.05 0.05
0 0.4072363922319475 0.5251116885485048 0.05 0.05
0 0.02321013402625816 0.5294880561633843 0.05 0.05
0 0.09049678610503278 0.5272998723559444 0.05 0.05
0 0.13316637035010936 0.5885690189642595 0.05 0.05
0 0.1167549917943107 0.6257681436907366 0.05 0.05
0 0.07244426969365422 0.6520263493800146 0.05 0.05
0 0.21686440098468274 0.8008228482859228 0.05 0.05
0 0.275945363785558 0.7833173778264041 0.05 0.05
0 0.29892129376367615 0.8314574215900803 0.05 0.05
0 0.39246615153172865 0.785505561633844 0.05 0.05
0 0.41544208150984685 0.7395537016776076 0.05 0.05
0 0.48601100929978125 0.735177334062728 0.05 0.05
0 0.5336040071115974 0.6367090627279358 0.05 0.05
0 0.589402694201313 0.7417418854850475 0.05 0.05
0 0.6681773112691467 0.6717200036469729 0.05 0.05
0 0.7518753419037201 0.5973217541940189 0.05 0.05
0 0.814238580415755 0.5885690189642595 0.05 0.05
0 0.9241948167396064 0.6410854303428155 0.05 0.05
0 0.9209125410284467 0.7920701130561635 0.05 0.05
