0 0.5943669492639325 0.24236658780231365 0.05 0.05
0 0.5985730481072553 0.29844790571328456 0.05 0.05
0 0.5449452878548894 0.3334987294076413 0.05 0.05
0 0.5112964971083069 0.517165045566071 0.05 0.05
0 0.5533574855415351 0.5143609796705225 0.05 0.05
0 0.5659757820715035 0.5003406501927797 0.05 0.05
0 0.5449452878548894 0.4722999912372944 0.05 0.05
0 0.40824707544689787 0.5185670785138453 0.05 0.05
0 0.3956287789169294 0.501742683140554 0.05 0.05
0 0.3882681059411145 0.8143960304942168 0.05 0.05
0 0.3398979692429021 0.7709330091132143 0.05 0.05
0 0.40929860015772856 0.7751391079565372 0.05 0.05
0 0.23790007229232382 0.7316760865755347 0.05 0.05
0 0.5659757820715035 0.7765411409043115 0.05 0.05
0 0.6648191048895897 0.7863553715387313 0.05 0.05
0 0.7436834582018925 0.7933655362776028 0.05 0.05
0 0.8519905034174549 0.8802915790396075 0.05 0.05
0 0.916133510778128 0.8704773484051876 0.05 0.05
0 0.7731261501051521 0.7092435594111463 0.05 0.05
0 0.8109810396950575 0.6755947686645638 0.05 0.05
0 0.8414752563091479 0.419022739221872 0.05 0.05
0 0.8709179482124079 0.38817801437083804 0.05 0.05
0 0.8214962868033645 0.22273812653347386 0.05 0.05
0 0.674282827287066 0.08113279880827236 0.05 0.05
0 0.45030806388012606 0.2003055993690855 0.05 0.05
0 0.17375706493165088 0.46108372765510014 0.05 0.05
0 0.1264384529442692 0.4512694970206802 0.05 0.05
0 0.11697473054679286 0.5998849894847531 0.05 0.05
0 0.036007327812828636 0.5718443305292678 0.05 0.05
0 0.0034100617770768116 0.5760504293725905 0.05 0.05
0 0.29888850552050467 0.4050024097441292 0.05 0.05
0 0.27890953601472124 0.2521808184367335 0.05 0.05
0 0.24946684411146158 0.249376752541185 0.05 0.05
0 0.2610336159305993 0.1750690063091485 0.05 0.05
0 0.2915278325446897 0.16525477567472865 0.05 0.05
0 0.3588254140378548 0.15544054504030883 0.05 0.05
0 0.3956287789169294 0.14562631440588886 0.05 0.05
0 0.27890953601472124 0.10917345776375775 0.05 0.05
0 0.3640830375920083 0.10496735892043496 0.05 0.05
