0 0.20248579545454543 0.04037733100233112 0.05 0.05
0 0.22739838286713288 0.08233537296037288 0.05 0.05
0 0.26804523601398605 0.08932837995337989 0.05 0.05
0 0.28509069055944053 0.10331439393939389 0.05 0.05
0 0.3060697115384615 0.09806963869463867 0.05 0.05
0 0.34802775349650356 0.08758012820512823 0.05 0.05
0 0.3427829982517483 0.07534236596736589 0.05 0.05
0 0.25886691433566433 0.12079691142191133 0.05 0.05
0 0.2942690122377623 0.12079691142191133 0.05 0.05
0 0.44374453671328684 0.1994682400932401 0.05 0.05
0 0.4450557255244755 0.213454254079254 0.05 0.05
0 0.30869208916083923 0.3235941142191142 0.05 0.05
0 0.34802775349650356 0.3235941142191142 0.05 0.05
0 0.4621011800699302 0.5368808275058276 0.05 0.05
0 0.5224158653846155 0.540377331002331 0.05 0.05
0 0.5499508304195805 0.46695075757575755 0.05 0.05
0 0.2785347465034965 0.7536640442890443 0.05 0.05
0 0.3152480332167832 0.7624053030303031 0.05 0.05
0 0.34147180944055944 0.9512164918414919 0.05 0.05
0 0.45161166958041965 0.7606570512820513 0.05 0.05
0 0.5958424388111888 0.255412296037296 0.05 0.05
0 0.6745137674825177 0.3638039044289044 0.05 0.05
0 0.7007375437062938 0.6138039044289044 0.05 0.05
0 0.7872760052447554 0.7414262820512821 0.05 0.05
0 0.8134997814685316 0.32709061771561776 0.05 0.05
0 0.8515242569930072 0.3550626456876457 0.05 0.05
