0 0.20969733391608392 0.08058712121212135 0.05 0.05
0 0.22149803321678324 0.07709061771561766 0.05 0.05
0 0.25296656468531464 0.07184586247086244 0.05 0.05
0 0.33163789335664334 0.11205565268065266 0.05 0.05
0 0.30541411713286715 0.08233537296037288 0.05 0.05
0 0.382774256993007 0.07883886946386945 0.05 0.05
0 0.32508194930069934 0.24841928904428912 0.05 0.05
0 0.2778791520979021 0.19771998834498833 0.05 0.05
0 0.2503441870629371 0.18373397435897434 0.05 0.05
0 0.22805397727272725 0.2291885198135198 0.05 0.05
0 0.28312390734265735 0.276391317016317 0.05 0.05
0 0.3749071241258742 0.29212558275058265 0.05 0.05
0 0.43653299825174824 0.276391317016317 0.05 0.05
0 0.44702250874125876 0.20121649184149176 0.05 0.05
0 0.16511691433566436 0.40751019813519823 0.05 0.05
0 0.167739291958042 0.568349358974359 0.05 0.05
0 0.03662041083916083 0.6225451631701632 0.05 0.05
0 0.38801901223776225 0.5106570512820513 0.05 0.05
0 0.41162041083916084 0.5386290792540792 0.05 0.05
0 0.5650295017482517 0.5351325757575758 0.05 0.05
0 0.57814138986014 0.5001675407925408 0.05 0.05
0 0.5466728583916084 0.4686990093240093 0.05 0.05
0 0.43653299825174824 0.7868808275058276 0.05 0.05
0 0.36048404720279725 0.7798878205128206 0.05 0.05
0 0.4011309003496503 0.7536640442890443 0.05 0.05
0 0.31328125 0.7519157925407925 0.05 0.05
0 0.4417777534965035 0.7186990093240093 0.05 0.05
0 0.7394176136363637 0.6138039044289044 0.05 0.05
0 0.8705364947552449 0.46695075757575755 0.05 0.05
0 0.7459735576923077 0.37604166666666666 0.05 0.05
0 0.8023546765734266 0.2344332750582751 0.05 0.05
0 0.8285784527972029 0.18198572261072254 0.05 0.05
0 0.7000819493006993 0.1225451631701631 0.05 0.05
0 0.7145050262237763 0.11555215617715611 0.05 0.05
0 0.736795236013986 0.22219551282051278 0.05 0.05
