0 0.18281796328671324 0.07359411421911423 0.05 0.05
0 0.1946186625874126 0.07009761072261066 0.05 0.05
0 0.21690887237762238 0.07009761072261066 0.05 0.05
0 0.2746011800699301 0.09282488344988345 0.05 0.05
0 0.282468312937063 0.09282488344988345 0.05 0.05
0 0.29951376748251757 0.07709061771561766 0.05 0.05
0 0.3388494318181819 0.09282488344988345 0.05 0.05
0 0.34147180944055944 0.08058712121212111 0.05 0.05
0 0.39916411713286715 0.057859848484848445 0.05 0.05
0 0.3703179632867133 0.06485285547785544 0.05 0.05
0 0.4384997814685315 0.20471299533799533 0.05 0.05
0 0.45030048076923085 0.20471299533799533 0.05 0.05
0 0.33622705419580423 0.21869900932400935 0.05 0.05
0 0.2732899912587413 0.23967803030303023 0.05 0.05
0 0.4607899912587413 0.533384324009324 0.05 0.05
0 0.23526551573426574 0.24492278554778554 0.05 0.05
0 0.21690887237762238 0.3952724358974359 0.05 0.05
0 0.5224158653846155 0.5351325757575758 0.05 0.05
0 0.5447060751748252 0.4721955128205128 0.05 0.05
0 0.5827305506993008 0.6592584498834498 0.05 0.05
0 0.24968859265734267 0.7484192890442891 0.05 0.05
0 0.31655922202797204 0.7606570512820513 0.05 0.05
0 0.907905375874126 0.43198572261072266 0.05 0.05
0 0.6115767045454547 0.30785984848484843 0.05 0.05
0 0.5827305506993008 0.23967803030303023 0.05 0.05
0 0.6548459353146854 0.26065705128205136 0.05 0.05
0 0.6941815996503499 0.276391317016317 0.05 0.05
0 0.6954927884615385 0.22044726107226112 0.05 0.05
0 0.7282725087412588 0.20995775058275054 0.05 0.05
0 0.7387620192307693 0.31660110722610724 0.05 0.05
0 0.789898382867133 0.304363344988345 0.05 0.05
0 0.8751256555944057 0.2676500582750582 0.05 0.05
