0 0.2316346416849015 0.03933488329686353 0.05 0.05
0 0.2595339852297593 0.03933488329686341 0.05 0.05
0 0.31369153446389497 0.09841584609773868 0.05 0.05
0 0.3645668079868709 0.09185129467541925 0.05 0.05
0 0.39410728938730855 0.10060402990517853 0.05 0.05
0 0.3662079458424508 0.14217952224653524 0.05 0.05
0 0.4466237007658644 0.20782503646972994 0.05 0.05
0 0.4597528036105033 0.21220140408460963 0.05 0.05
0 0.3497965672866521 0.21438958789204948 0.05 0.05
0 0.32189722374179436 0.21657777169948922 0.05 0.05
0 0.2578928473741794 0.21220140408460963 0.05 0.05
0 0.18404164387308533 0.23189505835156807 0.05 0.05
0 0.21194098741794307 0.28878783734500346 0.05 0.05
0 0.2808687773522976 0.3719388220277169 0.05 0.05
0 0.28579219091903724 0.43539615244347174 0.05 0.05
0 0.39246615153172865 0.5054180342815463 0.05 0.05
0 0.4072363922319475 0.5382407913931435 0.05 0.05
0 0.2726630880743982 0.571063548504741 0.05 0.05
0 0.23163464168490155 0.6520263493800146 0.05 0.05
0 0.23327577954048145 0.6892254741064915 0.05 0.05
0 0.3284617751641138 0.759247355944566 0.05 0.05
0 0.30056243161925605 0.7876937454412837 0.05 0.05
0 0.3547199808533917 0.8051992159008025 0.05 0.05
0 0.37933704868708973 0.7920701130561635 0.05 0.05
0 0.42364777078774624 0.7417418854850475 0.05 0.05
0 0.4466237007658644 0.7395537016776076 0.05 0.05
0 0.5598622128008753 0.5316762399708241 0.05 0.05
0 0.5811970049234136 0.5010416666666666 0.05 0.05
0 0.5483742478118162 0.47697164478482856 0.05 0.05
0 0.6583304841356675 0.2428359773887672 0.05 0.05
0 0.5565799370897155 0.14217952224653524 0.05 0.05
0 0.5746324535010942 0.13999133843909536 0.05 0.05
0 0.5483742478118162 0.2209541393143689 0.05 0.05
0 0.6238665891684902 0.13999133843909536 0.05 0.05
0 0.6501247948577682 0.13780315463165552 0.05 0.05
0 0.765004444748359 0.22970687454412822 0.05 0.05
0 0.8125974425601752 0.21876595550692918 0.05 0.05
0 0.829008821115974 0.1925077498176512 0.05 0.05
