0 0.19125744047619048 0.22723214285714283 0.05 0.05
0 0.31427331349206344 0.10024801587301582 0.05 0.05
0 0.242844742063492 0.2669146825396825 0.05 0.05
0 0.29443204365079356 0.26426917989417986 0.05 0.05
0 0.3360987103174602 0.3118882275132274 0.05 0.05
0 0.44720982142857135 0.21400462962962952 0.05 0.05
0 0.4253844246031745 0.1690310846560846 0.05 0.05
0 0.3956225198412698 0.13993055555555547 0.05 0.05
0 0.6059399801587301 0.12141203703703703 0.05 0.05
0 0.5484002976190474 0.2113591269841269 0.05 0.05
0 0.6277653769841268 0.18490410052910042 0.05 0.05
0 0.6654637896825395 0.18754960317460317 0.05 0.05
0 0.6972098214285712 0.11876653439153438 0.05 0.05
0 0.7567336309523808 0.17961309523809513 0.05 0.05
0 0.7567336309523808 0.12405753968253966 0.05 0.05
0 0.7726066468253966 0.10553902116402109 0.05 0.05
0 0.7845114087301586 0.1769675925925925 0.05 0.05
0 0.8281622023809521 0.34892526455026457 0.05 0.05
0 0.7845114087301586 0.3515707671957671 0.05 0.05
0 0.8718129960317457 0.5632109788359788 0.05 0.05
0 0.7924479166666665 0.5605654761904761 0.05 0.05
0 0.5464161706349204 0.4653273809523809 0.05 0.05
0 0.5761780753968252 0.48384589947089934 0.05 0.05
0 0.5583209325396824 0.5076554232804232 0.05 0.05
0 0.4035590277777777 0.4600363756613755 0.05 0.05
0 0.38967013888888885 0.5076554232804232 0.05 0.05
0 0.4134796626984126 0.5367559523809523 0.05 0.05
0 0.28054315476190467 0.4468088624338625 0.05 0.05
0 0.23887648809523804 0.449454365079365 0.05 0.05
0 0.022606646825396794 0.5737929894179893 0.05 0.05
0 0.2984002976190475 0.8013062169312168 0.05 0.05
0 0.32220982142857135 0.7669146825396825 0.05 0.05
0 0.3519717261904761 0.8145337301587301 0.05 0.05
0 0.3737971230158729 0.7986607142857143 0.05 0.05
0 0.42736855158730147 0.7245866402116402 0.05 0.05
0 0.4412574404761903 0.740459656084656 0.05 0.05
