0 0.20569928278688526 0.2631760286081646 0.05 0.05
0 0.25198665019286404 0.26703330922532953 0.05 0.05
0 0.28188057497589203 0.3030345949855352 0.05 0.05
0 0.30791721914175507 0.2696048296367728 0.05 0.05
0 0.27609465405014466 0.20531681935069107 0.05 0.05
0 0.22884296648987465 0.1268854468016715 0.05 0.05
0 0.19123448047251684 0.11402784474445522 0.05 0.05
0 0.25584393081002893 0.07545503857280617 0.05 0.05
0 0.3069528989874638 0.10374176309868209 0.05 0.05
0 0.3397397842333655 0.10631328351012546 0.05 0.05
0 0.37734827025072326 0.07931231918997111 0.05 0.05
0 0.39277739271938283 0.0561686354869817 0.05 0.05
0 0.4467793213596914 0.20660257955641276 0.05 0.05
0 0.385062831485053 0.5074704676952748 0.05 0.05
0 0.4110994756509161 0.5344714320154292 0.05 0.05
0 0.44774364151398266 0.654047131147541 0.05 0.05
0 0.35806186716489874 0.7967665139826423 0.05 0.05
0 0.32623930207328833 0.7761943506910961 0.05 0.05
0 0.27705897420443587 0.7774801108968178 0.05 0.05
0 0.5065671709257473 0.5344714320154292 0.05 0.05
0 0.5432113367888138 0.4701834217293475 0.05 0.05
0 0.6521795142237223 0.2747478704596593 0.05 0.05
0 0.6907523203953713 0.29660579395692704 0.05 0.05
0 0.7341467273384763 0.22460322243651565 0.05 0.05
0 0.78429137536162 0.2156029009964642 0.05 0.05
0 0.5962489452748312 0.09474144165863076 0.05 0.05
0 0.6078207871263259 0.08702688042430087 0.05 0.05
0 0.6001062258919961 0.06388319672131146 0.05 0.05
0 0.5702123011089681 0.08831264063002256 0.05 0.05
