0 0.17691163906414298 0.3769617507886437 0.05 0.05
0 0.19478755914826493 0.35733328951980403 0.05 0.05
0 0.19058146030494214 0.31106620224325304 0.05 0.05
0 0.2063543309674027 0.039071810375044196 0.05 0.05
0 0.24000312171398522 0.039071810375044196 0.05 0.05
0 0.22212720162986327 0.38397191552751514 0.05 0.05
0 0.24946684411146158 0.3012519716088331 0.05 0.05
0 0.20109670741324917 0.20731576410795682 0.05 0.05
0 0.33148577155625647 0.25358285138450776 0.05 0.05
0 0.36618608701366967 0.23816048895899086 0.05 0.05
0 0.393525729495268 0.23816048895899086 0.05 0.05
0 0.38090743296529955 0.19750153347353697 0.05 0.05
0 0.41876232255520496 0.18628526989134275 0.05 0.05
0 0.41035012486855926 0.5199691114616196 0.05 0.05
0 0.3956287789169294 0.5073508149316511 0.05 0.05
0 0.41560774842271286 0.4821142218717142 0.05 0.05
0 0.26208514064143 0.07272060112162677 0.05 0.05
0 0.27260038774973705 0.09655516123378938 0.05 0.05
0 0.2862702089905362 0.0909470294426922 0.05 0.05
0 0.3115068020504731 0.10076126007711217 0.05 0.05
0 0.3598769387486855 0.09795719418156364 0.05 0.05
0 0.6627160554679283 0.14843038030143738 0.05 0.05
0 0.702673994479495 0.14843038030143738 0.05 0.05
0 0.7247560134069398 0.16525477567472865 0.05 0.05
0 0.7563017547318609 0.17366697336137424 0.05 0.05
0 0.8257023856466873 0.17927510515247141 0.05 0.05
0 0.7825898725026286 0.38397191552751514 0.05 0.05
0 0.7300136369610933 0.3965902120574836 0.05 0.05
0 0.5449452878548894 0.4722999912372944 0.05 0.05
0 0.5596666338065193 0.4947325184016827 0.05 0.05
0 0.5459968125657201 0.5213711444093938 0.05 0.05
0 0.5070903982649841 0.5339894409393623 0.05 0.05
0 0.29783698080967397 0.8101899316508939 0.05 0.05
