0 0.17966263862102216 0.2991773143683704 0.05 0.05
0 0.21534248432979747 0.31332067663130825 0.05 0.05
0 0.21823544479267118 0.24903266634522664 0.05 0.05
0 0.19798472155255545 0.17188705400192864 0.05 0.05
0 0.2789876145130183 0.2580329877852781 0.05 0.05
0 0.30598857883317265 0.27217635004821605 0.05 0.05
0 0.34166842454194796 0.2580329877852781 0.05 0.05
0 0.35420458654773385 0.2618902684024429 0.05 0.05
0 0.40242059426229504 0.24646114593378338 0.05 0.05
0 0.4409934004339441 0.20917409996785613 0.05 0.05
0 0.3310609028447445 0.18217313564770177 0.05 0.05
0 0.2953810571359692 0.13974304885888789 0.05 0.05
0 0.3088815392960463 0.09859872227579558 0.05 0.05
0 0.28766649590163934 0.09474144165863076 0.05 0.05
0 0.34166842454194796 0.10759904371584703 0.05 0.05
0 0.19798472155255545 0.07031199774991966 0.05 0.05
0 0.5056028507714562 0.5499005544840887 0.05 0.05
0 0.45738684305689487 0.5653296769527484 0.05 0.05
0 0.4033849144165863 0.531899911603986 0.05 0.05
0 0.38795579194792673 0.5036131870781101 0.05 0.05
0 0.37156234932497584 0.794194993571199 0.05 0.05
0 0.32816794238187075 0.7813373915139827 0.05 0.05
0 0.2973096974445516 0.780051631308261 0.05 0.05
0 0.766933612584378 0.528042630986821 0.05 0.05
0 0.8112923396817744 0.6707620138219224 0.05 0.05
0 0.840221944310511 0.5074704676952748 0.05 0.05
0 0.9009741140308583 0.542185993249759 0.05 0.05
0 0.6676086366923818 0.28117667148826747 0.05 0.05
0 0.5798555026518805 0.2631760286081646 0.05 0.05
