0 0.08548350872689939 0.506517368240931 0.05 0.05
0 0.050575911190965106 0.7830402977412732 0.05 0.05
0 0.21484695841889123 0.5119930698151952 0.05 0.05
0 0.38425147587269004 0.507886293634497 0.05 0.05
0 0.40889213295687893 0.5270512491444216 0.05 0.05
0 0.4417463424024642 0.5284201745379877 0.05 0.05
0 0.4592001411704313 0.8008363278576318 0.05 0.05
0 0.5854835087268995 0.9746898528405202 0.05 0.05
0 0.7035533239219713 0.8733893737166325 0.05 0.05
0 0.47460055184804933 0.5133619952087611 0.05 0.05
0 0.5187483957905545 0.533895876112252 0.05 0.05
0 0.5516026052361397 0.5284201745379877 0.05 0.05
0 0.5680297099589323 0.4955659650924025 0.05 0.05
0 0.5536559933264888 0.4722942334017797 0.05 0.05
0 0.6594054799794662 0.3545666495550993 0.05 0.05
0 0.7507812500000002 0.3655180527036277 0.05 0.05
0 0.719980428644764 0.09720867556468171 0.05 0.05
0 0.6573520918891171 0.06983016769336067 0.05 0.05
0 0.5516026052361397 0.19166452772073914 0.05 0.05
0 0.450986588809035 0.20261593086926766 0.05 0.05
0 0.38630486396303904 0.2518972450376455 0.05 0.05
0 0.32880999743326494 0.2258876625598905 0.05 0.05
0 0.27336851899383985 0.24915939425051334 0.05 0.05
0 0.22203381673511297 0.26011079739904186 0.05 0.05
0 0.20252662987679676 0.1875577515400411 0.05 0.05
0 0.22511389887063657 0.22451873716632445 0.05 0.05
0 0.2415410035934292 0.15744139288158793 0.05 0.05
0 0.2713151309034908 0.158810318275154 0.05 0.05
0 0.277475295174538 0.17660634839151268 0.05 0.05
0 0.3062227284394251 0.19850915468856947 0.05 0.05
0 0.3318900795687886 0.1519656913073238 0.05 0.05
0 0.29184901180698153 0.09036404859685139 0.05 0.05
0 0.25591472022587275 0.09036404859685139 0.05 0.05
0 0.39041164014373725 0.14648998973305952 0.05 0.05
0 0.3380502438398358 0.04108273442847358 0.05 0.05
