0 0.270073004756871 0.086665345313601 0.05 0.05
0 0.2795867468287526 0.09300784002818858 0.05 0.05
0 0.2891004889006343 0.09300784002818858 0.05 0.05
0 0.33825482293868925 0.08666534531360087 0.05 0.05
0 0.35886793076109946 0.08666534531360087 0.05 0.05
0 0.4254641252642707 0.19871608527131765 0.05 0.05
0 0.4492484804439747 0.19448775546159247 0.05 0.05
0 0.466690340909091 0.1839169309372796 0.05 0.05
0 0.636352074524313 0.3149951550387596 0.05 0.05
0 0.6981913979915435 0.3065384954193092 0.05 0.05
0 0.7505169793868923 0.3192234848484847 0.05 0.05
0 0.8805381210359409 0.4016759161381253 0.05 0.05
0 0.5507283958773785 0.4587583685694149 0.05 0.05
0 0.12895249735729386 0.44395921423537693 0.05 0.05
0 0.076626915961945 0.39956175123326265 0.05 0.05
0 0.1622505946088795 0.5496674594785059 0.05 0.05
0 0.20189118657505284 0.6194349013389711 0.05 0.05
0 0.19713431553911204 0.7420564658210006 0.05 0.05
0 0.2748298757928119 0.7462847956307257 0.05 0.05
