0 0.37249523527865397 0.15964664388363162 0.05 0.05
0 0.3619799881703469 0.08674093059936941 0.05 0.05
0 0.3293827221345951 0.09375109533824073 0.05 0.05
0 0.3094037526288117 0.08814296354714367 0.05 0.05
0 0.279961060725552 0.07692669996494957 0.05 0.05
0 0.2031997568349106 0.07692669996494957 0.05 0.05
0 0.23474549815983173 0.1722649404136 0.05 0.05
0 0.23264244873817028 0.2521808184367335 0.05 0.05
0 0.008667685331230334 0.5816585611636875 0.05 0.05
0 0.2610336159305993 0.7765411409043115 0.05 0.05
0 0.3115068020504731 0.7891594374342799 0.05 0.05
0 0.37144371056782327 0.8017777339642483 0.05 0.05
0 0.41245317429022066 0.7849533385909571 0.05 0.05
0 0.4040409766035751 0.5199691114616196 0.05 0.05
0 0.3903711553627759 0.5059487819838768 0.05 0.05
0 0.41140164957938996 0.4779081230283914 0.05 0.05
0 0.5039358241324919 0.5353914738871366 0.05 0.05
0 0.5407391890115666 0.5213711444093938 0.05 0.05
0 0.5628212079390114 0.49753658429723124 0.05 0.05
0 0.5449452878548894 0.4680938923939715 0.05 0.05
0 0.6469431848054678 0.3615393883631268 0.05 0.05
0 0.6974163709253415 0.35593125657202973 0.05 0.05
0 0.8088779902733961 0.34892109183315845 0.05 0.05
0 0.7657654771293372 0.34331296004206124 0.05 0.05
0 0.858299651682439 0.28022147739221903 0.05 0.05
0 0.7499926064668767 0.12038972134595198 0.05 0.05
0 0.5544090102523658 0.20310966526463403 0.05 0.05
