0 0.22895585317460315 0.12141203703703703 0.05 0.05
0 0.3162574404761904 0.10024801587301582 0.05 0.05
0 0.34998759920634914 0.055274470899470886 0.05 0.05
0 0.45514632936507926 0.20871362433862425 0.05 0.05
0 0.34205109126984123 0.1558035714285714 0.05 0.05
0 0.3519717261904761 0.2192956349206348 0.05 0.05
0 0.36387648809523804 0.2907242063492063 0.05 0.05
0 0.2666542658730158 0.26426917989417986 0.05 0.05
0 0.19720982142857138 0.203422619047619 0.05 0.05
0 0.3202256944444444 0.31453373015873015 0.05 0.05
0 0.2924479166666666 0.3542162698412698 0.05 0.05
0 0.16943204365079362 0.4520998677248677 0.05 0.05
0 0.119828869047619 0.4812003968253967 0.05 0.05
0 0.02657490079365077 0.5526289682539681 0.05 0.05
0 0.06824156746031743 0.5420469576719575 0.05 0.05
0 0.21903521825396818 0.49178240740740736 0.05 0.05
0 0.38768601190476176 0.49707341269841265 0.05 0.05
0 0.4015749007936507 0.5341104497354496 0.05 0.05
0 0.22498759920634911 0.666385582010582 0.05 0.05
0 0.3162574404761904 0.7536871693121692 0.05 0.05
0 0.30435267857142845 0.8013062169312168 0.05 0.05
0 0.361892361111111 0.8065972222222222 0.05 0.05
0 0.37974950396825385 0.7827876984126984 0.05 0.05
0 0.4333209325396824 0.740459656084656 0.05 0.05
0 0.4809399801587301 0.740459656084656 0.05 0.05
0 0.8241939484126981 0.9759093915343915 0.05 0.05
0 0.963082837301587 0.978554894179894 0.05 0.05
0 0.5087177579365079 0.5314649470899471 0.05 0.05
0 0.5702256944444443 0.5288194444444444 0.05 0.05
0 0.5900669642857141 0.5023644179894179 0.05 0.05
0 0.5484002976190474 0.4706183862433862 0.05 0.05
0 0.6634796626984125 0.6055390211640211 0.05 0.05
0 0.8003844246031744 0.6267030423280423 0.05 0.05
0 0.5503844246031745 0.2192956349206348 0.05 0.05
0 0.6773685515873015 0.1558035714285714 0.05 0.05
0 0.7388764880952379 0.2907242063492063 0.05 0.05
0 0.7765749007936505 0.2801421957671958 0.05 0.05
