0 0.38988443225650915 0.4997559064609451 0.05 0.05
0 0.414956756268081 0.5331856718097076 0.05 0.05
0 0.4400290802796528 0.5859018402442946 0.05 0.05
0 0.4458150012054002 0.6501898505303761 0.05 0.05
0 0.5017455701542912 0.542185993249759 0.05 0.05
0 0.6001062258919961 0.5254711105753778 0.05 0.05
0 0.5461042972516875 0.465040380906461 0.05 0.05
0 0.6271071902121503 0.7916234731597558 0.05 0.05
0 0.6772518382352941 0.7710513098682096 0.05 0.05
0 0.8209355412246866 0.7363357843137255 0.05 0.05
0 0.36963370901639336 0.8019095548055287 0.05 0.05
0 0.2886308160559306 0.7864804323368693 0.05 0.05
0 0.23559320756991325 0.7594794680167148 0.05 0.05
0 0.28766649590163934 0.2593187479909998 0.05 0.05
0 0.3175604206846673 0.2580329877852781 0.05 0.05
0 0.21919976494696236 0.13588576824172297 0.05 0.05
0 0.24234344864995175 0.12945696721311475 0.05 0.05
0 0.204734962632594 0.10245600289296052 0.05 0.05
0 0.243307768804243 0.09731296207007402 0.05 0.05
0 0.26741577266152367 0.12817120700739318 0.05 0.05
0 0.28573785559305687 0.09859872227579558 0.05 0.05
0 0.3165961005303761 0.09731296207007402 0.05 0.05
0 0.34745434546769527 0.09216992124718738 0.05 0.05
0 0.4043492345708775 0.32489251848280293 0.05 0.05
0 0.45160092213114755 0.21303138058502094 0.05 0.05
0 0.6512151940694311 0.12045664577306331 0.05 0.05
0 0.6415719925265189 0.11145632433301197 0.05 0.05
0 0.7572904110414658 0.1346000080360014 0.05 0.05
0 0.7515044901157184 0.10374176309868209 0.05 0.05
0 0.1921988006268081 0.24131810511089688 0.05 0.05
