0 0.21299055232558142 0.10357866455250159 0.05 0.05
0 0.18286370243128963 0.12472031360112736 0.05 0.05
0 0.25421676797040166 0.09723616983791387 0.05 0.05
0 0.2827579941860465 0.08877951021846352 0.05 0.05
0 0.295442983615222 0.08877951021846352 0.05 0.05
0 0.33349795190274845 0.08666534531360087 0.05 0.05
0 0.36203917811839326 0.08666534531360087 0.05 0.05
0 0.25580239164904867 0.15854695207892863 0.05 0.05
0 0.2795867468287526 0.20928690979563053 0.05 0.05
0 0.23201803646934457 0.2135152396053557 0.05 0.05
0 0.3112992204016914 0.23254272374911883 0.05 0.05
0 0.36045355443974636 0.23465688865398146 0.05 0.05
0 0.4333922436575054 0.21140107470049305 0.05 0.05
0 0.45717659883720935 0.19448775546159247 0.05 0.05
0 0.5982971062367866 0.14586196264975312 0.05 0.05
0 0.6426945692389008 0.16488944679351636 0.05 0.05
0 0.7124620110993659 0.13529113812544022 0.05 0.05
0 0.8456544001057085 0.3551642882311486 0.05 0.05
0 0.8932231104651164 0.3741917723749117 0.05 0.05
0 0.7949144423890064 0.448187544045102 0.05 0.05
0 0.7663732161733616 0.46721502818886523 0.05 0.05
0 0.7727157108879494 0.6278915609584212 0.05 0.05
0 0.707705140063425 0.6765173537702606 0.05 0.05
0 0.6585508060253701 0.5919507575757574 0.05 0.05
0 0.5459715248414377 0.47355752290345293 0.05 0.05
0 0.17334996035940803 0.7188006518675123 0.05 0.05
0 0.051256937103594045 0.5581241190979561 0.05 0.05
