0 0.31393684440559433 0.096321386946387 0.05 0.05
0 0.25886691433566433 0.1784892191142191 0.05 0.05
0 0.28377950174825173 0.2501675407925408 0.05 0.05
0 0.31131446678321684 0.23093677156177156 0.05 0.05
0 0.44374453671328673 0.20471299533799533 0.05 0.05
0 0.4516116695804196 0.20471299533799533 0.05 0.05
0 0.5499508304195805 0.20471299533799533 0.05 0.05
0 0.5905976835664336 0.1592584498834499 0.05 0.05
0 0.7348284527972029 0.11380390442890445 0.05 0.05
0 0.7676081730769231 0.10681089743589732 0.05 0.05
0 0.8305452360139862 0.18373397435897434 0.05 0.05
0 0.7754753059440561 0.26065705128205136 0.05 0.05
0 0.7807200611888112 0.28688082750582755 0.05 0.05
0 0.8148109702797205 0.2886290792540792 0.05 0.05
0 0.956419361888112 0.7728948135198136 0.05 0.05
0 0.9878878933566435 0.7606570512820513 0.05 0.05
0 0.5499508304195805 0.4634542540792541 0.05 0.05
0 0.5866641171328671 0.48618152680652676 0.05 0.05
0 0.566996284965035 0.5316360722610723 0.05 0.05
0 0.5053704108391609 0.5351325757575758 0.05 0.05
0 0.330982298951049 0.40751019813519823 0.05 0.05
0 0.32967111013986017 0.3323353729603729 0.05 0.05
0 0.39785292832167835 0.5001675407925408 0.05 0.05
0 0.4135871940559441 0.5368808275058276 0.05 0.05
0 0.14085992132867137 0.4791885198135198 0.05 0.05
0 0.08841236888111889 0.9756920163170164 0.05 0.05
0 0.25624453671328673 0.7938738344988345 0.05 0.05
0 0.33884943181818183 0.7956220862470863 0.05 0.05
0 0.39391936188811194 0.8131046037296038 0.05 0.05
0 0.44374453671328673 0.7519157925407925 0.05 0.05
0 0.4870137674825175 0.7361815268065269 0.05 0.05
