0 0.21074018223819305 0.23547014031485283 0.05 0.05
0 0.23435414527720747 0.23136336413415465 0.05 0.05
0 0.2312740631416838 0.1902956023271732 0.05 0.05
0 0.2600214964065709 0.20946055783709785 0.05 0.05
0 0.20252662987679676 0.13964536276522932 0.05 0.05
0 0.2014999358316222 0.09583975017111565 0.05 0.05
0 0.23640753336755652 0.08762619780971939 0.05 0.05
0 0.27644860112936354 0.10679115331964403 0.05 0.05
0 0.2928757058521561 0.09310189938398353 0.05 0.05
0 0.2826087654004107 0.08899512320328545 0.05 0.05
0 0.3164896688911705 0.17523742299794662 0.05 0.05
0 0.36371759496919925 0.18481990075290894 0.05 0.05
0 0.4417463424024642 0.22451873716632445 0.05 0.05
0 0.453039976899384 0.20946055783709785 0.05 0.05
0 0.668645726386037 0.16291709445585217 0.05 0.05
0 0.5649496278234087 0.19303345311430534 0.05 0.05
0 0.7651549666324436 0.23273228952772082 0.05 0.05
0 0.6809660549281316 0.3928965605749487 0.05 0.05
0 0.7548880261806982 0.40247903832991105 0.05 0.05
0 0.8750112294661193 0.48735241273100616 0.05 0.05
0 0.9273726257700206 0.45586712867898704 0.05 0.05
0 0.8606375128336756 0.7967295516769337 0.05 0.05
0 0.8103295046201232 0.9213017624914442 0.05 0.05
0 0.7107401822381931 0.8377973134839152 0.05 0.05
0 0.48178741016427107 0.6201381759069131 0.05 0.05
0 0.5002679029774127 0.5831771902806298 0.05 0.05
0 0.49616112679671465 0.5393715776865161 0.05 0.05
0 0.4458531185831623 0.5229444729637236 0.05 0.05
0 0.3770646175564682 0.48324563655030806 0.05 0.05
0 0.36679767710472283 0.49967274127310063 0.05 0.05
0 0.5454424409650925 0.47366315879534576 0.05 0.05
0 0.13681821098562633 0.7967295516769337 0.05 0.05
0 0.23230075718685836 0.7570307152635182 0.05 0.05
0 0.3811713937371664 0.050665212183436024 0.05 0.05
