0 0.18641287970106074 0.13974304885888789 0.05 0.05
0 0.2597012114271938 0.13588576824172297 0.05 0.05
0 0.30020265790742523 0.1384572886531662 0.05 0.05
0 0.30598857883317265 0.10374176309868209 0.05 0.05
0 0.3522759462391514 0.11917088556734173 0.05 0.05
0 0.35420458654773385 0.16545825297332056 0.05 0.05
0 0.44388636089681777 0.2156029009964642 0.05 0.05
0 0.23945048818707812 0.35575076342012224 0.05 0.05
0 0.20569928278688526 0.4148957328833173 0.05 0.05
0 0.3889201121022179 0.5087562279009965 0.05 0.05
0 0.40627787487945993 0.531899911603986 0.05 0.05
0 0.44774364151398266 0.5974736820957891 0.05 0.05
0 0.45449388259402124 0.6321892076502732 0.05 0.05
0 0.36770506870781094 0.7877661925425908 0.05 0.05
0 0.3021312982160077 0.783908911925426 0.05 0.05
0 0.3272036222275796 0.7556221873995501 0.05 0.05
0 0.5056028507714562 0.5331856718097076 0.05 0.05
0 0.5451399770973964 0.4663261411121827 0.05 0.05
0 0.7177532847155256 0.398180850208936 0.05 0.05
0 0.7119673637897782 0.5036131870781101 0.05 0.05
0 0.7399326482642237 0.4997559064609451 0.05 0.05
0 0.7939345769045323 0.4971843860495018 0.05 0.05
0 0.8479365055448408 0.49461286563805856 0.05 0.05
0 0.6975025614754098 0.15388641112182586 0.05 0.05
0 0.7023241622468659 0.20660257955641276 0.05 0.05
0 0.6541081545323048 0.20274529893924792 0.05 0.05
0 0.6386790320636451 0.14745761009321764 0.05 0.05
0 0.6049278266634522 0.17317281420765032 0.05 0.05
0 0.6001062258919961 0.18988769688203153 0.05 0.05
0 0.5933559848119575 0.17317281420765032 0.05 0.05
0 0.18737719985535198 0.16931553359048537 0.05 0.05
