0 0.19002950174825178 0.1085591491841491 0.05 0.05
0 0.22412041083916084 0.08932837995337989 0.05 0.05
0 0.3093476835664336 0.09282488344988345 0.05 0.05
0 0.3381938374125874 0.07534236596736589 0.05 0.05
0 0.3447497814685315 0.07709061771561766 0.05 0.05
0 0.2201868444055944 0.18023747086247088 0.05 0.05
0 0.2477218094405594 0.1784892191142191 0.05 0.05
0 0.4417777534965035 0.20995775058275054 0.05 0.05
0 0.4548896416083917 0.20995775058275054 0.05 0.05
0 0.1270924388111888 0.5141535547785547 0.05 0.05
0 0.17822880244755243 0.5036640442890443 0.05 0.05
0 0.10217985139860139 0.7134542540792541 0.05 0.05
0 0.2936134178321678 0.7536640442890443 0.05 0.05
0 0.29099104020979016 0.811356351981352 0.05 0.05
0 0.355239291958042 0.7676500582750584 0.05 0.05
0 0.42604348776223777 0.7938738344988345 0.05 0.05
0 0.41293159965034965 0.7624053030303031 0.05 0.05
0 0.4181763548951049 0.7291885198135198 0.05 0.05
0 0.3867078234265734 0.505412296037296 0.05 0.05
0 0.403753277972028 0.5316360722610723 0.05 0.05
0 0.4548896416083917 0.5298878205128206 0.05 0.05
0 0.5256938374125875 0.5386290792540792 0.05 0.05
0 0.563718312937063 0.5281395687645688 0.05 0.05
0 0.5860085227272728 0.5001675407925408 0.05 0.05
0 0.5492952360139861 0.4634542540792541 0.05 0.05
0 0.6069875437062937 0.5980696386946388 0.05 0.05
0 0.5466728583916084 0.6732444638694639 0.05 0.05
0 0.5414281031468532 0.8865311771561772 0.05 0.05
0 0.723683347902098 0.617300407925408 0.05 0.05
0 0.7905539772727274 0.610307400932401 0.05 0.05
0 0.8115329982517483 0.42674096736596734 0.05 0.05
0 0.7984211101398602 0.27114656177156177 0.05 0.05
0 0.7603966346153846 0.2676500582750582 0.05 0.05
0 0.736795236013986 0.22219551282051278 0.05 0.05
0 0.7761309003496504 0.22044726107226112 0.05 0.05
0 0.736795236013986 0.17674096736596734 0.05 0.05
0 0.7813756555944057 0.14876893939393934 0.05 0.05
