0 0.25474950396825397 0.05262896825396825 0.05 0.05
0 0.2011780753968253 0.09495701058201055 0.05 0.05
0 0.22101934523809516 0.08702050264550264 0.05 0.05
0 0.19919394841269836 0.12141203703703703 0.05 0.05
0 0.31427331349206344 0.08702050264550264 0.05 0.05
0 0.367844742063492 0.084375 0.05 0.05
0 0.4511780753968253 0.203422619047619 0.05 0.05
0 0.46308283730158717 0.2113591269841269 0.05 0.05
0 0.35792410714285705 0.34892526455026457 0.05 0.05
0 0.12578124999999993 0.43358134920634916 0.05 0.05
0 0.4035590277777777 0.5182374338624337 0.05 0.05
0 0.4015749007936507 0.5050099206349206 0.05 0.05
0 0.5047495039682539 0.5446924603174602 0.05 0.05
0 0.5662574404761903 0.5288194444444444 0.05 0.05
0 0.5801463293650793 0.49707341269841265 0.05 0.05
0 0.5543526785714284 0.47590939153439143 0.05 0.05
0 0.6198288690476189 0.5949570105820106 0.05 0.05
0 0.5464161706349204 0.621412037037037 0.05 0.05
0 0.4432415674603174 0.7166501322751322 0.05 0.05
0 0.4095114087301586 0.7483961640211639 0.05 0.05
0 0.37181299603174595 0.7907242063492063 0.05 0.05
0 0.3360987103174602 0.8171792328042327 0.05 0.05
0 0.3281622023809523 0.7510416666666665 0.05 0.05
0 0.2904637896825396 0.8039517195767195 0.05 0.05
0 0.8281622023809521 0.6187665343915343 0.05 0.05
0 0.6932415674603173 0.40977182539682533 0.05 0.05
0 0.5305431547619046 0.1901951058201058 0.05 0.05
0 0.607924107142857 0.12934854497354492 0.05 0.05
0 0.6297495039682538 0.18754960317460317 0.05 0.05
0 0.723003472222222 0.20871362433862425 0.05 0.05
0 0.7745907738095237 0.203422619047619 0.05 0.05
0 0.7924479166666665 0.39918981481481475 0.05 0.05
