0 0.31427331349206356 0.09231150793650791 0.05 0.05
0 0.3737971230158729 0.09231150793650791 0.05 0.05
0 0.36982886904761897 0.19284060846560844 0.05 0.05
0 0.28847966269841263 0.18490410052910042 0.05 0.05
0 0.2626860119047619 0.19548611111111108 0.05 0.05
0 0.20713045634920624 0.2060681216931216 0.05 0.05
0 0.20713045634920624 0.2907242063492063 0.05 0.05
0 0.10197172619047612 0.48384589947089934 0.05 0.05
0 0.4452256944444444 0.20871362433862425 0.05 0.05
0 0.4591145833333332 0.2113591269841269 0.05 0.05
0 0.5404637896825395 0.2060681216931216 0.05 0.05
0 0.6277653769841268 0.1346395502645502 0.05 0.05
0 0.75078125 0.11347552910052912 0.05 0.05
0 0.7626860119047618 0.22987764550264547 0.05 0.05
0 0.8480034722222219 0.5632109788359788 0.05 0.05
0 0.7745907738095237 0.5711474867724867 0.05 0.05
0 0.5464161706349204 0.4653273809523809 0.05 0.05
0 0.5841145833333332 0.49707341269841265 0.05 0.05
0 0.5682415674603173 0.5208829365079364 0.05 0.05
0 0.50078125 0.5341104497354496 0.05 0.05
0 0.3936383928571428 0.49971891534391527 0.05 0.05
0 0.40554315476190467 0.5208829365079364 0.05 0.05
0 0.24086061507936501 0.6743220899470899 0.05 0.05
0 0.2924479166666666 0.8013062169312168 0.05 0.05
0 0.3182415674603174 0.7642691798941799 0.05 0.05
0 0.35990823412698403 0.8092427248677247 0.05 0.05
0 0.37974950396825385 0.7907242063492063 0.05 0.05
0 0.41546378968253955 0.7431051587301586 0.05 0.05
0 0.4432415674603174 0.7325231481481481 0.05 0.05
