0 0.02798864219712527 0.5051484428473646 0.05 0.05
0 0.09267036704312116 0.5147309206023272 0.05 0.05
0 0.10499069558521561 0.5407405030800821 0.05 0.05
0 0.1604321740246407 0.5311580253251198 0.05 0.05
0 0.11115085985626286 0.4038479637234771 0.05 0.05
0 0.38425147587269004 0.4722942334017797 0.05 0.05
0 0.3791180056468173 0.4914591889117043 0.05 0.05
0 0.4458531185831623 0.5202066221765914 0.05 0.05
0 0.4941077387063656 0.5393715776865161 0.05 0.05
0 0.4951344327515401 0.5831771902806298 0.05 0.05
0 0.4838407982546202 0.6146624743326489 0.05 0.05
0 0.3513972664271048 0.7844092231348392 0.05 0.05
0 0.1963664656057495 0.9254085386721425 0.05 0.05
0 0.277475295174538 0.9623695242984258 0.05 0.05
0 0.2856888475359344 0.8993989561943875 0.05 0.05
0 0.7980091760780288 0.859700119780972 0.05 0.05
0 0.8852781699178646 0.802205253251198 0.05 0.05
0 0.8493438783367557 0.5503229808350445 0.05 0.05
0 0.5495492171457906 0.46955638261464755 0.05 0.05
0 0.36577098305954836 0.3326638432580424 0.05 0.05
0 0.3257299152977413 0.33129491786447646 0.05 0.05
0 0.2723418249486654 0.31760566392881595 0.05 0.05
0 0.2384609214579056 0.3340327686516086 0.05 0.05
0 0.21279357032854213 0.3340327686516086 0.05 0.05
0 0.195339771560575 0.2929650068446269 0.05 0.05
0 0.24256769763860375 0.25874187200547566 0.05 0.05
0 0.2785019892197126 0.23410121492128677 0.05 0.05
0 0.3380502438398358 0.23820799110198496 0.05 0.05
0 0.4448264245379877 0.21904303559206018 0.05 0.05
0 0.45612005903490765 0.2039848562628336 0.05 0.05
0 0.5628962397330597 0.19166452772073914 0.05 0.05
0 0.31032950462012326 0.17386849760438056 0.05 0.05
0 0.2826087654004107 0.13553858658453113 0.05 0.05
0 0.25386133213552364 0.13416966119096507 0.05 0.05
0 0.3113561986652978 0.11774255646817243 0.05 0.05
0 0.27644860112936354 0.09720867556468171 0.05 0.05
0 0.29390239989733064 0.09310189938398353 0.05 0.05
0 0.34215702002053394 0.05750983915126622 0.05 0.05
0 0.3750112294661192 0.07256801848049281 0.05 0.05
