0 0.018131407728706684 0.5101548808271996 0.05 0.05
0 0.18216926261829652 0.2003055993690855 0.05 0.05
0 0.20214823212407987 0.19189340168243993 0.05 0.05
0 0.24315769584647734 0.17787307220469703 0.05 0.05
0 0.22528177576235536 0.11758565545040346 0.05 0.05
0 0.22528177576235536 0.0629063704872068 0.05 0.05
0 0.24631226997896943 0.1035653259726607 0.05 0.05
0 0.2631366653522607 0.09375109533824073 0.05 0.05
0 0.2810125854363827 0.08814296354714367 0.05 0.05
0 0.3136098514721345 0.09655516123378938 0.05 0.05
0 0.3272796727129337 0.09515312828601499 0.05 0.05
0 0.36618608701366967 0.08674093059936941 0.05 0.05
0 0.37354675998948467 0.08674093059936941 0.05 0.05
0 0.63537641298633 0.18908933578689138 0.05 0.05
0 0.6753343519978967 0.15263647914476028 0.05 0.05
0 0.628015740010515 0.06150433753943254 0.05 0.05
0 0.7636624277076758 0.12459582018927477 0.05 0.05
0 0.5449452878548894 0.4694959253417457 0.05 0.05
0 0.5775425538906412 0.4905264195583598 0.05 0.05
0 0.5417907137223973 0.5227731773571681 0.05 0.05
0 0.49552362644584635 0.5283813091482652 0.05 0.05
0 0.40614402602523647 0.5227731773571681 0.05 0.05
0 0.3977318283385908 0.5115569137749739 0.05 0.05
0 0.41560774842271286 0.4793101559761657 0.05 0.05
0 0.45451416272344886 0.6798008675078866 0.05 0.05
0 0.4671324592534173 0.7092435594111463 0.05 0.05
0 0.7668170018401679 0.9293627322117071 0.05 0.05
0 0.5480998619873815 0.07552466701717529 0.05 0.05
