0 0.550015385667396 0.2143895878920496 0.05 0.05
0 0.6156608998905908 0.22314232312180876 0.05 0.05
0 0.6731007248358863 0.22751869073668834 0.05 0.05
0 0.6534070705689279 0.2975405725747629 0.05 0.05
0 0.7092057576586435 0.15312044128373437 0.05 0.05
0 0.7387462390590811 0.1443677060539751 0.05 0.05
0 0.7420285147702408 0.10935676513493782 0.05 0.05
0 0.7945449261487967 0.43977252005835143 0.05 0.05
0 0.8651138539387311 0.4178906819839531 0.05 0.05
0 0.7945449261487967 0.8402101568198396 0.05 0.05
0 0.8651138539387311 0.8161401349380015 0.05 0.05
0 0.5089869392778994 0.5316762399708241 0.05 0.05
0 0.5418096963894967 0.4660307257476294 0.05 0.05
0 0.39738956509846834 0.5141707695113056 0.05 0.05
0 0.4105186679431073 0.5163589533187455 0.05 0.05
0 0.45154711433260397 0.5798162837345003 0.05 0.05
0 0.44334142505470464 0.6367090627279358 0.05 0.05
0 0.31533267231947487 0.7701882749817651 0.05 0.05
0 0.275945363785558 0.7811291940189643 0.05 0.05
0 0.2562517095185996 0.7614355397520058 0.05 0.05
0 0.09049678610503278 0.5054180342815463 0.05 0.05
0 0.1955296088621444 0.47697164478482856 0.05 0.05
0 0.2431226066739606 0.3785033734500363 0.05 0.05
0 0.2808687773522976 0.3960088439095549 0.05 0.05
0 0.24640488238512037 0.2953523887673229 0.05 0.05
0 0.20209416028446392 0.2975405725747629 0.05 0.05
0 0.21194098741794307 0.2428359773887672 0.05 0.05
0 0.24968715809628006 0.16624954412837323 0.05 0.05
0 0.28579219091903724 0.18594319839533177 0.05 0.05
0 0.2939978801969366 0.20344866885485036 0.05 0.05
0 0.39410728938730855 0.1881313822027715 0.05 0.05
0 0.45154711433260397 0.2100132202771698 0.05 0.05
0 0.1922473331509847 0.08966311086797939 0.05 0.05
0 0.31040925875273523 0.08091037563822011 0.05 0.05
0 0.3547199808533917 0.0940394784828591 0.05 0.05
0 0.41544208150984685 0.5469935266229029 0.05 0.05
