0 0.2732442521141649 0.08877951021846364 0.05 0.05
0 0.2811723705073996 0.08877951021846352 0.05 0.05
0 0.2906861125792812 0.08877951021846352 0.05 0.05
0 0.3128848440803383 0.11837781888653964 0.05 0.05
0 0.33825482293868925 0.08877951021846352 0.05 0.05
0 0.35728230708245245 0.08666534531360087 0.05 0.05
0 0.2589736390063425 0.18180276603241693 0.05 0.05
0 0.44290598572938694 0.19871608527131765 0.05 0.05
0 0.6284239561310783 0.17968860112755441 0.05 0.05
0 0.6791639138477803 0.17123194150810406 0.05 0.05
0 0.7394176136363637 0.1775744362226919 0.05 0.05
0 0.7965000660676533 0.17123194150810406 0.05 0.05
0 0.9312780787526428 0.5454391296687807 0.05 0.05
0 0.8615106368921778 0.5813799330514445 0.05 0.05
0 0.7869863239957718 0.7018873326286116 0.05 0.05
0 0.7251470005285413 0.6130924066243832 0.05 0.05
0 0.661722053382664 0.6722890239605355 0.05 0.05
0 0.6648933007399578 0.7441706307258632 0.05 0.05
0 0.6522083113107823 0.8329655567300915 0.05 0.05
0 0.5443859011627907 0.46721502818886523 0.05 0.05
0 0.2780011231501057 0.7547414552501761 0.05 0.05
0 0.2066480576109936 0.7378281360112754 0.05 0.05
0 0.18286370243128963 0.6617181994362226 0.05 0.05
0 0.1368806157505285 0.6321198907681465 0.05 0.05
