0 0.1939630681818182 0.11414948907681446 0.05 0.05
0 0.20347681025369982 0.14586196264975312 0.05 0.05
0 0.2288467891120507 0.09300784002818858 0.05 0.05
0 0.2637305100422833 0.07186619097956282 0.05 0.05
0 0.2811723705073996 0.0422678823114867 0.05 0.05
0 0.2589736390063425 0.12472031360112736 0.05 0.05
0 0.3081279730443975 0.15431862226920348 0.05 0.05
0 0.33825482293868925 0.09089367512332605 0.05 0.05
0 0.35569668340380556 0.08877951021846352 0.05 0.05
0 0.5459715248414377 0.46510086328400274 0.05 0.05
0 0.465104717230444 0.19660192036645513 0.05 0.05
0 0.35252543604651165 0.7885680937279774 0.05 0.05
0 0.6886776559196618 0.9555871212121211 0.05 0.05
0 0.7679588398520085 0.9703862755461592 0.05 0.05
0 0.9614049286469346 0.9323313072586328 0.05 0.05
