0 0.37472416754756877 0.046496212121211876 0.05 0.05
0 0.3874091569767442 0.04015371740662417 0.05 0.05
0 0.33984044661733626 0.08877951021846352 0.05 0.05
0 0.35569668340380556 0.08877951021846352 0.05 0.05
0 0.2938573599365751 0.09089367512332605 0.05 0.05
0 0.2827579941860465 0.08877951021846352 0.05 0.05
0 0.2653161337209302 0.09723616983791387 0.05 0.05
0 0.23836053118393236 0.10357866455250159 0.05 0.05
0 0.35886793076109946 0.19871608527131765 0.05 0.05
0 0.3667960491543341 0.20294441508104283 0.05 0.05
0 0.466690340909091 0.1902594256518673 0.05 0.05
0 0.7394176136363637 0.16911777660324154 0.05 0.05
0 0.7457601083509514 0.1627752818886538 0.05 0.05
0 0.7727157108879494 0.1627752818886538 0.05 0.05
0 0.7838150766384778 0.1627752818886538 0.05 0.05
0 0.5412146538054969 0.46721502818886523 0.05 0.05
0 0.3477685650105709 0.3784201021846369 0.05 0.05
0 0.20347681025369982 0.3488217935165608 0.05 0.05
0 0.23518928382663845 0.47144335799859044 0.05 0.05
0 0.24311740221987313 0.5221833157152923 0.05 0.05
0 0.20030556289640594 0.5200691508104298 0.05 0.05
0 0.10516814217758982 0.5496674594785059 0.05 0.05
0 0.09406877642706128 0.5327541402396052 0.05 0.05
0 0.14163748678646934 0.6194349013389711 0.05 0.05
0 0.16542184196617332 0.6638323643410852 0.05 0.05
0 0.18762057346723043 0.7378281360112754 0.05 0.05
0 0.27324425211416487 0.7589697850599013 0.05 0.05
