0 0.24945989693446088 0.10146449964763905 0.05 0.05
0 0.27007300475687107 0.10780699436222677 0.05 0.05
0 0.27165862843551797 0.09300784002818858 0.05 0.05
0 0.2811723705073996 0.09512200493305123 0.05 0.05
0 0.2906861125792812 0.09512200493305123 0.05 0.05
0 0.31922733879492604 0.09089367512332605 0.05 0.05
0 0.33508357558139534 0.09089367512332605 0.05 0.05
0 0.3461829413319239 0.07820868569415064 0.05 0.05
0 0.4476628567653277 0.20928690979563053 0.05 0.05
0 0.45717659883720935 0.21140107470049305 0.05 0.05
0 0.46034784619450325 0.19871608527131765 0.05 0.05
0 0.3271554571881607 0.29596767089499637 0.05 0.05
0 0.36996729651162796 0.29808183579985886 0.05 0.05
0 0.246288649577167 0.3657351127554615 0.05 0.05
0 0.3144704677589852 0.3657351127554615 0.05 0.05
0 0.3969228990486259 0.43338838971106397 0.05 0.05
0 0.09248315274841434 0.47144335799859044 0.05 0.05
0 0.03857194767441857 0.5073841613812543 0.05 0.05
0 0.11309626057082449 0.5179549859055671 0.05 0.05
0 0.4476628567653277 0.6426907152924594 0.05 0.05
0 0.43814911469344614 0.7737689393939393 0.05 0.05
0 0.8377262817124738 0.6807456835799858 0.05 0.05
0 0.9439630681818183 0.7040014975334742 0.05 0.05
0 0.5507283958773785 0.46932919309372784 0.05 0.05
0 0.6300095798097252 0.42281756518675107 0.05 0.05
0 0.7188045058139536 0.34670762861169824 0.05 0.05
0 0.785400700317125 0.3445934637068357 0.05 0.05
0 0.8456544001057085 0.1775744362226919 0.05 0.05
0 0.6062252246300213 0.19660192036645513 0.05 0.05
0 0.35886793076109946 0.08877951021846352 0.05 0.05
0 0.3461829413319239 0.09723616983791387 0.05 0.05
