0 0.2018420021697203 0.7787658711025395 0.05 0.05
0 0.243307768804243 0.7736228302796528 0.05 0.05
0 0.24427208895853428 0.5987594423015108 0.05 0.05
0 0.3947060330279653 0.5048989472838316 0.05 0.05
0 0.414956756268081 0.5228995901639345 0.05 0.05
0 0.42170699734811956 0.475326462552234 0.05 0.05
0 0.5017455701542912 0.531899911603986 0.05 0.05
0 0.5432113367888138 0.4740407023465124 0.05 0.05
0 0.535496775554484 0.6129028045644488 0.05 0.05
0 0.6878593599324976 0.450897018643523 0.05 0.05
0 0.7977918575216971 0.4161814930890389 0.05 0.05
0 0.8566153869334618 0.39046628897460633 0.05 0.05
0 0.7399326482642237 0.21174562037929925 0.05 0.05
0 0.3503473059305689 0.28246243169398916 0.05 0.05
0 0.3570975470106075 0.2516041867566699 0.05 0.05
0 0.4139924361137898 0.29017699292831883 0.05 0.05
0 0.4487079616682738 0.21174562037929925 0.05 0.05
0 0.3011669780617165 0.23874658469945362 0.05 0.05
0 0.19316312078109935 0.17188705400192864 0.05 0.05
0 0.20280632232401158 0.08188383960141436 0.05 0.05
0 0.18351991923818708 0.08316959980713605 0.05 0.05
0 0.27995193466730955 0.08316959980713605 0.05 0.05
0 0.30984585945033755 0.09216992124718738 0.05 0.05
0 0.346490025313404 0.09216992124718738 0.05 0.05
