0 0.22787864633558338 0.23746082449373204 0.05 0.05
0 0.27609465405014466 0.23488930408228867 0.05 0.05
0 0.31177449975891997 0.22846050305368049 0.05 0.05
0 0.19123448047251684 0.08445536001285762 0.05 0.05
0 0.2847735354387657 0.10117024268723883 0.05 0.05
0 0.3088815392960463 0.09988448248151727 0.05 0.05
0 0.32527498191899706 0.10374176309868209 0.05 0.05
0 0.3484186656219864 0.09345568145290907 0.05 0.05
0 0.3522759462391514 0.04716831404693025 0.05 0.05
0 0.44774364151398266 0.2040310591449695 0.05 0.05
0 0.39277739271938283 0.5061847074895532 0.05 0.05
0 0.4110994756509161 0.5267568707810993 0.05 0.05
0 0.4409934004339441 0.654047131147541 0.05 0.05
0 0.5056028507714562 0.531899911603986 0.05 0.05
0 0.5914273445033751 0.517756549341048 0.05 0.05
0 0.5499615778688525 0.46761190131790425 0.05 0.05
0 0.32238202145612344 0.7736228302796528 0.05 0.05
0 0.23945048818707812 0.7594794680167148 0.05 0.05
0 0.38024123071359683 0.7581937078109934 0.05 0.05
0 0.7148603242526519 0.46246886049501773 0.05 0.05
0 0.8112923396817744 0.4997559064609451 0.05 0.05
0 0.8643299481677916 0.5036131870781101 0.05 0.05
0 0.8922952326422372 0.7041917791706848 0.05 0.05
0 0.6994312017839922 0.3274640388942463 0.05 0.05
0 0.7090744033269045 0.2991773143683704 0.05 0.05
0 0.7389683281099325 0.16674401317904214 0.05 0.05
0 0.7891129761330762 0.25546146737383485 0.05 0.05
0 0.8373289838476374 0.2593187479909998 0.05 0.05
0 0.41592107642237225 0.06002591610414664 0.05 0.05
