0 0.4467793213596914 0.6553328913532627 0.05 0.05
0 0.4082065151880424 0.5306141513982643 0.05 0.05
0 0.39567035318225646 0.5048989472838316 0.05 0.05
0 0.2683800928158148 0.7543364271938284 0.05 0.05
0 0.33202522299903564 0.8031953150112504 0.05 0.05
0 0.41784971673095467 0.7504791465766636 0.05 0.05
0 0.13626823167791707 0.7864804323368693 0.05 0.05
0 0.1719480773866924 0.43161061555769853 0.05 0.05
0 0.5104244515429122 0.5357571922211508 0.05 0.05
0 0.552854538331726 0.46889766152362594 0.05 0.05
0 0.5875700638862102 0.5061847074895532 0.05 0.05
0 0.2693444129701061 0.16545825297332056 0.05 0.05
0 0.24427208895853428 0.14102880906460946 0.05 0.05
0 0.25777257111861135 0.11017056412729029 0.05 0.05
0 0.28766649590163934 0.09988448248151727 0.05 0.05
0 0.2973096974445516 0.11788512536162017 0.05 0.05
0 0.4409934004339441 0.20917409996785613 0.05 0.05
0 0.6300001506750241 0.16545825297332056 0.05 0.05
0 0.6868950397782063 0.16417249276759888 0.05 0.05
0 0.39277739271938283 0.04202527322404374 0.05 0.05
0 0.4130281159594985 0.03945375281260048 0.05 0.05
0 0.23173592695274828 0.15517217132754743 0.05 0.05
