0 0.1847847465034965 0.07883886946386956 0.05 0.05
0 0.2057637674825175 0.1085591491841491 0.05 0.05
0 0.2201868444055944 0.1435241841491841 0.05 0.05
0 0.2687008304195804 0.1085591491841491 0.05 0.05
0 0.29099104020979016 0.1085591491841491 0.05 0.05
0 0.30803649475524475 0.09632138694638688 0.05 0.05
0 0.25952250874125876 0.14002768065268067 0.05 0.05
0 0.2083861451048951 0.2064612470862471 0.05 0.05
0 0.23854348776223774 0.213454254079254 0.05 0.05
0 0.04842111013986013 0.49667103729603734 0.05 0.05
0 0.09955747377622377 0.41799970862470864 0.05 0.05
0 0.22412041083916084 0.3603074009324009 0.05 0.05
0 0.38801901223776225 0.297370337995338 0.05 0.05
0 0.4457113199300699 0.213454254079254 0.05 0.05
0 0.34868334790209793 0.5228948135198136 0.05 0.05
0 0.4181763548951049 0.526391317016317 0.05 0.05
0 0.563718312937063 0.5298878205128206 0.05 0.05
0 0.5728966346153846 0.49667103729603734 0.05 0.05
0 0.542739291958042 0.4686990093240093 0.05 0.05
0 0.3224595716783217 0.7571605477855479 0.05 0.05
0 0.3578616695804196 0.7938738344988345 0.05 0.05
0 0.40506446678321684 0.7484192890442891 0.05 0.05
0 0.40506446678321684 0.7746430652680654 0.05 0.05
0 0.4417777534965035 0.7956220862470863 0.05 0.05
0 0.46406796328671335 0.804363344988345 0.05 0.05
0 0.5034036276223777 0.7396780303030304 0.05 0.05
0 0.6109211101398602 0.6942234848484848 0.05 0.05
0 0.8443127185314687 0.7344332750582752 0.05 0.05
0 0.904627403846154 0.804363344988345 0.05 0.05
0 0.9216728583916085 0.6679997086247087 0.05 0.05
0 0.6633686625874127 0.9354822261072262 0.05 0.05
