0 0.20664805761099364 0.06763786116983776 0.05 0.05
0 0.2684873810782241 0.09512200493305123 0.05 0.05
0 0.2827579941860465 0.09300784002818858 0.05 0.05
0 0.29227173625792807 0.09089367512332605 0.05 0.05
0 0.3097135967230444 0.09300784002818858 0.05 0.05
0 0.33508357558139534 0.09300784002818858 0.05 0.05
0 0.4111935121564483 0.06129536645524993 0.05 0.05
0 0.4444916094080339 0.21140107470049305 0.05 0.05
0 0.3081279730443975 0.20928690979563053 0.05 0.05
0 0.246288649577167 0.2135152396053557 0.05 0.05
0 0.21774742336152214 0.1860310958421421 0.05 0.05
0 0.19554869186046514 0.3149951550387596 0.05 0.05
0 0.246288649577167 0.29173934108527105 0.05 0.05
0 0.27007300475687107 0.32768014446793503 0.05 0.05
0 0.3112992204016914 0.3361368040873854 0.05 0.05
0 0.31764171511627903 0.29173934108527105 0.05 0.05
0 0.33984044661733626 0.4207034002818884 0.05 0.05
0 0.30495672568710364 0.4376167195207891 0.05 0.05
0 0.07345566860465114 0.6744031888653981 0.05 0.05
0 0.13053812103594079 0.7230289816772373 0.05 0.05
0 0.15907934725158562 0.7674264446793515 0.05 0.05
0 0.22250429439746303 0.7589697850599013 0.05 0.05
0 0.4635190935517971 0.5306399753347427 0.05 0.05
0 0.5237727933403806 0.5369824700493304 0.05 0.05
0 0.5697558800211417 0.47144335799859044 0.05 0.05
0 0.6141533430232559 0.6194349013389711 0.05 0.05
0 0.7156332584566597 0.630005725863284 0.05 0.05
0 0.8519968948202962 0.6828598484848484 0.05 0.05
0 0.9185930893234673 0.5750374383368568 0.05 0.05
0 0.8868806157505287 0.2769401867512331 0.05 0.05
0 0.8297981633192391 0.22408606412966858 0.05 0.05
0 0.7901575713530656 0.14586196264975312 0.05 0.05
0 0.6395233218816069 0.17334610641296672 0.05 0.05
0 0.6093964719873151 0.1839169309372796 0.05 0.05
0 0.6173245903805498 0.12472031360112736 0.05 0.05
