0 0.24681299603174606 0.05262896825396825 0.05 0.05
0 0.22300347222222214 0.10818452380952373 0.05 0.05
0 0.242844742063492 0.09760251322751318 0.05 0.05
0 0.21903521825396818 0.12934854497354492 0.05 0.05
0 0.3063368055555554 0.10024801587301582 0.05 0.05
0 0.365860615079365 0.09231150793650791 0.05 0.05
0 0.43728918650793636 0.2060681216931216 0.05 0.05
0 0.45514632936507926 0.2113591269841269 0.05 0.05
0 0.29641617063492054 0.40977182539682533 0.05 0.05
0 0.03252728174603172 0.5473379629629629 0.05 0.05
0 0.3916542658730158 0.5076554232804232 0.05 0.05
0 0.41546378968253955 0.5314649470899471 0.05 0.05
0 0.486892361111111 0.5632109788359788 0.05 0.05
0 0.49681299603174595 0.5314649470899471 0.05 0.05
0 0.5523685515873015 0.5288194444444444 0.05 0.05
0 0.5900669642857141 0.49971891534391527 0.05 0.05
0 0.5503844246031745 0.4706183862433862 0.05 0.05
0 0.45514632936507926 0.7219411375661374 0.05 0.05
0 0.4134796626984126 0.740459656084656 0.05 0.05
0 0.50078125 0.6002480158730158 0.05 0.05
0 0.3737971230158729 0.8013062169312168 0.05 0.05
0 0.34998759920634914 0.8198247354497353 0.05 0.05
0 0.3162574404761904 0.7616236772486772 0.05 0.05
0 0.2904637896825396 0.7933697089947089 0.05 0.05
0 0.6654637896825395 0.3595072751322751 0.05 0.05
0 0.7825272817460316 0.5023644179894179 0.05 0.05
0 0.7567336309523808 0.33305224867724864 0.05 0.05
0 0.7527653769841268 0.2325231481481481 0.05 0.05
0 0.7745907738095237 0.22723214285714283 0.05 0.05
0 0.6436383928571427 0.14522156084656074 0.05 0.05
0 0.6257812499999998 0.1901951058201058 0.05 0.05
0 0.5364955357142855 0.20871362433862425 0.05 0.05
