0 0.019495261516314775 0.5195957293666028 0.05 0.05
0 0.06652021353166987 0.5336712252079335 0.05 0.05
0 0.16248950335892517 0.44154070697376835 0.05 0.05
0 0.21623230566218812 0.4440998880358285 0.05 0.05
0 0.21623230566218812 0.5362304062699936 0.05 0.05
0 0.23062769913627643 0.545187539987204 0.05 0.05
0 0.2805317298464492 0.7908689219449776 0.05 0.05
0 0.40817088531669865 0.5234345009596929 0.05 0.05
0 0.3985739563339732 0.5029610524632118 0.05 0.05
0 0.4206468929942419 0.4824876039667307 0.05 0.05
0 0.5089386396353167 0.5349508157389635 0.05 0.05
0 0.5425278910748561 0.5221549104286628 0.05 0.05
0 0.5598023632437621 0.4965630998080614 0.05 0.05
0 0.5444472768714013 0.4658529270633397 0.05 0.05
0 0.6960787547984646 0.4492182501599488 0.05 0.05
0 0.6615298104606527 0.22528990722968653 0.05 0.05
0 0.7536603286948178 0.2867102527191298 0.05 0.05
0 0.8026046665067179 0.29822656749840043 0.05 0.05
0 0.368823476487524 0.2739143474088292 0.05 0.05
0 0.2853301943378119 0.2918286148432501 0.05 0.05
0 0.23542616362763918 0.2662368042226487 0.05 0.05
0 0.19895783349328217 0.1843430102367242 0.05 0.05
0 0.22966800623800387 0.18562260076775428 0.05 0.05
0 0.2622975647792707 0.1843430102367242 0.05 0.05
0 0.30740313099808064 0.17666546705054376 0.05 0.05
0 0.3534683901151632 0.19713891554702484 0.05 0.05
0 0.3928157989443378 0.21377359245041586 0.05 0.05
0 0.36402501199616133 0.17154710492642355 0.05 0.05
0 0.4484779870441459 0.2112144113883557 0.05 0.05
0 0.5914722288867563 0.13187979846449133 0.05 0.05
0 0.3313954534548945 0.09221249200255907 0.05 0.05
0 0.2920480446257198 0.09733085412667937 0.05 0.05
0 0.2690154150671785 0.09733085412667937 0.05 0.05
0 0.2805317298464492 0.06790027191298785 0.05 0.05
0 0.21815169145873323 0.06406150031989763 0.05 0.05
0 0.19799814059500961 0.08453494881637873 0.05 0.05
0 0.19895783349328217 0.044867642354446485 0.05 0.05
0 0.3515490043186181 0.09605126359564929 0.05 0.05
0 0.3678637835892514 0.08709412987843888 0.05 0.05
0 0.5636411348368523 0.13060020793346125 0.05 0.05
