0 0.23369397344900103 0.4218268051174205 0.05 0.05
0 0.22317872634069397 0.29564383981773595 0.05 0.05
0 0.21056042981072554 0.2788194444444448 0.05 0.05
0 0.28942478312302833 0.2928397739221874 0.05 0.05
0 0.308352227917981 0.8073858657553453 0.05 0.05
0 0.37985590825446885 0.8284163599719594 0.05 0.05
0 0.42401994610935845 0.800375701016474 0.05 0.05
0 0.45346263801261816 0.7036354276200493 0.05 0.05
0 0.40614402602523647 0.5339894409393623 0.05 0.05
0 0.3998348777602523 0.501742683140554 0.05 0.05
0 0.42296842139852775 0.48071218892393996 0.05 0.05
0 0.5102449723974762 0.5339894409393623 0.05 0.05
0 0.5554605349631965 0.5269792762004909 0.05 0.05
0 0.571233405625657 0.49753658429723124 0.05 0.05
0 0.5459968125657201 0.4582796617595516 0.05 0.05
0 0.7226529639852785 0.46108372765510014 0.05 0.05
0 0.7647139524185065 0.4232288380651948 0.05 0.05
0 0.8309600092008409 0.16665680862250293 0.05 0.05
0 0.4366382426393269 0.22554219242902238 0.05 0.05
0 0.23579702287066243 0.2003055993690855 0.05 0.05
0 0.22948787460567818 0.13300801787592037 0.05 0.05
0 0.24315769584647734 0.13300801787592037 0.05 0.05
0 0.26629123948475286 0.09935922712933791 0.05 0.05
0 0.279961060725552 0.09375109533824073 0.05 0.05
0 0.3167644256046266 0.09655516123378938 0.05 0.05
0 0.3356918703995793 0.09935922712933791 0.05 0.05
0 0.36723761172450037 0.08814296354714367 0.05 0.05
0 0.37985590825446885 0.08674093059936941 0.05 0.05
0 0.5554605349631965 0.2087177970557311 0.05 0.05
