0 0.2415410035934292 0.2820136036960984 0.05 0.05
0 0.29595578798767974 0.2532661704312115 0.05 0.05
0 0.3257299152977413 0.2546350958247776 0.05 0.05
0 0.3010892582135524 0.21219840862422998 0.05 0.05
0 0.3318900795687886 0.11363578028747436 0.05 0.05
0 0.27542190708418895 0.09720867556468171 0.05 0.05
0 0.2928757058521561 0.09447082477754959 0.05 0.05
0 0.36166420687885015 0.08488834702258725 0.05 0.05
0 0.3996518865503081 0.19987808008213553 0.05 0.05
0 0.4191590734086243 0.21630518480492805 0.05 0.05
0 0.4396929543121151 0.21767411019849423 0.05 0.05
0 0.46022683521560587 0.20672270704996573 0.05 0.05
0 0.559816157597536 0.19303345311430534 0.05 0.05
0 0.6604321740246408 0.20946055783709785 0.05 0.05
0 0.7179270405544149 0.2080916324435319 0.05 0.05
0 0.7477011678644765 0.26969327515400415 0.05 0.05
0 0.8041693403490762 0.26695542436687203 0.05 0.05
0 0.7097134881930186 0.10952900410677617 0.05 0.05
0 0.7117668762833677 0.09720867556468171 0.05 0.05
0 0.5074547612936346 0.5311580253251198 0.05 0.05
0 0.5454424409650925 0.4654496064339494 0.05 0.05
0 0.4458531185831623 0.5311580253251198 0.05 0.05
0 0.3914383341889118 0.4928281143052704 0.05 0.05
0 0.40786543891170435 0.4777699349760438 0.05 0.05
0 0.4253192376796715 0.7583996406570842 0.05 0.05
0 0.5187483957905545 0.7638753422313485 0.05 0.05
0 0.9458531185831622 0.777564596167009 0.05 0.05
0 0.9725471637577003 0.751555013689254 0.05 0.05
