0 0.19415936900191938 0.33277551183621246 0.05 0.05
0 0.2546200215930903 0.35324896033269343 0.05 0.05
0 0.28437050143953935 0.3865183141394754 0.05 0.05
0 0.2718944937619962 0.2687959852847089 0.05 0.05
0 0.24118432101727452 0.20225727767114515 0.05 0.05
0 0.34195207533589256 0.23040826935380684 0.05 0.05
0 0.4455989083493283 0.2112144113883557 0.05 0.05
0 0.4158484285028791 0.47225087971849006 0.05 0.05
0 0.3928157989443378 0.5080794145873321 0.05 0.05
0 0.4100902711132438 0.5285528630838132 0.05 0.05
0 0.4465586012476008 0.8356545905310301 0.05 0.05
0 0.5003014035508638 0.8791606685860526 0.05 0.05
0 0.47726877399232254 0.7345669385796545 0.05 0.05
0 0.6077870081573897 0.8561280390275112 0.05 0.05
0 0.9120096569097889 0.9111504318618042 0.05 0.05
0 0.5098983325335893 0.5298324536148432 0.05 0.05
0 0.5492457413627639 0.5298324536148432 0.05 0.05
0 0.5617217490403072 0.5016814619321817 0.05 0.05
0 0.5492457413627639 0.4786488323736405 0.05 0.05
0 0.7219904630518235 0.4223468490083173 0.05 0.05
0 0.815080674184261 0.35836732245681374 0.05 0.05
0 0.8573071617082533 0.34301223608445297 0.05 0.05
0 0.8985739563339731 0.3826795425463852 0.05 0.05
0 0.7594184860844531 0.1907409628918746 0.05 0.05
0 0.731587392034549 0.14595529430582205 0.05 0.05
0 0.6711267394433782 0.14467570377479197 0.05 0.05
0 0.6432956453934742 0.14723488483685213 0.05 0.05
0 0.5962706933781191 0.14723488483685213 0.05 0.05
0 0.5665202135316699 0.14211652271273192 0.05 0.05
0 0.2709348008637237 0.12036348368522075 0.05 0.05
0 0.28724958013435703 0.09861044465770945 0.05 0.05
0 0.2728541866602688 0.10244921625079968 0.05 0.05
0 0.2670960292706334 0.04870641394753671 0.05 0.05
0 0.24022462811900197 0.04870641394753671 0.05 0.05
0 0.22007107725527836 0.07301863403710804 0.05 0.05
0 0.3064434380998081 0.0806961772232885 0.05 0.05
0 0.3313954534548945 0.07941658669225843 0.05 0.05
0 0.3573071617082534 0.07429822456813812 0.05 0.05
