0 0.15459031460945033 0.5640439167470267 0.05 0.05
0 0.16037623553519767 0.5306141513982643 0.05 0.05
0 0.22787864633558338 0.7620509884281581 0.05 0.05
0 0.3146674602217936 0.7916234731597558 0.05 0.05
0 0.37059802917068463 0.7954807537769207 0.05 0.05
0 0.4448506810511089 0.6411895290903247 0.05 0.05
0 0.4130281159594985 0.5293283911925426 0.05 0.05
0 0.4004919539537126 0.4997559064609451 0.05 0.05
0 0.5027098903085825 0.5331856718097076 0.05 0.05
0 0.5962489452748312 0.5228995901639345 0.05 0.05
0 0.5412826964802314 0.4740407023465124 0.05 0.05
0 0.6290358305207329 0.22846050305368049 0.05 0.05
0 0.6666443165380906 0.20531681935069107 0.05 0.05
0 0.6512151940694311 0.17188705400192864 0.05 0.05
0 0.698466881629701 0.17317281420765032 0.05 0.05
0 0.7370396878013501 0.1911734570877532 0.05 0.05
0 0.3108101796046287 0.19631649791063974 0.05 0.05
0 0.2722373734329797 0.18345889585342334 0.05 0.05
0 0.22402136571841852 0.19760225811636142 0.05 0.05
0 0.18255559908389588 0.07031199774991966 0.05 0.05
0 0.204734962632594 0.06388319672131146 0.05 0.05
0 0.28380921528447445 0.09859872227579558 0.05 0.05
0 0.30791721914175507 0.09988448248151727 0.05 0.05
0 0.346490025313404 0.09602720186435233 0.05 0.05
0 0.3908487524108003 0.17317281420765032 0.05 0.05
0 0.4496722818225651 0.20917409996785613 0.05 0.05
