0 0.0396488123800384 0.7831913787587972 0.05 0.05
0 0.06747990642994242 0.6437160108765194 0.05 0.05
0 0.34195207533589256 0.5183161388355726 0.05 0.05
0 0.3918561060460653 0.5119181861804223 0.05 0.05
0 0.40433211372360855 0.5221549104286628 0.05 0.05
0 0.4158484285028791 0.4748100607805502 0.05 0.05
0 0.18072366842610368 0.3570877319257837 0.05 0.05
0 0.49934171065259125 0.7128138995521434 0.05 0.05
0 0.3573071617082534 0.9277851087651953 0.05 0.05
0 0.5079789467370441 0.5311120441458733 0.05 0.05
0 0.5521248200575817 0.5170365483045425 0.05 0.05
0 0.5780365283109405 0.49784269033909145 0.05 0.05
0 0.5463666626679463 0.46841210812539985 0.05 0.05
0 0.6634491962571978 0.3993142194497761 0.05 0.05
0 0.8131612883877158 0.4005938099808061 0.05 0.05
0 0.8717025551823416 0.41466930582213685 0.05 0.05
0 0.9283244361804222 0.851009676903391 0.05 0.05
0 0.9763090810940499 0.8011056461932181 0.05 0.05
0 0.793967430422265 0.907311660268714 0.05 0.05
0 0.6336987164107486 0.26751639475367883 0.05 0.05
0 0.6029885436660269 0.2687959852847089 0.05 0.05
0 0.6250614803262956 0.15619201855406264 0.05 0.05
0 0.6461747240882918 0.13060020793346125 0.05 0.05
0 0.4455989083493283 0.20993482085732562 0.05 0.05
0 0.35634746880998086 0.17154710492642355 0.05 0.05
0 0.33043576055662194 0.17666546705054376 0.05 0.05
0 0.3083628238963532 0.180504238643634 0.05 0.05
0 0.2469424784069098 0.180504238643634 0.05 0.05
0 0.21431291986564305 0.18562260076775428 0.05 0.05
0 0.22007107725527836 0.09477167306461923 0.05 0.05
0 0.23446647072936666 0.09477167306461923 0.05 0.05
0 0.2862898872360845 0.09477167306461923 0.05 0.05
0 0.2670960292706334 0.08709412987843888 0.05 0.05
0 0.30164497360844533 0.09349208253358915 0.05 0.05
0 0.31412098128598853 0.0806961772232885 0.05 0.05
0 0.34195207533589256 0.07813699616122835 0.05 0.05
0 0.36498470489443385 0.09221249200255907 0.05 0.05
0 0.377460712571977 0.05638395713371717 0.05 0.05
