0 0.009508149383983578 0.7392346851471594 0.05 0.05
0 0.024908560061601647 0.5010416666666667 0.05 0.05
0 0.22614059291581112 0.7625064168377824 0.05 0.05
0 0.4468798126283368 0.5297890999315538 0.05 0.05
0 0.5054013732032855 0.6612059377138947 0.05 0.05
0 0.5423623588295688 0.6447788329911021 0.05 0.05
0 0.533122112422998 0.6078178473648187 0.05 0.05
0 0.5023212910677619 0.5325269507186859 0.05 0.05
0 0.5505759111909652 0.4668185318275154 0.05 0.05
0 0.6357915169404518 0.44491572553045866 0.05 0.05
0 0.6542720097535935 0.4654496064339494 0.05 0.05
0 0.6481118454825463 0.5941285934291581 0.05 0.05
0 0.7589948023613964 0.38878978439425055 0.05 0.05
0 0.826756609342916 0.3901587097878166 0.05 0.05
0 0.8164896688911705 0.27790682751540047 0.05 0.05
0 0.7333274512320329 0.1944023785078713 0.05 0.05
0 0.7343541452772075 0.16702387063655025 0.05 0.05
0 0.6871262191991787 0.2149362594113621 0.05 0.05
0 0.6368182109856264 0.2149362594113621 0.05 0.05
0 0.5875368968172485 0.1300628850102669 0.05 0.05
0 0.5474958290554415 0.1902956023271732 0.05 0.05
0 0.43661287217659145 0.21767411019849423 0.05 0.05
0 0.4479065066735114 0.2039848562628336 0.05 0.05
0 0.41094552104722804 0.21219840862422998 0.05 0.05
0 0.2949290939425052 0.09447082477754959 0.05 0.05
0 0.28363545944558527 0.09447082477754959 0.05 0.05
0 0.2980091760780288 0.19850915468856947 0.05 0.05
0 0.25488802618069817 0.26969327515400415 0.05 0.05
0 0.23538083932238196 0.2039848562628336 0.05 0.05
0 0.22306051078028752 0.3066542607802875 0.05 0.05
0 0.24051430954825465 0.3244502908966461 0.05 0.05
0 0.2867155415811089 0.3531977241615332 0.05 0.05
0 0.2949290939425052 0.32718814168377824 0.05 0.05
0 0.32264983316221774 0.43122647159479816 0.05 0.05
0 0.3010892582135524 0.48461456194387414 0.05 0.05
0 0.34831718429158115 0.33129491786447646 0.05 0.05
0 0.3811713937371664 0.37373160506502406 0.05 0.05
