0 0.5910438320568928 0.24721234500364703 0.05 0.05
0 0.5467331099562365 0.21657777169948922 0.05 0.05
0 0.6287900027352299 0.3062933078045221 0.05 0.05
0 0.6320722784463896 0.14874407366885467 0.05 0.05
0 0.6566893462800876 0.15093225747629452 0.05 0.05
0 0.6960766548140045 0.15093225747629452 0.05 0.05
0 0.7387462390590811 0.13561497082421578 0.05 0.05
0 0.7420285147702408 0.20782503646972994 0.05 0.05
0 0.7485930661925603 0.2953523887673229 0.05 0.05
0 0.7288994119256018 0.30848149161196203 0.05 0.05
0 0.6927943791028447 0.3216105944566009 0.05 0.05
0 0.7846980990153173 0.2625296316557256 0.05 0.05
0 0.8667549917943109 0.22314232312180876 0.05 0.05
0 0.8585493025164116 0.470407093362509 0.05 0.05
0 0.9028600246170682 0.46384254194018953 0.05 0.05
0 0.6484836570021882 0.7045427607585704 0.05 0.05
0 0.5089869392778994 0.533864423778264 0.05 0.05
0 0.5434508342450767 0.4725952771699489 0.05 0.05
0 0.400671840809628 0.5076062180889861 0.05 0.05
0 0.39903070295404813 0.5229235047410649 0.05 0.05
0 0.4449825629102845 0.5820044675419401 0.05 0.05
0 0.4449825629102845 0.6367090627279358 0.05 0.05
0 0.32189722374179436 0.7658119073668855 0.05 0.05
0 0.24148146881838078 0.7964464806710432 0.05 0.05
0 0.1955296088621444 0.7417418854850475 0.05 0.05
0 0.05931516684901526 0.6323326951130561 0.05 0.05
0 0.11183157822757109 0.6016981218088986 0.05 0.05
0 0.100343613238512 0.5666871808898613 0.05 0.05
0 0.03305696115973736 0.48791256382202763 0.05 0.05
0 0.22835236597374178 0.31942241064916105 0.05 0.05
0 0.20373529814004382 0.20344866885485036 0.05 0.05
0 0.22671122811816197 0.1268622355944564 0.05 0.05
0 0.2611751230853392 0.15749680889861406 0.05 0.05
0 0.275945363785558 0.18375501458789192 0.05 0.05
0 0.2431226066739606 0.2056368526622901 0.05 0.05
0 0.3350263265864333 0.21657777169948922 0.05 0.05
0 0.3678490836980306 0.22314232312180876 0.05 0.05
0 0.45154711433260397 0.20344866885485036 0.05 0.05
0 0.32189722374179436 0.08747492706053954 0.05 0.05
0 0.3711313594091904 0.09841584609773868 0.05 0.05
