0 0.20713045634920638 0.18490410052910042 0.05 0.05
0 0.21506696428571423 0.203422619047619 0.05 0.05
0 0.22101934523809516 0.1478670634920635 0.05 0.05
0 0.20514632936507926 0.11083002645502636 0.05 0.05
0 0.3182415674603174 0.09231150793650791 0.05 0.05
0 0.28252728174603164 0.17961309523809513 0.05 0.05
0 0.3083209325396824 0.1637400793650793 0.05 0.05
0 0.3440352182539682 0.1478670634920635 0.05 0.05
0 0.37181299603174595 0.14522156084656074 0.05 0.05
0 0.4511780753968253 0.2060681216931216 0.05 0.05
0 0.32220982142857135 0.2483961640211639 0.05 0.05
0 0.31228918650793647 0.42035383597883585 0.05 0.05
0 0.22300347222222214 0.3886078042328042 0.05 0.05
0 0.11387648809523802 0.3753802910052909 0.05 0.05
0 0.012686011904761884 0.6769675925925925 0.05 0.05
0 0.4095114087301586 0.4679728835978835 0.05 0.05
0 0.3956225198412698 0.49707341269841265 0.05 0.05
0 0.4095114087301586 0.5235284391534392 0.05 0.05
0 0.3360987103174602 0.7616236772486772 0.05 0.05
0 0.31228918650793647 0.8065972222222222 0.05 0.05
0 0.35792410714285705 0.7854332010582009 0.05 0.05
0 0.3757812499999999 0.7960152116402116 0.05 0.05
0 0.4134796626984126 0.7351686507936507 0.05 0.05
0 0.4333209325396824 0.7298776455026454 0.05 0.05
0 0.48490823412698403 0.5208829365079364 0.05 0.05
0 0.5027653769841269 0.5314649470899471 0.05 0.05
0 0.5603050595238094 0.5208829365079364 0.05 0.05
0 0.5821304563492062 0.49971891534391527 0.05 0.05
0 0.5503844246031745 0.4679728835978835 0.05 0.05
0 0.5503844246031745 0.2113591269841269 0.05 0.05
0 0.5603050595238094 0.08172949735449725 0.05 0.05
0 0.5821304563492062 0.07379298941798934 0.05 0.05
0 0.75078125 0.21665013227513227 0.05 0.05
0 0.838082837301587 0.240459656084656 0.05 0.05
0 0.8857018849206346 0.2457506613756614 0.05 0.05
0 0.8916542658730157 0.6187665343915343 0.05 0.05
