0 0.19330747377622376 0.12604166666666666 0.05 0.05
0 0.21428649475524475 0.14177593240093234 0.05 0.05
0 0.24706621503496504 0.12778991841491844 0.05 0.05
0 0.2746011800699301 0.10331439393939389 0.05 0.05
0 0.2811571241258741 0.09981789044289044 0.05 0.05
0 0.3047585227272727 0.09632138694638688 0.05 0.05
0 0.33229348776223777 0.09632138694638688 0.05 0.05
0 0.37687390734265735 0.06834935897435888 0.05 0.05
0 0.3847410402097902 0.04387383449883444 0.05 0.05
0 0.3454053758741259 0.08058712121212111 0.05 0.05
0 0.4384997814685315 0.21520250582750577 0.05 0.05
0 0.45030048076923085 0.20820949883449877 0.05 0.05
0 0.2667340472027972 0.3987689393939393 0.05 0.05
0 0.012363417832167812 0.5141535547785547 0.05 0.05
0 0.30869208916083923 0.5159018065268065 0.05 0.05
0 0.3611396416083916 0.5001675407925408 0.05 0.05
0 0.4621011800699302 0.5298878205128206 0.05 0.05
0 0.5381501311188812 0.5368808275058276 0.05 0.05
0 0.5473284527972029 0.47744026806526807 0.05 0.05
0 0.5853529283216783 0.6557619463869464 0.05 0.05
0 0.2785347465034965 0.7589087995337995 0.05 0.05
0 0.3047585227272727 0.7693983100233102 0.05 0.05
0 0.7099158653846155 0.46170600233100234 0.05 0.05
0 0.7702305506993008 0.4582094988344989 0.05 0.05
0 0.796454326923077 0.5526150932400932 0.05 0.05
0 0.8475906905594407 0.48093677156177156 0.05 0.05
0 0.9013494318181821 0.43373397435897443 0.05 0.05
0 0.5709298513986015 0.14177593240093234 0.05 0.05
0 0.6115767045454547 0.14177593240093234 0.05 0.05
0 0.7571186625874127 0.33583187645687645 0.05 0.05
0 0.80432145979021 0.3340836247086247 0.05 0.05
0 0.8069438374125875 0.22569201631701621 0.05 0.05
0 0.817433347902098 0.19247523310023312 0.05 0.05
0 0.7214096653005464 0.5884733606557376 0.05 0.05
