0 0.22925347222222223 0.36678240740740736 0.05 0.05
0 0.40425347222222224 0.459375 0.05 0.05
0 0.5389756944444445 0.4612268518518518 0.05 0.05
0 0.28064236111111107 0.7408564814814814 0.05 0.05
0 0.20286458333333335 0.7519675925925925 0.05 0.05
0 0.034809027777777765 0.8741898148148147 0.05 0.05
0 0.6000868055555555 0.18344907407407404 0.05 0.05
0 0.63203125 0.09641203703703702 0.05 0.05
0 0.8334201388888889 0.17789351851851845 0.05 0.05
0 0.27925347222222224 0.08530092592592595 0.05 0.05
0 0.28758680555555555 0.08715277777777773 0.05 0.05
0 0.3486979166666667 0.06122685185185179 0.05 0.05
0 0.20980902777777777 0.04456018518518512 0.05 0.05
0 0.18619791666666666 0.06493055555555548 0.05 0.05
0 0.4349778673361523 0.15431862226920348 0.05 0.05
