0 0.18096605492813148 0.7419725359342914 0.05 0.05
0 0.17993936088295692 0.41206151608487335 0.05 0.05
0 0.19431307751540045 0.2765379021218344 0.05 0.05
0 0.3144362808008214 0.3901587097878166 0.05 0.05
0 0.4047853567761807 0.4791388603696099 0.05 0.05
0 0.45612005903490765 0.5270512491444216 0.05 0.05
0 0.5095081493839836 0.5297890999315538 0.05 0.05
0 0.5454424409650925 0.4764010095824778 0.05 0.05
0 0.5351755005133472 0.5968664442162903 0.05 0.05
0 0.4838407982546202 0.6119246235455169 0.05 0.05
0 0.8257299152977413 0.6338274298425737 0.05 0.05
0 0.7189537345995894 0.16839279603011642 0.05 0.05
0 0.7497545559548255 0.1656549452429843 0.05 0.05
0 0.7251138988706367 0.20946055783709785 0.05 0.05
0 0.7302473690965093 0.2436836926762491 0.05 0.05
0 0.6255245764887064 0.24915939425051334 0.05 0.05
0 0.5567360754620124 0.18208204996577682 0.05 0.05
0 0.45406667094455855 0.2080916324435319 0.05 0.05
0 0.4396929543121151 0.22041196098562638 0.05 0.05
0 0.2815820713552362 0.17113064681724843 0.05 0.05
0 0.25078125000000007 0.16702387063655025 0.05 0.05
0 0.2795286832648871 0.10679115331964403 0.05 0.05
0 0.29595578798767974 0.09857760095824777 0.05 0.05
0 0.36679767710472283 0.09036404859685139 0.05 0.05
