0 0.2547244676656151 0.3377048282509642 0.05 0.05
0 0.28732173370136693 0.341910927094287 0.05 0.05
0 0.22212720162986327 0.2003055993690855 0.05 0.05
0 0.2074058556782334 0.11618362250262919 0.05 0.05
0 0.2631366653522607 0.14843038030143738 0.05 0.05
0 0.29573393138801257 0.15123444619698603 0.05 0.05
0 0.26944581361724496 0.09655516123378938 0.05 0.05
0 0.2862702089905362 0.0909470294426922 0.05 0.05
0 0.3157129008937959 0.09655516123378938 0.05 0.05
0 0.3283311974237644 0.09515312828601499 0.05 0.05
0 0.37144371056782327 0.08814296354714367 0.05 0.05
0 0.40719555073606717 0.5241752103049424 0.05 0.05
0 0.3987833530494215 0.501742683140554 0.05 0.05
0 0.41981384726603566 0.4835162548194885 0.05 0.05
0 0.5091934476866455 0.5395975727304594 0.05 0.05
0 0.5459968125657201 0.5283813091482652 0.05 0.05
0 0.5691303562039957 0.4905264195583598 0.05 0.05
0 0.5417907137223973 0.4638877935506487 0.05 0.05
0 0.4692355086750787 0.6882130651945322 0.05 0.05
0 0.48921447818086206 0.712047625306695 0.05 0.05
0 0.7405288840694004 0.9209505345250615 0.05 0.05
0 0.8235993362250259 0.9209505345250615 0.05 0.05
0 0.8951030165615137 0.9560013582194183 0.05 0.05
0 0.838320682176656 0.47089795828951997 0.05 0.05
0 0.7184468651419555 0.3867759814230637 0.05 0.05
0 0.6532523330704519 0.34331296004206124 0.05 0.05
0 0.589109325709779 0.135812083771469 0.05 0.05
0 0.6132943940588851 0.135812083771469 0.05 0.05
0 0.45766873685594095 0.21152186295127962 0.05 0.05
0 0.5586151090956886 0.21152186295127962 0.05 0.05
