0 0.23043241279069768 0.11626365398167711 0.05 0.05
0 0.2748298757928119 0.10357866455250159 0.05 0.05
0 0.2780011231501057 0.09089367512332605 0.05 0.05
0 0.2875148652219873 0.08877951021846352 0.05 0.05
0 0.295442983615222 0.08877951021846352 0.05 0.05
0 0.33984044661733626 0.09512200493305123 0.05 0.05
0 0.34142607029598315 0.07398035588442546 0.05 0.05
0 0.4460772330866808 0.20928690979563053 0.05 0.05
0 0.45717659883720935 0.19660192036645513 0.05 0.05
0 0.45717659883720935 0.21774356941508088 0.05 0.05
0 0.21140492864693447 0.3171093199436221 0.05 0.05
0 0.03698632399577163 0.4587583685694149 0.05 0.05
0 0.47620408298097255 0.4820141825229033 0.05 0.05
0 0.5459715248414377 0.47144335799859044 0.05 0.05
0 0.4476628567653277 0.6194349013389711 0.05 0.05
0 0.37630979122621566 0.7927964235377025 0.05 0.05
0 0.6442801929175477 0.2198577343199434 0.05 0.05
0 0.7013626453488373 0.2198577343199434 0.05 0.05
0 0.7584450977801269 0.19871608527131765 0.05 0.05
0 0.785400700317125 0.21774356941508088 0.05 0.05
0 0.8250412922832983 0.21774356941508088 0.05 0.05
0 0.9201787130021144 0.45453003875968984 0.05 0.05
