0 0.026961948151950733 0.4955659650924023 0.05 0.05
0 0.0557093814168378 0.6776330424366873 0.05 0.05
0 0.2672083547227927 0.806312029431896 0.05 0.05
0 0.5146416196098563 0.6625748631074607 0.05 0.05
0 0.5074547612936346 0.6078178473648187 0.05 0.05
0 0.5074547612936346 0.5544297570157427 0.05 0.05
0 0.4468798126283368 0.5311580253251198 0.05 0.05
0 0.5485225231006161 0.4764010095824778 0.05 0.05
0 0.6830194430184806 0.5749636379192336 0.05 0.05
0 0.7733685189938398 0.5982353696098563 0.05 0.05
0 0.7897956237166326 0.4928281143052704 0.05 0.05
0 0.9037586627310062 0.7323900581793292 0.05 0.05
0 0.8873315580082137 0.3778383812457221 0.05 0.05
0 0.8493438783367557 0.36962482888432574 0.05 0.05
0 0.8123828927104724 0.25874187200547566 0.05 0.05
0 0.7867155415811089 0.25600402121834354 0.05 0.05
0 0.8010892582135524 0.1875577515400411 0.05 0.05
0 0.7497545559548255 0.2532661704312115 0.05 0.05
0 0.7004732417864477 0.24915939425051334 0.05 0.05
0 0.7097134881930186 0.3066542607802875 0.05 0.05
0 0.6860995251540042 0.3080231861738535 0.05 0.05
0 0.6419516812114991 0.25874187200547566 0.05 0.05
0 0.6275779645790556 0.2751689767282683 0.05 0.05
0 0.6008839194045176 0.26695542436687203 0.05 0.05
0 0.5536559933264888 0.1971402292950034 0.05 0.05
0 0.4520132828542095 0.27243112594113633 0.05 0.05
0 0.40991882700205345 0.27380005133470225 0.05 0.05
0 0.4417463424024642 0.21767411019849423 0.05 0.05
0 0.453039976899384 0.19850915468856947 0.05 0.05
0 0.3585841247433265 0.2258876625598905 0.05 0.05
0 0.27336851899383985 0.2258876625598905 0.05 0.05
0 0.23435414527720747 0.2258876625598905 0.05 0.05
0 0.26207488449691996 0.1656549452429843 0.05 0.05
0 0.24770116786447643 0.09583975017111565 0.05 0.05
0 0.2066334060574949 0.11089792950034223 0.05 0.05
0 0.2795286832648871 0.09720867556468171 0.05 0.05
0 0.29082231776180706 0.08899512320328545 0.05 0.05
0 0.519775089835729 0.6351963552361397 0.05 0.05
0 0.6778859727926079 0.3367706194387407 0.05 0.05
