0 0.19068509615384613 0.09981789044289044 0.05 0.05
0 0.22084243881118884 0.09282488344988345 0.05 0.05
0 0.23526551573426574 0.09282488344988345 0.05 0.05
0 0.3073809003496504 0.08058712121212111 0.05 0.05
0 0.33229348776223777 0.07709061771561766 0.05 0.05
0 0.34802775349650356 0.07709061771561766 0.05 0.05
0 0.34016062062937064 0.25191579254079244 0.05 0.05
0 0.4398109702797203 0.20820949883449877 0.05 0.05
0 0.45161166958041965 0.20995775058275054 0.05 0.05
0 0.06087740384615383 0.5700976107226108 0.05 0.05
0 0.14741586538461537 0.7466710372960373 0.05 0.05
0 0.20510817307692308 0.7554122960372961 0.05 0.05
0 0.5853529283216783 0.9686990093240094 0.05 0.05
0 0.39260817307692314 0.505412296037296 0.05 0.05
0 0.4109648164335665 0.5351325757575758 0.05 0.05
0 0.4529228583916085 0.5491185897435897 0.05 0.05
0 0.5302829982517483 0.5456220862470862 0.05 0.05
0 0.5801081730769232 0.5211465617715618 0.05 0.05
0 0.59453125 0.4931745337995338 0.05 0.05
0 0.5433948863636363 0.4739437645687646 0.05 0.05
0 0.7348284527972029 0.10331439393939389 0.05 0.05
0 0.7610522290209791 0.19597173659673656 0.05 0.05
0 0.8200557255244757 0.16974796037296033 0.05 0.05
0 0.7925207604895107 0.25716054778554776 0.05 0.05
0 0.8397235576923079 0.2676500582750582 0.05 0.05
0 0.8279228583916085 0.6977199883449884 0.05 0.05
0 0.922328452797203 0.7029647435897437 0.05 0.05
