0 0.18238502358490566 0.09328485324947569 0.05 0.05
0 0.2688630110062894 0.09118841719077532 0.05 0.05
0 0.28301395440251575 0.09118841719077532 0.05 0.05
0 0.35376867138364787 0.08280267295597454 0.05 0.05
0 0.2641460298742139 0.17294942348008355 0.05 0.05
0 0.28458628144654097 0.21068527253668728 0.05 0.05
0 0.3081711871069183 0.19181734800838537 0.05 0.05
0 0.34433470911949693 0.18972091194968524 0.05 0.05
0 0.334900746855346 0.24003537735849037 0.05 0.05
0 0.3773535770440253 0.2190710167714882 0.05 0.05
0 0.3867875393081762 0.1750458595387838 0.05 0.05
0 0.41666175314465426 0.1708529874213833 0.05 0.05
0 0.6886743317610065 0.39517164570230584 0.05 0.05
0 0.7798693003144657 0.2651926100628928 0.05 0.05
0 0.8223221305031447 0.2840605345911946 0.05 0.05
0 0.933957350628931 0.8018802410901466 0.05 0.05
0 0.922951061320755 0.8459053983228509 0.05 0.05
0 0.49842275943396236 0.7746265723270439 0.05 0.05
0 0.2657183569182391 0.755758647798742 0.05 0.05
0 0.19810829402515728 0.7536622117400417 0.05 0.05
0 0.17295106132075477 0.42661818658280903 0.05 0.05
0 0.28144162735849065 0.3909787735849054 0.05 0.05
0 0.37578125000000007 0.3763037211740039 0.05 0.05
0 0.24370577830188686 0.29034984276729525 0.05 0.05
0 0.5565988600628933 0.4727397798742137 0.05 0.05
