0 0.19713431553911204 0.07186619097956294 0.05 0.05
0 0.22250429439746303 0.07398035588442546 0.05 0.05
0 0.2748298757928119 0.09935033474277641 0.05 0.05
0 0.28592924154334043 0.08877951021846352 0.05 0.05
0 0.2938573599365751 0.09300784002818858 0.05 0.05
0 0.33349795190274845 0.08666534531360087 0.05 0.05
0 0.35569668340380556 0.09089367512332605 0.05 0.05
0 0.4254641252642707 0.21140107470049305 0.05 0.05
0 0.45717659883720935 0.19660192036645513 0.05 0.05
0 0.23836053118393236 0.23677105355884412 0.05 0.05
0 0.2684873810782241 0.23677105355884412 0.05 0.05
0 0.5523140195560254 0.4629866983791401 0.05 0.05
0 0.6268383324524314 0.30231016560958396 0.05 0.05
0 0.7425888609936576 0.38264843199436205 0.05 0.05
0 0.7949144423890064 0.36362094785059884 0.05 0.05
0 0.6633076770613109 0.623663231148696 0.05 0.05
0 0.564999008985201 0.6194349013389711 0.05 0.05
0 0.19237744450317124 0.7631981148696264 0.05 0.05
0 0.09089752906976742 0.5708091085271316 0.05 0.05
0 0.0401575713530655 0.5517816243833684 0.05 0.05
