0 0.44170028719912474 0.2056368526622902 0.05 0.05
0 0.45318825218818387 0.2056368526622901 0.05 0.05
0 0.30876812089715544 0.09185129467541925 0.05 0.05
0 0.28579219091903724 0.14874407366885467 0.05 0.05
0 0.30384470733041574 0.14874407366885467 0.05 0.05
0 0.3563611187089716 0.2012604850474105 0.05 0.05
0 0.2677396745076587 0.24064779358132735 0.05 0.05
0 0.2398403309628009 0.2603414478482858 0.05 0.05
0 0.23655805525164114 0.3785033734500363 0.05 0.05
0 0.39410728938730855 0.5032298504741065 0.05 0.05
0 0.4072363922319475 0.533864423778264 0.05 0.05
0 0.513910352844639 0.5316762399708241 0.05 0.05
0 0.5483742478118162 0.46821890955506923 0.05 0.05
0 0.4466237007658644 0.634520878920496 0.05 0.05
0 0.4597528036105033 0.7395537016776076 0.05 0.05
0 0.4055952543763676 0.7680000911743253 0.05 0.05
0 0.39738956509846834 0.809575583515682 0.05 0.05
0 0.33830860229759296 0.7811291940189643 0.05 0.05
0 0.3284617751641138 0.83583378920496 0.05 0.05
0 0.1577834381838074 0.7942582968636033 0.05 0.05
0 0.1528600246170678 0.7395537016776076 0.05 0.05
0 0.07080313183807435 0.6323326951130561 0.05 0.05
0 0.008439893326039328 0.7111073121808897 0.05 0.05
0 0.11511385393873083 0.6060744894237783 0.05 0.05
0 0.21522326312910284 0.5863808351568198 0.05 0.05
0 0.8487024753829324 0.9824421043034283 0.05 0.05
0 0.7436696526258207 0.30410512399708234 0.05 0.05
0 0.7699278583150986 0.358809719183078 0.05 0.05
0 0.7978272018599564 0.3062933078045221 0.05 0.05
0 0.7666455826039388 0.2209541393143689 0.05 0.05
0 0.7732101340262584 0.23189505835156807 0.05 0.05
0 0.7485930661925603 0.1553086250911741 0.05 0.05
0 0.6927943791028447 0.13123860320933609 0.05 0.05
0 0.651765932713348 0.13561497082421578 0.05 0.05
0 0.5467331099562365 0.21220140408460963 0.05 0.05
0 0.5582210749452955 0.19469593362509105 0.05 0.05
