0 0.44662370076586433 0.20782503646973005 0.05 0.05
0 0.4564705278993436 0.20782503646972994 0.05 0.05
0 0.5467331099562365 0.22533050692924864 0.05 0.05
0 0.5680679020787747 0.19469593362509105 0.05 0.05
0 0.30876812089715544 0.09185129467541925 0.05 0.05
0 0.2070175738512035 0.14217952224653524 0.05 0.05
0 0.2726630880743982 0.25377689642596635 0.05 0.05
0 0.30548584518599564 0.24502416119620693 0.05 0.05
0 0.2972801559080963 0.2865996535375637 0.05 0.05
0 0.13808978391684898 0.38944429248723544 0.05 0.05
0 0.04618606400437631 0.5207353209336251 0.05 0.05
0 0.008439893326039328 0.7045427607585704 0.05 0.05
0 0.0576740289934354 0.6388972465353755 0.05 0.05
0 0.11183157822757109 0.6192035922684173 0.05 0.05
0 0.16106571389496716 0.5623108132749818 0.05 0.05
0 0.18240050601750543 0.7373655178701678 0.05 0.05
0 0.1906061952954048 0.7111073121808897 0.05 0.05
0 0.2939978801969366 0.8161401349380015 0.05 0.05
0 0.32353836159737415 0.7898819292487236 0.05 0.05
0 0.39246615153172865 0.8051992159008025 0.05 0.05
0 0.4072363922319475 0.8577156272793581 0.05 0.05
0 0.43021232221006567 0.7483064369073669 0.05 0.05
0 0.4679584928884027 0.7373655178701678 0.05 0.05
0 0.4466237007658644 0.6367090627279358 0.05 0.05
0 0.41215980579868716 0.533864423778264 0.05 0.05
0 0.39082501367614875 0.5097944018964259 0.05 0.05
0 0.4991401121444202 0.5404289752005835 0.05 0.05
0 0.5549387992341358 0.470407093362509 0.05 0.05
0 0.6632538977024071 0.5185471371261852 0.05 0.05
0 0.7584398933260394 0.6279563274981764 0.05 0.05
0 0.8240854075492343 0.5207353209336251 0.05 0.05
