0 0.027300054243008676 0.5434717534554806 0.05 0.05
0 0.08998086427193827 0.5383287126325941 0.05 0.05
0 0.19027016031822563 0.8636260446801672 0.05 0.05
0 0.2722373734329797 0.7543364271938284 0.05 0.05
0 0.26741577266152367 0.8507684426229508 0.05 0.05
0 0.3088815392960463 0.7877661925425908 0.05 0.05
0 0.3667407485535198 0.7903377129540341 0.05 0.05
0 0.3947060330279653 0.5074704676952748 0.05 0.05
0 0.4458150012054002 0.6411895290903247 0.05 0.05
0 0.4014562741080038 0.517756549341048 0.05 0.05
0 0.43810043997107034 0.5781872790099647 0.05 0.05
0 0.50078125 0.5254711105753778 0.05 0.05
0 0.5933559848119575 0.5113277483124398 0.05 0.05
0 0.54803293756027 0.4714691819350692 0.05 0.05
0 0.7042528025554484 0.3827517277402765 0.05 0.05
0 0.6946096010125362 0.4238960543233688 0.05 0.05
0 0.7813984148987464 0.38018020732883323 0.05 0.05
0 0.745718569189971 0.27346211025393763 0.05 0.05
0 0.7813984148987464 0.2850339521054323 0.05 0.05
0 0.7987561776759884 0.29660579395692704 0.05 0.05
0 0.8469721853905497 0.41360997267759564 0.05 0.05
0 0.8903665923336547 0.40332389103182265 0.05 0.05
0 0.7862200156702025 0.16674401317904214 0.05 0.05
0 0.6184283088235294 0.13588576824172297 0.05 0.05
0 0.5885343840405015 0.14874337029893922 0.05 0.05
0 0.31852474083895854 0.23617506428801036 0.05 0.05
0 0.32623930207328833 0.21174562037929925 0.05 0.05
0 0.3657764283992285 0.22074594181935073 0.05 0.05
0 0.39567035318225646 0.20917409996785613 0.05 0.05
0 0.44774364151398266 0.20917409996785613 0.05 0.05
0 0.234628887415622 0.21303138058502094 0.05 0.05
0 0.20087768201542913 0.22331746223079396 0.05 0.05
0 0.21823544479267118 0.1911734570877532 0.05 0.05
0 0.2548796106557377 0.1911734570877532 0.05 0.05
0 0.22884296648987465 0.1384572886531662 0.05 0.05
0 0.2587368912729026 0.13717152844744465 0.05 0.05
0 0.27995193466730955 0.15517217132754743 0.05 0.05
0 0.2828448951301832 0.09602720186435233 0.05 0.05
0 0.23848616803278685 0.08059807939569268 0.05 0.05
0 0.31177449975891997 0.09088416104146582 0.05 0.05
0 0.3368468237704918 0.10245600289296052 0.05 0.05
