0 0.2536221590909091 0.1312864219114219 0.05 0.05
0 0.27984593531468527 0.12778991841491844 0.05 0.05
0 0.30869208916083923 0.12778991841491844 0.05 0.05
0 0.3178704108391609 0.09632138694638688 0.05 0.05
0 0.34409418706293715 0.08932837995337989 0.05 0.05
0 0.3506501311188811 0.08932837995337989 0.05 0.05
0 0.22739838286713288 0.36205565268065265 0.05 0.05
0 0.4411221590909092 0.20296474358974356 0.05 0.05
0 0.455545236013986 0.20296474358974356 0.05 0.05
0 0.6168214597902099 0.20296474358974356 0.05 0.05
0 0.6535347465034965 0.22044726107226112 0.05 0.05
0 0.7702305506993008 0.17324446386946377 0.05 0.05
0 0.80432145979021 0.3638039044289044 0.05 0.05
0 0.8790592220279722 0.38303467365967364 0.05 0.05
0 0.5656850961538462 0.37778991841491844 0.05 0.05
0 0.5578179632867133 0.4704472610722611 0.05 0.05
0 0.5840417395104895 0.4931745337995338 0.05 0.05
0 0.5643739073426574 0.5176500582750584 0.05 0.05
0 0.5263494318181818 0.5438738344988345 0.05 0.05
0 0.4673459353146853 0.540377331002331 0.05 0.05
0 0.4148983828671328 0.5298878205128206 0.05 0.05
0 0.40178649475524486 0.5071605477855478 0.05 0.05
0 0.15397180944055947 0.7711465617715618 0.05 0.05
0 0.19592985139860142 0.7641535547785547 0.05 0.05
0 0.6128878933566435 0.6417759324009324 0.05 0.05
0 0.6692690122377624 0.6015661421911422 0.05 0.05
0 0.7190941870629372 0.9267409673659674 0.05 0.05
0 0.5761746066433566 0.9512164918414919 0.05 0.05
