0 0.21823544479267118 0.29532003375120547 0.05 0.05
0 0.24620072926711672 0.2747478704596593 0.05 0.05
0 0.2597012114271938 0.2940342735454839 0.05 0.05
0 0.2944167369816779 0.23617506428801036 0.05 0.05
0 0.2664514525072324 0.17960161523625853 0.05 0.05
0 0.2269143261812922 0.12431392639022824 0.05 0.05
0 0.23173592695274828 0.08188383960141436 0.05 0.05
0 0.18062695877531337 0.10502752330440378 0.05 0.05
0 0.30598857883317265 0.10117024268723883 0.05 0.05
0 0.34166842454194796 0.10117024268723883 0.05 0.05
0 0.3744553097878495 0.08702688042430087 0.05 0.05
0 0.3985633136451302 0.06131167630986833 0.05 0.05
0 0.3908487524108003 0.03559647219543554 0.05 0.05
0 0.36770506870781094 0.03559647219543554 0.05 0.05
0 0.45160092213114755 0.20917409996785613 0.05 0.05
0 0.574069581726133 0.09602720186435233 0.05 0.05
0 0.6097494274349085 0.10631328351012546 0.05 0.05
0 0.6242142297492768 0.10117024268723883 0.05 0.05
0 0.633857431292189 0.07031199774991966 0.05 0.05
0 0.6512151940694311 0.31974947765991646 0.05 0.05
0 0.6888236800867887 0.33646436033429766 0.05 0.05
0 0.7380040079556413 0.2516041867566699 0.05 0.05
0 0.7900772962873674 0.2400323449051752 0.05 0.05
0 0.5403183763259402 0.4714691819350692 0.05 0.05
0 0.49981692984570875 0.5331856718097076 0.05 0.05
0 0.40627787487945993 0.5267568707810993 0.05 0.05
0 0.39277739271938283 0.5036131870781101 0.05 0.05
0 0.4467793213596914 0.6424752892960464 0.05 0.05
0 0.3744553097878495 0.8031953150112504 0.05 0.05
0 0.3300965826904532 0.798052274188364 0.05 0.05
0 0.32141770130183217 0.769765549662488 0.05 0.05
