0 0.2221536276223776 0.06660110722610733 0.05 0.05
0 0.1867515297202797 0.06834935897435888 0.05 0.05
0 0.21166411713286712 0.10156614219114223 0.05 0.05
0 0.25624453671328673 0.09981789044289044 0.05 0.05
0 0.2667340472027972 0.09282488344988345 0.05 0.05
0 0.2772235576923077 0.09282488344988345 0.05 0.05
0 0.30869208916083923 0.09632138694638688 0.05 0.05
0 0.34409418706293715 0.08058712121212111 0.05 0.05
0 0.3506501311188811 0.07883886946386945 0.05 0.05
0 0.4411221590909092 0.20820949883449877 0.05 0.05
0 0.4476781031468532 0.213454254079254 0.05 0.05
0 0.2667340472027972 0.20820949883449877 0.05 0.05
0 0.310003277972028 0.25716054778554776 0.05 0.05
0 0.34802775349650356 0.25716054778554776 0.05 0.05
0 0.37556271853146855 0.30086684149184156 0.05 0.05
0 0.3611396416083916 0.3375801282051282 0.05 0.05
0 0.4240767045454545 0.3131046037296038 0.05 0.05
0 0.6259997814685315 0.09981789044289044 0.05 0.05
0 0.6548459353146854 0.09457313519813511 0.05 0.05
0 0.455545236013986 0.5281395687645688 0.05 0.05
0 0.532905375874126 0.5421255827505828 0.05 0.05
0 0.5499508304195805 0.4582094988344989 0.05 0.05
0 0.6351781031468532 0.5089087995337995 0.05 0.05
0 0.7846536276223777 0.48093677156177156 0.05 0.05
0 0.8672585227272729 0.3323353729603729 0.05 0.05
0 0.8816815996503499 0.32709061771561776 0.05 0.05
0 0.699426354895105 0.6138039044289044 0.05 0.05
0 0.44636691433566433 0.7449227855477856 0.05 0.05
0 0.7584298513986015 0.9826850233100235 0.05 0.05
0 0.012363417832167812 0.7117060023310023 0.05 0.05
0 0.26148929195804194 0.7431745337995339 0.05 0.05
0 0.31655922202797204 0.7728948135198136 0.05 0.05
0 0.3467165646853147 0.9529647435897437 0.05 0.05
