0 0.18444932610993653 0.06975202607470041 0.05 0.05
0 0.19554869186046514 0.06975202607470028 0.05 0.05
0 0.2669017573995772 0.11837781888653964 0.05 0.05
0 0.2843436178646934 0.10992115926708929 0.05 0.05
0 0.33349795190274845 0.09089367512332605 0.05 0.05
0 0.27641549947145877 0.09089367512332605 0.05 0.05
0 0.2906861125792812 0.08877951021846352 0.05 0.05
0 0.35728230708245245 0.09300784002818858 0.05 0.05
0 0.19554869186046514 0.15854695207892863 0.05 0.05
0 0.23201803646934457 0.1839169309372796 0.05 0.05
0 0.37789541490486267 0.16066111698379118 0.05 0.05
0 0.3985085227272728 0.17968860112755441 0.05 0.05
0 0.4333922436575054 0.20083025017618017 0.05 0.05
0 0.45876222251585624 0.19660192036645513 0.05 0.05
0 0.2272611654334038 0.26848352713178275 0.05 0.05
0 0.1907918208245243 0.28962517618040856 0.05 0.05
0 0.2684873810782241 0.32133764975334717 0.05 0.05
0 0.23836053118393236 0.32133764975334717 0.05 0.05
0 0.30178547832980973 0.29173934108527105 0.05 0.05
0 0.31764171511627903 0.3149951550387596 0.05 0.05
0 0.30495672568710364 0.30865266032417177 0.05 0.05
0 0.295442983615222 0.8350797216349541 0.05 0.05
0 0.5428002774841438 0.46510086328400274 0.05 0.05
0 0.828212539640592 0.36996344256518654 0.05 0.05
0 0.6506226876321354 0.18814526074700477 0.05 0.05
0 0.6997770216701904 0.19660192036645513 0.05 0.05
0 0.733075118921776 0.22408606412966858 0.05 0.05
0 0.785400700317125 0.17123194150810406 0.05 0.05
0 0.8060138081395349 0.1902594256518673 0.05 0.05
