0 0.18637536146161932 0.03626774447949567 0.05 0.05
0 0.21476652865404833 0.039071810375044196 0.05 0.05
0 0.12118082939011568 0.44425933228180886 0.05 0.05
0 0.17586011435331228 0.4582796617595516 0.05 0.05
0 0.15272657071503679 0.41201257448300055 0.05 0.05
0 0.17586011435331228 0.34751905888538415 0.05 0.05
0 0.22212720162986327 0.34892109183315845 0.05 0.05
0 0.3062491784963196 0.26760318086225054 0.05 0.05
0 0.3640830375920083 0.26339708201892775 0.05 0.05
0 0.393525729495268 0.26339708201892775 0.05 0.05
0 0.38090743296529955 0.1806771381002457 0.05 0.05
0 0.34831016692954775 0.17787307220469703 0.05 0.05
0 0.33043424684542577 0.09234906239046646 0.05 0.05
0 0.2810125854363827 0.09375109533824073 0.05 0.05
0 0.27049733832807565 0.08113279880827236 0.05 0.05
0 0.29573393138801257 0.0909470294426922 0.05 0.05
0 0.37144371056782327 0.08674093059936941 0.05 0.05
0 0.645891660094637 0.16665680862250293 0.05 0.05
0 0.6879526485278651 0.16525477567472865 0.05 0.05
0 0.7258075381177705 0.16525477567472865 0.05 0.05
0 0.748941081756046 0.1680588415702772 0.05 0.05
0 0.7878474960567821 0.17086290746582572 0.05 0.05
0 0.7878474960567821 0.43444510164738903 0.05 0.05
0 0.731065161671924 0.4554755958640031 0.05 0.05
0 0.5438937631440587 0.4694959253417457 0.05 0.05
0 0.5617696832281807 0.5003406501927797 0.05 0.05
0 0.5523059608307043 0.5255772432527166 0.05 0.05
0 0.5112964971083069 0.5424016386260079 0.05 0.05
0 0.40824707544689787 0.5297833420960394 0.05 0.05
0 0.393525729495268 0.5115569137749739 0.05 0.05
0 0.41455622371188217 0.48491828776726276 0.05 0.05
0 0.38090743296529955 0.7975716351209255 0.05 0.05
0 0.27365191246056775 0.04187587627059273 0.05 0.05
