0 0.2332987325174825 0.2134542540792541 0.05 0.05
0 0.28050152972027975 0.227440268065268 0.05 0.05
0 0.3067253059440559 0.19771998834498833 0.05 0.05
0 0.32508194930069934 0.20820949883449877 0.05 0.05
0 0.31328125 0.09457313519813511 0.05 0.05
0 0.44702250874125876 0.20296474358974356 0.05 0.05
0 0.7381064248251749 0.11904865967365967 0.05 0.05
0 0.757774256993007 0.14702068764568754 0.05 0.05
0 0.7643302010489512 0.11380390442890445 0.05 0.05
0 0.7171274038461538 0.3288388694638694 0.05 0.05
0 0.5479840472027973 0.4599577505827507 0.05 0.05
0 0.5676518793706294 0.48093677156177156 0.05 0.05
0 0.5558511800699301 0.5228948135198136 0.05 0.05
0 0.39195257867132866 0.505412296037296 0.05 0.05
0 0.3998197115384616 0.5316360722610723 0.05 0.05
0 0.271323208041958 0.7693983100233102 0.05 0.05
0 0.30803649475524475 0.8358318764568765 0.05 0.05
0 0.41555397727272725 0.7833843240093241 0.05 0.05
0 0.4457113199300699 0.7414262820512821 0.05 0.05
0 0.4798022290209791 0.6959717365967367 0.05 0.05
0 0.542739291958042 0.7484192890442891 0.05 0.05
0 0.4824246066433567 0.8847829254079255 0.05 0.05
0 0.6646798513986014 0.9652025058275059 0.05 0.05
0 0.7289281031468532 0.582335372960373 0.05 0.05
0 0.8259560751748252 0.811356351981352 0.05 0.05
0 0.9229840472027974 0.7886290792540793 0.05 0.05
