0 0.39181307256509157 0.5010416666666667 0.05 0.05
0 0.40917083534233367 0.5370429524268725 0.05 0.05
0 0.38216987102217936 0.4174672532947606 0.05 0.05
0 0.1642335161523626 0.531899911603986 0.05 0.05
0 0.19316312078109935 0.4290390951462553 0.05 0.05
0 0.2944167369816779 0.7479076261652202 0.05 0.05
0 0.3165961005303761 0.7671940292510447 0.05 0.05
0 0.3754196299421408 0.794194993571199 0.05 0.05
0 0.45449388259402124 0.6489040903246545 0.05 0.05
0 0.5056028507714562 0.528042630986821 0.05 0.05
0 0.5914273445033751 0.5126135085181613 0.05 0.05
0 0.5499615778688525 0.4637546207007394 0.05 0.05
0 0.6136067080520733 0.8456254018000643 0.05 0.05
0 0.8325073830761813 0.7286212230793957 0.05 0.05
0 0.612642387897782 0.1873161764705883 0.05 0.05
0 0.5837127832690453 0.14745761009321764 0.05 0.05
0 0.6685729568466731 0.11402784474445522 0.05 0.05
0 0.698466881629701 0.11917088556734173 0.05 0.05
0 0.8151496202989392 0.16674401317904214 0.05 0.05
0 0.8296144226133076 0.19374497749919636 0.05 0.05
0 0.31948906099324975 0.15645793153326912 0.05 0.05
0 0.4467793213596914 0.21174562037929925 0.05 0.05
0 0.38024123071359683 0.17317281420765032 0.05 0.05
0 0.2568082509643202 0.23360354387656698 0.05 0.05
0 0.22305704556412734 0.23103202346512386 0.05 0.05
0 0.20955656340405016 0.22074594181935073 0.05 0.05
0 0.21823544479267118 0.2850339521054323 0.05 0.05
0 0.2982740175988428 0.33646436033429766 0.05 0.05
0 0.3329895431533269 0.2696048296367728 0.05 0.05
0 0.37734827025072326 0.2927485133397622 0.05 0.05
0 0.28380921528447445 0.1513148907103826 0.05 0.05
0 0.24620072926711672 0.14102880906460946 0.05 0.05
0 0.2143781641755063 0.16674401317904214 0.05 0.05
0 0.196056081243973 0.14102880906460946 0.05 0.05
0 0.28380921528447445 0.09474144165863076 0.05 0.05
0 0.3127388199132112 0.09731296207007402 0.05 0.05
0 0.3426327446962391 0.09731296207007402 0.05 0.05
0 0.2076279230954677 0.04073951301832217 0.05 0.05
0 0.18159127892960464 0.04073951301832217 0.05 0.05
