0 0.5775425538906412 0.10076126007711217 0.05 0.05
0 0.6427370859621448 0.13861614966701755 0.05 0.05
0 0.6858495991062037 0.21011983000350534 0.05 0.05
0 0.5459968125657201 0.4680938923939715 0.05 0.05
0 0.571233405625657 0.49753658429723124 0.05 0.05
0 0.5470483372765508 0.5199691114616196 0.05 0.05
0 0.5039358241324919 0.5325874079915881 0.05 0.05
0 0.45872026156677165 0.6882130651945322 0.05 0.05
0 0.48080228049421647 0.7555106466876974 0.05 0.05
0 0.8972060659831751 0.9714237206449352 0.05 0.05
0 0.41140164957938996 0.5297833420960394 0.05 0.05
0 0.400886402471083 0.5115569137749739 0.05 0.05
0 0.41771079784437426 0.4765060900806172 0.05 0.05
0 0.19373603443743423 0.07832873291272383 0.05 0.05
0 0.21056042981072554 0.06150433753943254 0.05 0.05
0 0.26208514064143 0.10076126007711217 0.05 0.05
0 0.26944581361724496 0.09234906239046646 0.05 0.05
0 0.2820641101472134 0.09515312828601499 0.05 0.05
0 0.32097052444794943 0.09515312828601499 0.05 0.05
0 0.3283311974237644 0.09935922712933791 0.05 0.05
0 0.3682891364353312 0.08253483175604662 0.05 0.05
0 0.37249523527865397 0.08674093059936941 0.05 0.05
