0 0.31427331349206356 0.09760251322751318 0.05 0.05
0 0.2607018849206349 0.15051256613756603 0.05 0.05
0 0.21109871031746028 0.20077711640211635 0.05 0.05
0 0.19522569444444435 0.22194113756613756 0.05 0.05
0 0.24681299603174595 0.2060681216931216 0.05 0.05
0 0.2706225198412698 0.20077711640211635 0.05 0.05
0 0.361892361111111 0.20077711640211635 0.05 0.05
0 0.43927331349206333 0.2060681216931216 0.05 0.05
0 0.34800347222222217 0.2801421957671958 0.05 0.05
0 0.3083209325396824 0.2907242063492063 0.05 0.05
0 0.4095114087301586 0.4679728835978835 0.05 0.05
0 0.38967013888888885 0.5076554232804232 0.05 0.05
0 0.4174479166666666 0.5288194444444444 0.05 0.05
0 0.4432415674603174 0.7483961640211639 0.05 0.05
0 0.41546378968253955 0.7510416666666665 0.05 0.05
0 0.3837177579365078 0.7854332010582009 0.05 0.05
0 0.35990823412698403 0.8039517195767195 0.05 0.05
0 0.32220982142857135 0.7616236772486772 0.05 0.05
0 0.30435267857142845 0.7880787037037036 0.05 0.05
0 0.5503844246031745 0.5182374338624337 0.05 0.05
0 0.5821304563492062 0.486491402116402 0.05 0.05
0 0.5523685515873015 0.4679728835978835 0.05 0.05
0 0.5484002976190474 0.21665013227513227 0.05 0.05
0 0.6813368055555554 0.15844907407407405 0.05 0.05
0 0.7150669642857141 0.2060681216931216 0.05 0.05
0 0.7607018849206347 0.11083002645502636 0.05 0.05
0 0.7706225198412697 0.12934854497354492 0.05 0.05
0 0.7547495039682539 0.203422619047619 0.05 0.05
0 0.7289558531746031 0.32247023809523795 0.05 0.05
0 0.6634796626984125 0.32511574074074073 0.05 0.05
0 0.7984002976190474 0.7192956349206348 0.05 0.05
0 0.8599082341269838 0.7192956349206348 0.05 0.05
