0 0.24945989693446088 0.16488944679351647 0.05 0.05
0 0.2811723705073996 0.09300784002818858 0.05 0.05
0 0.2906861125792812 0.09300784002818858 0.05 0.05
0 0.30019985465116283 0.09089367512332605 0.05 0.05
0 0.33508357558139534 0.09300784002818858 0.05 0.05
0 0.34142607029598315 0.0824370155038757 0.05 0.05
0 0.4460772330866808 0.20928690979563053 0.05 0.05
0 0.45717659883720935 0.19660192036645513 0.05 0.05
0 0.4540053514799155 0.21774356941508088 0.05 0.05
0 0.3271554571881607 0.25157020789288204 0.05 0.05
0 0.22408991807610992 0.3974475863284001 0.05 0.05
0 0.03222945295983083 0.4862425123326285 0.05 0.05
0 0.006859474101479879 0.6384623854827342 0.05 0.05
0 0.15590809989429172 0.8097097427766031 0.05 0.05
0 0.3636248017970402 0.7991389182522902 0.05 0.05
0 0.4444916094080339 0.644804880197322 0.05 0.05
0 0.5491427721987316 0.46721502818886523 0.05 0.05
0 0.6315952034883722 0.3065384954193092 0.05 0.05
