0 0.21457617600422832 0.1839169309372796 0.05 0.05
0 0.1812780787526427 0.22197189922480595 0.05 0.05
0 0.2447030258985201 0.17968860112755441 0.05 0.05
0 0.2510455206131078 0.27482602184637045 0.05 0.05
0 0.30178547832980973 0.2769401867512331 0.05 0.05
0 0.2637305100422833 0.11414948907681446 0.05 0.05
0 0.295442983615222 0.10780699436222677 0.05 0.05
0 0.27165862843551797 0.09089367512332605 0.05 0.05
0 0.2843436178646934 0.08877951021846352 0.05 0.05
0 0.29227173625792807 0.08666534531360087 0.05 0.05
0 0.33666919926004224 0.09089367512332605 0.05 0.05
0 0.35569668340380556 0.08666534531360087 0.05 0.05
0 0.42229287790697684 0.19660192036645513 0.05 0.05
0 0.45717659883720935 0.18814526074700477 0.05 0.05
0 0.3493541886892178 0.3149951550387596 0.05 0.05
0 0.22091867071881605 0.4249317300916137 0.05 0.05
0 0.05601380813953485 0.6532615398167722 0.05 0.05
0 0.14797998150105707 0.6553757047216349 0.05 0.05
0 0.21140492864693447 0.7610839499647638 0.05 0.05
0 0.7188045058139536 0.7272573114869625 0.05 0.05
0 0.7949144423890064 0.6765173537702606 0.05 0.05
0 0.6268383324524314 0.3361368040873854 0.05 0.05
0 0.5443859011627907 0.45453003875968984 0.05 0.05
0 0.6981913979915435 0.32768014446793503 0.05 0.05
0 0.7299038715644821 0.16066111698379118 0.05 0.05
0 0.6886776559196618 0.1500902924594783 0.05 0.05
