0 0.1841291520979021 0.050866841491841557 0.05 0.05
0 0.23788789335664337 0.09457313519813511 0.05 0.05
0 0.23788789335664337 0.07883886946386945 0.05 0.05
0 0.19068509615384616 0.1295381701631701 0.05 0.05
0 0.21297530594405595 0.13827942890442887 0.05 0.05
0 0.27197880244755246 0.09981789044289044 0.05 0.05
0 0.2864018793706294 0.09632138694638688 0.05 0.05
0 0.3008249562937063 0.11730040792540788 0.05 0.05
0 0.31262565559440564 0.09632138694638688 0.05 0.05
0 0.35196131993006996 0.08758012820512823 0.05 0.05
0 0.3427829982517483 0.07709061771561766 0.05 0.05
0 0.442433347902098 0.20296474358974356 0.05 0.05
0 0.45161166958041965 0.20471299533799533 0.05 0.05
0 0.18544034090909092 0.41625145687645687 0.05 0.05
0 0.240510270979021 0.3987689393939393 0.05 0.05
0 0.23788789335664337 0.5298878205128206 0.05 0.05
0 0.039898382867132855 0.58932837995338 0.05 0.05
0 0.3178704108391609 0.7693983100233102 0.05 0.05
0 0.4332550262237763 0.7554122960372961 0.05 0.05
0 0.45161166958041965 0.7326850233100234 0.05 0.05
0 0.45685642482517486 0.5456220862470862 0.05 0.05
0 0.5237270541958041 0.5421255827505828 0.05 0.05
0 0.5722410402097904 0.526391317016317 0.05 0.05
0 0.5866641171328671 0.5036640442890443 0.05 0.05
0 0.5565067744755245 0.4721955128205128 0.05 0.05
0 0.7492515297202799 0.3323353729603729 0.05 0.05
0 0.8121885926573429 0.32709061771561776 0.05 0.05
0 0.7846536276223777 0.43373397435897443 0.05 0.05
0 0.7518739073426575 0.10681089743589732 0.05 0.05
0 0.22960638661202193 0.654047131147541 0.05 0.05
