0 0.27604720744680844 0.0905806737588654 0.05 0.05
0 0.2840259308510638 0.09235372340425556 0.05 0.05
0 0.3598238031914893 0.08526152482269514 0.05 0.05
0 0.29865359042553186 0.11894946808510648 0.05 0.05
0 0.26540890957446805 0.11717641843971643 0.05 0.05
0 0.22285571808510635 0.23597074468085116 0.05 0.05
0 0.3225897606382978 0.2749778368794328 0.05 0.05
0 0.3465259308510638 0.2909352836879434 0.05 0.05
0 0.4462599734042552 0.2944813829787236 0.05 0.05
0 0.7653645833333332 0.18159722222222213 0.05 0.05
0 0.7875868055555555 0.24456018518518513 0.05 0.05
0 0.8209201388888889 0.26307870370370356 0.05 0.05
0 0.8250868055555556 0.5760416666666666 0.05 0.05
0 0.8931423611111111 0.5890046296296295 0.05 0.05
0 0.29175347222222225 0.383449074074074 0.05 0.05
0 0.21536458333333336 0.3982638888888888 0.05 0.05
0 0.39314236111111106 0.4667824074074074 0.05 0.05
0 0.025086805555555557 0.5075231481481481 0.05 0.05
0 0.11119791666666665 0.5112268518518518 0.05 0.05
0 0.20147569444444446 0.7353009259259259 0.05 0.05
0 0.25564236111111105 0.7593749999999999 0.05 0.05
0 0.5459201388888888 0.46863425925925917 0.05 0.05
