0 0.31328125 0.09632138694638688 0.05 0.05
0 0.340816215034965 0.07883886946386945 0.05 0.05
0 0.34868334790209793 0.08233537296037288 0.05 0.05
0 0.4417777534965035 0.20820949883449877 0.05 0.05
0 0.4535784527972028 0.20820949883449877 0.05 0.05
0 0.2516553758741259 0.28688082750582755 0.05 0.05
0 0.285746284965035 0.28163607226107223 0.05 0.05
0 0.10742460664335665 0.7256920163170163 0.05 0.05
0 0.28312390734265735 0.7484192890442891 0.05 0.05
0 0.31590362762237756 0.8061115967365968 0.05 0.05
0 0.36310642482517486 0.7711465617715618 0.05 0.05
0 0.4168651660839161 0.7606570512820513 0.05 0.05
0 0.4273546765734266 0.7344332750582752 0.05 0.05
0 0.43653299825174824 0.7956220862470863 0.05 0.05
0 0.5348721590909091 0.8987689393939394 0.05 0.05
0 0.5492952360139861 0.6417759324009324 0.05 0.05
0 0.3971973339160839 0.5071605477855478 0.05 0.05
0 0.40899803321678324 0.5316360722610723 0.05 0.05
0 0.4562008304195804 0.5316360722610723 0.05 0.05
0 0.5178267045454545 0.5351325757575758 0.05 0.05
0 0.563718312937063 0.526391317016317 0.05 0.05
0 0.5938756555944057 0.48792977855477854 0.05 0.05
0 0.5532288024475525 0.47569201631701635 0.05 0.05
0 0.7131938374125875 0.23618152680652676 0.05 0.05
0 0.7761309003496504 0.21695075757575755 0.05 0.05
0 0.8102218094405595 0.20820949883449877 0.05 0.05
0 0.7761309003496504 0.15751019813519812 0.05 0.05
0 0.7538406905594407 0.1522654428904429 0.05 0.05
0 0.6948371940559441 0.13827942890442887 0.05 0.05
0 0.702704326923077 0.12604166666666666 0.05 0.05
