0 0.3071269830415755 0.08747492706053966 0.05 0.05
0 0.3317440508752735 0.1268622355944564 0.05 0.05
0 0.3694902215536105 0.1268622355944564 0.05 0.05
0 0.44334142505470464 0.2056368526622901 0.05 0.05
0 0.45318825218818387 0.21657777169948922 0.05 0.05
0 0.5450919721006565 0.21657777169948922 0.05 0.05
0 0.6320722784463896 0.41351431436907354 0.05 0.05
0 0.7436696526258207 0.4222670495988329 0.05 0.05
0 0.7945449261487967 0.39819702771699483 0.05 0.05
0 0.5467331099562365 0.46821890955506923 0.05 0.05
0 0.513910352844639 0.5360526075857038 0.05 0.05
0 0.39410728938730855 0.5032298504741065 0.05 0.05
0 0.39738956509846834 0.5185471371261852 0.05 0.05
0 0.44334142505470464 0.6454617979576952 0.05 0.05
0 0.4417002871991248 0.7373655178701678 0.05 0.05
0 0.513910352844639 0.7789410102115244 0.05 0.05
0 0.5795558670678338 0.822704686360321 0.05 0.05
0 0.39738956509846834 0.7964464806710432 0.05 0.05
0 0.2907156044857768 0.785505561633844 0.05 0.05
0 0.24968715809628006 0.8511510758570388 0.05 0.05
0 0.18568278172866517 0.7526828045222466 0.05 0.05
0 0.15942457603938726 0.7176718636032092 0.05 0.05
0 0.07244426969365422 0.6432736141502552 0.05 0.05
0 0.11511385393873083 0.6170154084609772 0.05 0.05
0 0.13152523249452952 0.58419265134938 0.05 0.05
0 0.044544926148796446 0.45727799051787 0.05 0.05
