0 0.18675152972027967 0.04037733100233112 0.05 0.05
0 0.20773055069930071 0.11555215617715611 0.05 0.05
0 0.22346481643356647 0.10506264568764566 0.05 0.05
0 0.24706621503496504 0.09981789044289044 0.05 0.05
0 0.20510817307692308 0.22394376456876455 0.05 0.05
0 0.24313264860139863 0.18723047785547778 0.05 0.05
0 0.08316761363636363 0.6260416666666667 0.05 0.05
0 0.3454053758741259 0.797370337995338 0.05 0.05
0 0.5302829982517483 0.9512164918414919 0.05 0.05
0 0.3899857954545455 0.5036640442890443 0.05 0.05
0 0.40178649475524486 0.5211465617715618 0.05 0.05
0 0.4621011800699302 0.540377331002331 0.05 0.05
0 0.5171711101398602 0.540377331002331 0.05 0.05
0 0.5748634178321679 0.540377331002331 0.05 0.05
0 0.5997760052447554 0.5036640442890443 0.05 0.05
0 0.5407725087412588 0.46695075757575755 0.05 0.05
0 0.7912095716783218 0.34282488344988343 0.05 0.05
0 0.4450557255244755 0.21170600233100234 0.05 0.05
0 0.455545236013986 0.21520250582750577 0.05 0.05
0 0.3637620192307693 0.1085591491841491 0.05 0.05
0 0.31262565559440564 0.09282488344988345 0.05 0.05
0 0.34802775349650356 0.07184586247086244 0.05 0.05
0 0.35589488636363636 0.07009761072261066 0.05 0.05
