0 0.04030897073921973 0.5982353696098563 0.05 0.05
0 0.10909747176591375 0.5982353696098563 0.05 0.05
0 0.248727861909651 0.8405351642710474 0.05 0.05
0 0.47768063398357297 0.6132935489390829 0.05 0.05
0 0.5249085600616017 0.5818082648870637 0.05 0.05
0 0.5485225231006161 0.561274383983573 0.05 0.05
0 0.5012945970225873 0.5311580253251198 0.05 0.05
0 0.4458531185831623 0.5284201745379877 0.05 0.05
0 0.5485225231006161 0.4681874572210815 0.05 0.05
0 0.573163180184805 0.3655180527036277 0.05 0.05
0 0.8205964450718687 0.5653811601642711 0.05 0.05
0 0.937639566221766 0.5927596680355921 0.05 0.05
0 0.6943130775154005 0.2861203798767967 0.05 0.05
0 0.6676190323408625 0.34087739561943875 0.05 0.05
0 0.7230605107802875 0.3614112765229296 0.05 0.05
0 0.6871262191991787 0.24231476728268314 0.05 0.05
0 0.7364075333675566 0.1656549452429843 0.05 0.05
0 0.7661816606776182 0.13416966119096507 0.05 0.05
0 0.7589948023613964 0.12732503422313488 0.05 0.05
0 0.8082761165297743 0.2518972450376455 0.05 0.05
0 0.34421040811088305 0.21904303559206018 0.05 0.05
0 0.3452371021560575 0.19987808008213553 0.05 0.05
0 0.3914383341889118 0.21630518480492805 0.05 0.05
0 0.41607899127310066 0.21356733401779604 0.05 0.05
0 0.38425147587269004 0.16839279603011642 0.05 0.05
0 0.370904453285421 0.158810318275154 0.05 0.05
0 0.4407196483572896 0.21219840862422998 0.05 0.05
0 0.44995989476386045 0.19987808008213553 0.05 0.05
0 0.21792704055441484 0.21082948323066392 0.05 0.05
0 0.18712621919917866 0.1300628850102669 0.05 0.05
0 0.23743422741273107 0.13553858658453113 0.05 0.05
0 0.2795286832648871 0.13553858658453113 0.05 0.05
0 0.28055537731006164 0.10405330253251203 0.05 0.05
0 0.2928757058521561 0.09994652635181384 0.05 0.05
0 0.29698248203285427 0.2765379021218344 0.05 0.05
0 0.1850728311088296 0.05887876454483229 0.05 0.05
0 0.5495492171457906 0.1902956023271732 0.05 0.05
