0 0.3987833530494215 0.8143960304942168 0.05 0.05
0 0.4050925013144058 0.7625208114265687 0.05 0.05
0 0.32412509858044153 0.7653248773221172 0.05 0.05
0 0.23474549815983173 0.7190577900455662 0.05 0.05
0 0.40824707544689787 0.5424016386260079 0.05 0.05
0 0.3945772542060987 0.5087528478794253 0.05 0.05
0 0.5081419229758148 0.5325874079915881 0.05 0.05
0 0.5502029114090429 0.5227731773571681 0.05 0.05
0 0.5638727326498421 0.49753658429723124 0.05 0.05
0 0.5480998619873815 0.4638877935506487 0.05 0.05
0 0.6911072226603573 0.49753658429723124 0.05 0.05
0 0.7647139524185065 0.496134551349457 0.05 0.05
0 0.8235993362250259 0.5087528478794253 0.05 0.05
0 0.6217065917455308 0.6517602085524012 0.05 0.05
0 0.6027791469505781 0.609699220119173 0.05 0.05
0 0.7258075381177705 0.22273812653347386 0.05 0.05
0 0.8183417126708725 0.28723164213109037 0.05 0.05
0 0.8362176327549943 0.26620114791447624 0.05 0.05
0 0.6784889261303888 0.07832873291272383 0.05 0.05
0 0.45977178627760235 0.19750153347353697 0.05 0.05
0 0.3630315128811776 0.21853202769015106 0.05 0.05
0 0.32412509858044153 0.22133609358569958 0.05 0.05
0 0.3062491784963196 0.3334987294076413 0.05 0.05
0 0.24526074526813874 0.2732113126533477 0.05 0.05
0 0.22528177576235536 0.19609950052576272 0.05 0.05
0 0.2568275170872765 0.19609950052576272 0.05 0.05
0 0.27365191246056775 0.14843038030143738 0.05 0.05
0 0.3115068020504731 0.12459582018927477 0.05 0.05
0 0.354619315194532 0.11898768839817772 0.05 0.05
0 0.2810125854363827 0.08674093059936941 0.05 0.05
0 0.2526214182439537 0.10216329302488643 0.05 0.05
0 0.22317872634069397 0.06571043638275534 0.05 0.05
0 0.19478755914826493 0.10636939186820922 0.05 0.05
0 0.2852186842797055 0.06991653522607813 0.05 0.05
