0 0.025492080704521615 0.5732463634770419 0.05 0.05
0 0.1043564340168244 0.5634321328426221 0.05 0.05
0 0.16113876840168243 0.5928748247458818 0.05 0.05
0 0.5239147936382753 0.8830956449351561 0.05 0.05
0 0.35041321635120914 0.8115919645986682 0.05 0.05
0 0.617500492902208 0.8788895460918333 0.05 0.05
0 0.5102449723974762 0.5325874079915881 0.05 0.05
0 0.5502029114090429 0.5199691114616196 0.05 0.05
0 0.5659757820715035 0.49753658429723124 0.05 0.05
0 0.5459968125657201 0.4694959253417457 0.05 0.05
0 0.4040409766035751 0.5213711444093938 0.05 0.05
0 0.393525729495268 0.501742683140554 0.05 0.05
0 0.41455622371188217 0.4821142218717142 0.05 0.05
0 0.7258075381177705 0.6475541097090783 0.05 0.05
0 0.7394773593585697 0.4989386172450055 0.05 0.05
0 0.8425267810199788 0.5409996056782337 0.05 0.05
0 0.9476792521030489 0.5241752103049424 0.05 0.05
0 0.8214962868033645 0.6167093848580444 0.05 0.05
0 0.7573532794426916 0.274613345601122 0.05 0.05
0 0.7194983898527862 0.2816235103399933 0.05 0.05
0 0.7079316180336486 0.25358285138450776 0.05 0.05
0 0.6942617967928494 0.25077878548895927 0.05 0.05
0 0.6774374014195581 0.16104867683140586 0.05 0.05
0 0.6826950249737116 0.14702834735366313 0.05 0.05
0 0.6437886106729755 0.14422428145811458 0.05 0.05
0 0.7237044886961091 0.14983241324921165 0.05 0.05
0 0.37354675998948467 0.2844275762355418 0.05 0.05
0 0.3903711553627759 0.27180927970557345 0.05 0.05
0 0.4324321437960041 0.25077878548895927 0.05 0.05
0 0.44925653916929537 0.20731576410795682 0.05 0.05
0 0.3293827221345951 0.33490076235541555 0.05 0.05
0 0.2810125854363827 0.22834625832457103 0.05 0.05
0 0.23684854758149312 0.22974829127234528 0.05 0.05
0 0.2273848251840168 0.2087177970557311 0.05 0.05
0 0.2641881900630914 0.20591373116018255 0.05 0.05
0 0.26208514064143 0.13441005082369462 0.05 0.05
0 0.30204307965299676 0.1316059849281461 0.05 0.05
0 0.32412509858044153 0.15263647914476028 0.05 0.05
0 0.33148577155625647 0.09375109533824073 0.05 0.05
0 0.3640830375920083 0.08674093059936941 0.05 0.05
0 0.2915278325446897 0.09515312828601499 0.05 0.05
0 0.27049733832807565 0.09515312828601499 0.05 0.05
0 0.22948787460567818 0.07552466701717529 0.05 0.05
0 0.2031997568349106 0.037669777427269936 0.05 0.05
0 0.3283311974237644 0.037669777427269936 0.05 0.05
0 0.35251626577287054 0.039071810375044196 0.05 0.05
0 0.41140164957938996 0.11057549071153201 0.05 0.05
