0 0.020454954414587334 0.7140934900831735 0.05 0.05
0 0.09147222888675624 0.42746521113243763 0.05 0.05
0 0.22966800623800387 0.4300243921944978 0.05 0.05
0 0.23638585652591174 0.3660448656429942 0.05 0.05
0 0.2670960292706334 0.3506897792706333 0.05 0.05
0 0.2642169505758158 0.30590411068458084 0.05 0.05
0 0.222950155950096 0.2867102527191298 0.05 0.05
0 0.3112419025911709 0.3775611804222649 0.05 0.05
0 0.4148887356046066 0.48888555662188093 0.05 0.05
0 0.403372420825336 0.5093590051183622 0.05 0.05
0 0.413929042706334 0.5285528630838132 0.05 0.05
0 0.4388810580614204 0.5387895873320537 0.05 0.05
0 0.49742232485604615 0.5387895873320537 0.05 0.05
0 0.5492457413627639 0.5272732725527831 0.05 0.05
0 0.5588426703454895 0.49784269033909145 0.05 0.05
0 0.5444472768714013 0.4760896513115803 0.05 0.05
0 0.30452405230326296 0.760158749200256 0.05 0.05
0 0.24118432101727452 0.1907409628918746 0.05 0.05
0 0.2565394073896353 0.17538587651951368 0.05 0.05
0 0.29588681621881 0.1907409628918746 0.05 0.05
0 0.2882092730326296 0.12036348368522075 0.05 0.05
0 0.2862898872360845 0.10372880678182976 0.05 0.05
0 0.23830524232245684 0.11140634996801022 0.05 0.05
0 0.18552213291746647 0.13955734165067177 0.05 0.05
0 0.21911138435700578 0.06406150031989763 0.05 0.05
0 0.24118432101727452 0.057663547664747246 0.05 0.05
0 0.3112419025911709 0.09605126359564929 0.05 0.05
0 0.34003268953934745 0.09605126359564929 0.05 0.05
0 0.3525086972168906 0.08965331094049904 0.05 0.05
0 0.3448311540307102 0.16003079014715288 0.05 0.05
0 0.36306531909788875 0.1523532469609724 0.05 0.05
0 0.4436795225527832 0.2060960492642354 0.05 0.05
0 0.4120096569097889 0.17538587651951368 0.05 0.05
0 0.32179852447216895 0.03591050863723607 0.05 0.05
0 0.18936090451055665 0.04358805182341641 0.05 0.05
