0 0.41876232255520496 0.4765060900806172 0.05 0.05
0 0.393525729495268 0.5045467490361025 0.05 0.05
0 0.40929860015772856 0.5143609796705225 0.05 0.05
0 0.514451071240799 0.5255772432527166 0.05 0.05
0 0.5502029114090429 0.5143609796705225 0.05 0.05
0 0.5554605349631965 0.496134551349457 0.05 0.05
0 0.5502029114090429 0.4779081230283914 0.05 0.05
0 0.49131752760252356 0.6335337802313357 0.05 0.05
0 0.48711142875920066 0.6741927357167896 0.05 0.05
0 0.684798074395373 0.409208508587452 0.05 0.05
0 0.731065161671924 0.35172515772870694 0.05 0.05
0 0.7573532794426916 0.36294142131090107 0.05 0.05
0 0.7878474960567821 0.3615393883631268 0.05 0.05
0 0.8183417126708725 0.9153424027339644 0.05 0.05
0 0.8761755717665611 0.8073858657553453 0.05 0.05
0 0.08227441508937963 0.48912438661058555 0.05 0.05
0 0.02864665483701371 0.46528982649842293 0.05 0.05
0 0.3535677904837013 0.22694422537679665 0.05 0.05
0 0.41560774842271286 0.24236658780231365 0.05 0.05
0 0.45346263801261816 0.2704072467577992 0.05 0.05
0 0.45556568743427955 0.20170763231685976 0.05 0.05
0 0.24315769584647734 0.1119775236593064 0.05 0.05
0 0.279961060725552 0.09655516123378938 0.05 0.05
0 0.28732173370136693 0.08674093059936941 0.05 0.05
0 0.2852186842797055 0.06851450227830386 0.05 0.05
0 0.21161195452155623 0.0713185681738525 0.05 0.05
