0 0.2732442521141649 0.0930078400281887 0.05 0.05
0 0.28592924154334043 0.09300784002818858 0.05 0.05
0 0.295442983615222 0.09089367512332605 0.05 0.05
0 0.33666919926004224 0.08877951021846352 0.05 0.05
0 0.35569668340380556 0.08877951021846352 0.05 0.05
0 0.32398420983086684 0.17334610641296672 0.05 0.05
0 0.35728230708245245 0.18814526074700477 0.05 0.05
0 0.37155292019027486 0.1860310958421421 0.05 0.05
0 0.36045355443974636 0.19871608527131765 0.05 0.05
0 0.36996729651162796 0.20505857998590535 0.05 0.05
0 0.46034784619450325 0.19448775546159247 0.05 0.05
0 0.2811723705073996 0.2536843727977447 0.05 0.05
0 0.30178547832980973 0.27482602184637045 0.05 0.05
0 0.19237744450317124 0.11203532417195182 0.05 0.05
0 0.2256755417547569 0.11414948907681446 0.05 0.05
0 0.08614065803382662 0.43973088442565167 0.05 0.05
0 0.15907934725158562 0.4503017089499645 0.05 0.05
0 0.046500066067653244 0.5708091085271316 0.05 0.05
0 0.10833938953488369 0.5602382840028188 0.05 0.05
0 0.13053812103594079 0.623663231148696 0.05 0.05
0 0.16066497093023255 0.6596040345313601 0.05 0.05
0 0.2082336812896406 0.7357139711064129 0.05 0.05
0 0.2669017573995772 0.7526272903453134 0.05 0.05
0 0.5491427721987316 0.46721502818886523 0.05 0.05
0 0.8155275502114167 0.42916005990133876 0.05 0.05
0 0.8979799815010573 0.42281756518675107 0.05 0.05
0 0.7441744846723045 0.23465688865398146 0.05 0.05
0 0.6934345269556026 0.2579127026074699 0.05 0.05
0 0.5903689878435519 0.09723616983791387 0.05 0.05
0 0.6331808271670191 0.09512200493305123 0.05 0.05
