0 0.31427331349206356 0.09231150793650791 0.05 0.05
0 0.3837177579365078 0.08966600529100527 0.05 0.05
0 0.4531622023809523 0.1981316137566137 0.05 0.05
0 0.3559399801587301 0.18754960317460317 0.05 0.05
0 0.34998759920634914 0.2457506613756614 0.05 0.05
0 0.3162574404761904 0.26426917989417986 0.05 0.05
0 0.27459077380952374 0.25897817460317457 0.05 0.05
0 0.21109871031746028 0.24310515873015864 0.05 0.05
0 0.2011780753968253 0.33569775132275126 0.05 0.05
0 0.2924479166666666 0.33305224867724864 0.05 0.05
0 0.018638392857142815 0.621412037037037 0.05 0.05
0 0.22101934523809516 0.658449074074074 0.05 0.05
0 0.2845114087301587 0.8039517195767195 0.05 0.05
0 0.34205109126984123 0.7695601851851851 0.05 0.05
0 0.36387648809523804 0.8065972222222222 0.05 0.05
0 0.37974950396825385 0.7880787037037036 0.05 0.05
0 0.41943204365079356 0.740459656084656 0.05 0.05
0 0.4610987103174602 0.7483961640211639 0.05 0.05
0 0.39959077380952374 0.49442791005291004 0.05 0.05
0 0.3916542658730158 0.5314649470899471 0.05 0.05
0 0.5107018849206348 0.5367559523809523 0.05 0.05
0 0.5563368055555554 0.5288194444444444 0.05 0.05
0 0.5821304563492062 0.5103009259259258 0.05 0.05
0 0.5424479166666665 0.4706183862433862 0.05 0.05
0 0.5464161706349204 0.21665013227513227 0.05 0.05
0 0.5622891865079364 0.1346395502645502 0.05 0.05
0 0.8420510912698409 0.18225859788359788 0.05 0.05
0 0.8480034722222219 0.3647982804232804 0.05 0.05
0 0.7984002976190474 0.367443783068783 0.05 0.05
0 0.7666542658730158 0.4706183862433862 0.05 0.05
0 0.7031622023809523 0.457390873015873 0.05 0.05
