0 0.23173592695274828 0.20274529893924792 0.05 0.05
0 0.27802329435872714 0.22074594181935073 0.05 0.05
0 0.19798472155255545 0.10631328351012546 0.05 0.05
0 0.15941191538090643 0.5048989472838316 0.05 0.05
0 0.17387671769527485 0.43675365638058505 0.05 0.05
0 0.38699147179363547 0.5023274268723884 0.05 0.05
0 0.4110994756509161 0.5370429524268725 0.05 0.05
0 0.44774364151398266 0.5871876004500162 0.05 0.05
0 0.4487079616682738 0.6386180086788814 0.05 0.05
0 0.5084958112343297 0.5370429524268725 0.05 0.05
0 0.5422470166345226 0.46889766152362594 0.05 0.05
0 0.599141905737705 0.6617616923818709 0.05 0.05
0 0.5837127832690453 0.8263389987142399 0.05 0.05
0 0.37059802917068463 0.7916234731597558 0.05 0.05
0 0.3040599385245901 0.783908911925426 0.05 0.05
0 0.3021312982160077 0.7633367486338798 0.05 0.05
0 0.7341467273384763 0.3403216409514626 0.05 0.05
0 0.7746481738187079 0.3326070797171328 0.05 0.05
0 0.792970256750241 0.3287497990999679 0.05 0.05
0 0.5962489452748312 0.18474465605914503 0.05 0.05
0 0.5914273445033751 0.17060129379620706 0.05 0.05
0 0.612642387897782 0.17188705400192864 0.05 0.05
0 0.6955739211668274 0.2747478704596593 0.05 0.05
0 0.6946096010125362 0.20274529893924792 0.05 0.05
0 0.7553617707328832 0.2567472275795564 0.05 0.05
0 0.7505401699614271 0.19760225811636142 0.05 0.05
0 0.4053135547251688 0.2323177836708454 0.05 0.05
0 0.4467793213596914 0.20788833976213444 0.05 0.05
0 0.3407041043876567 0.09602720186435233 0.05 0.05
0 0.3069528989874638 0.09216992124718738 0.05 0.05
0 0.34745434546769527 0.03945375281260048 0.05 0.05
0 0.3628834679363549 0.03816799260687891 0.05 0.05
