0 0.4139924361137898 0.24131810511089688 0.05 0.05
0 0.3493829857762777 0.19374497749919636 0.05 0.05
0 0.2404148083413693 0.17703009482481516 0.05 0.05
0 0.24909368972999033 0.16545825297332056 0.05 0.05
0 0.21727112463837991 0.17960161523625853 0.05 0.05
0 0.19027016031822563 0.19374497749919636 0.05 0.05
0 0.07744470226615237 0.5113277483124398 0.05 0.05
0 0.0398362162487946 0.5563293555126969 0.05 0.05
0 0.006085010848601735 0.528042630986821 0.05 0.05
0 0.016692532545805206 0.6386180086788814 0.05 0.05
0 0.24234344864995175 0.7620509884281581 0.05 0.05
0 0.3088815392960463 0.7813373915139827 0.05 0.05
0 0.37156234932497584 0.7929092333654775 0.05 0.05
0 0.45160092213114755 0.6463325699132112 0.05 0.05
0 0.4033849144165863 0.528042630986821 0.05 0.05
0 0.39759899349083894 0.4997559064609451 0.05 0.05
0 0.5027098903085825 0.5396144728383158 0.05 0.05
0 0.5923916646576664 0.5087562279009965 0.05 0.05
0 0.5461042972516875 0.46889766152362594 0.05 0.05
0 0.7524688102700097 0.7119063404050145 0.05 0.05
0 0.8508294660077146 0.4354678961748635 0.05 0.05
0 0.9356896395853423 0.4290390951462553 0.05 0.05
0 0.8421505846190935 0.18603041626486672 0.05 0.05
0 0.8247928218418515 0.174458574413372 0.05 0.05
0 0.6309644708293154 0.16031521215043393 0.05 0.05
0 0.5981775855834137 0.1500291305046609 0.05 0.05
0 0.30598857883317265 0.09216992124718738 0.05 0.05
0 0.28959513621022176 0.09088416104146582 0.05 0.05
0 0.3426327446962391 0.09859872227579558 0.05 0.05
0 0.4506366019768563 0.21303138058502094 0.05 0.05
0 0.25102233003857277 0.1088848039215686 0.05 0.05
0 0.2548796106557377 0.07802655898424954 0.05 0.05
0 0.2365575277242044 0.08059807939569268 0.05 0.05
0 0.22209272540983607 0.08059807939569268 0.05 0.05
0 0.22305704556412734 0.10245600289296052 0.05 0.05
0 0.20087768201542913 0.08831264063002256 0.05 0.05
0 0.1883415200096432 0.07931231918997111 0.05 0.05
0 0.39952763379942136 0.22846050305368049 0.05 0.05
