0 0.22016408510125363 0.198888018322083 0.05 0.05
0 0.2568082509643202 0.198888018322083 0.05 0.05
0 0.21534248432979747 0.32489251848280293 0.05 0.05
0 0.2018420021697203 0.41232421247187406 0.05 0.05
0 0.30309561837029897 0.2503184265509483 0.05 0.05
0 0.3329895431533269 0.27217635004821605 0.05 0.05
0 0.3021312982160077 0.18088737544198008 0.05 0.05
0 0.2722373734329797 0.17060129379620706 0.05 0.05
0 0.2404148083413693 0.08445536001285762 0.05 0.05
0 0.20569928278688526 0.0741692783670846 0.05 0.05
0 0.28573785559305687 0.09345568145290907 0.05 0.05
0 0.3069528989874638 0.09988448248151727 0.05 0.05
0 0.346490025313404 0.09859872227579558 0.05 0.05
0 0.35420458654773385 0.17574433461909358 0.05 0.05
0 0.3889201121022179 0.16545825297332056 0.05 0.05
0 0.4332788391996142 0.23874658469945362 0.05 0.05
0 0.4467793213596914 0.22203170202507228 0.05 0.05
0 0.42170699734811956 0.3763229267116683 0.05 0.05
0 0.4139924361137898 0.3596080440372871 0.05 0.05
0 0.39374171287367404 0.5061847074895532 0.05 0.05
0 0.4110994756509161 0.5331856718097076 0.05 0.05
0 0.4409934004339441 0.5576151157184185 0.05 0.05
0 0.6242142297492768 0.5884733606557379 0.05 0.05
0 0.5981775855834137 0.5126135085181613 0.05 0.05
0 0.54803293756027 0.4714691819350692 0.05 0.05
0 0.5017455701542912 0.5357571922211508 0.05 0.05
0 0.4043492345708775 0.7594794680167148 0.05 0.05
0 0.3387754640790742 0.7929092333654775 0.05 0.05
0 0.2847735354387657 0.7671940292510447 0.05 0.05
0 0.34745434546769527 0.9317713355834137 0.05 0.05
0 0.7081100831726133 0.6270461668273868 0.05 0.05
0 0.78429137536162 0.639903768884603 0.05 0.05
0 0.8373289838476374 0.6334749678559949 0.05 0.05
0 0.852758106316297 0.5833303198328512 0.05 0.05
0 0.9366539597396335 0.5601866361298619 0.05 0.05
0 0.4168853965766634 0.4663261411121827 0.05 0.05
