0 0.3103050595238095 0.07908399470899473 0.05 0.05
0 0.44919394841269833 0.203422619047619 0.05 0.05
0 0.3261780753968253 0.20871362433862425 0.05 0.05
0 0.2984002976190475 0.21400462962962952 0.05 0.05
0 0.23093998015873005 0.1610945767195767 0.05 0.05
0 0.19324156746031737 0.1637400793650793 0.05 0.05
0 0.19919394841269836 0.22723214285714283 0.05 0.05
0 0.3916542658730158 0.4600363756613755 0.05 0.05
0 0.3916542658730158 0.5155919312169311 0.05 0.05
0 0.4095114087301586 0.5341104497354496 0.05 0.05
0 0.4333209325396824 0.7325231481481481 0.05 0.05
0 0.40554315476190467 0.7536871693121692 0.05 0.05
0 0.37181299603174595 0.7880787037037036 0.05 0.05
0 0.34998759920634914 0.8198247354497353 0.05 0.05
0 0.30435267857142845 0.7986607142857143 0.05 0.05
0 0.28649553571428565 0.7431051587301586 0.05 0.05
0 0.5702256944444443 0.5208829365079364 0.05 0.05
0 0.5900669642857141 0.49707341269841265 0.05 0.05
0 0.5583209325396824 0.47590939153439143 0.05 0.05
0 0.5682415674603173 0.2801421957671958 0.05 0.05
0 0.5583209325396824 0.22458664021164007 0.05 0.05
0 0.732924107142857 0.1981316137566137 0.05 0.05
0 0.7626860119047618 0.3092427248677248 0.05 0.05
0 0.7130828373015871 0.31453373015873015 0.05 0.05
0 0.7091145833333331 0.4679728835978835 0.05 0.05
0 0.7686383928571426 0.5129464285714285 0.05 0.05
