0 0.19496363993710691 0.11424921383647788 0.05 0.05
0 0.22798250786163526 0.11424921383647775 0.05 0.05
0 0.22798250786163526 0.15408149895178175 0.05 0.05
0 0.2704353380503145 0.08699554507337494 0.05 0.05
0 0.28301395440251575 0.09118841719077532 0.05 0.05
0 0.3569133254716982 0.03458464360586966 0.05 0.05
0 0.3694919418238995 0.20439596436058666 0.05 0.05
0 0.2232655267295598 0.22116745283018843 0.05 0.05
0 0.23269948899371076 0.3846894654088048 0.05 0.05
0 0.2704353380503145 0.38259302935010453 0.05 0.05
0 0.29244791666666675 0.38259302935010453 0.05 0.05
0 0.31131584119496863 0.35533936058700183 0.05 0.05
0 0.38521521226415106 0.4475825471698111 0.05 0.05
0 0.2940202437106919 0.4580647274633121 0.05 0.05
0 0.18395735062893087 0.4706433438155134 0.05 0.05
0 0.15722779088050318 0.43290749475890966 0.05 0.05
0 0.10376867138364783 0.4391968029350102 0.05 0.05
0 0.11477496069182394 0.4790290880503142 0.05 0.05
0 0.06446049528301888 0.5314399895178195 0.05 0.05
0 0.007856721698113212 0.5398257337526203 0.05 0.05
0 0.037730935534591205 0.5586936582809222 0.05 0.05
0 0.17609571540880506 0.5943330712788257 0.05 0.05
0 0.2201208726415095 0.6488404088050312 0.05 0.05
0 0.5015674135220127 0.6698047693920334 0.05 0.05
0 0.6462215015723272 0.5335364255765197 0.05 0.05
0 0.7232655267295599 0.4727397798742137 0.05 0.05
0 0.8207498034591196 0.5838508909853247 0.05 0.05
0 0.7499950864779876 0.3763037211740039 0.05 0.05
0 0.7908755896226417 0.3595322327044023 0.05 0.05
0 0.8883598663522015 0.277771226415094 0.05 0.05
0 0.8773535770440253 0.2819640985324945 0.05 0.05
0 0.7547120676100632 0.20439596436058666 0.05 0.05
0 0.8034542059748431 0.19181734800838537 0.05 0.05
0 0.6839573506289309 0.17294942348008355 0.05 0.05
0 0.6053409984276731 0.09328485324947558 0.05 0.05
0 0.6336428852201259 0.05974187631027223 0.05 0.05
0 0.6289259040880505 0.14988862683438123 0.05 0.05
0 0.5503095518867925 0.46435403563941274 0.05 0.05
0 0.3842379096194503 0.20505857998590535 0.05 0.05
0 0.3810666622621565 0.09300784002818858 0.05 0.05
