0 0.22567554175475685 0.06975202607470041 0.05 0.05
0 0.27007300475687107 0.08032285059901317 0.05 0.05
0 0.2827579941860465 0.09300784002818858 0.05 0.05
0 0.2938573599365751 0.09300784002818858 0.05 0.05
0 0.34142607029598315 0.09089367512332605 0.05 0.05
0 0.36045355443974636 0.08666534531360087 0.05 0.05
0 0.19554869186046514 0.12894864341085252 0.05 0.05
0 0.1812780787526427 0.30865266032417177 0.05 0.05
0 0.23201803646934457 0.3001960007047214 0.05 0.05
0 0.3097135967230444 0.33190847427766007 0.05 0.05
0 0.35252543604651165 0.3424792988019731 0.05 0.05
0 0.6569651823467232 0.312880990133897 0.05 0.05
0 0.6981913979915435 0.29596767089499637 0.05 0.05
0 0.5475571485200846 0.47144335799859044 0.05 0.05
0 0.6934345269556026 0.6426907152924594 0.05 0.05
0 0.828212539640592 0.6405765503875968 0.05 0.05
0 0.8186987975687104 0.7441706307258632 0.05 0.05
0 0.7774725819238902 0.7420564658210006 0.05 0.05
0 0.2795867468287526 0.7483989605355884 0.05 0.05
0 0.20347681025369982 0.739942300916138 0.05 0.05
0 0.1622505946088795 0.6278915609584212 0.05 0.05
0 0.076626915961945 0.6130924066243832 0.05 0.05
