0 0.21903521825396827 0.07379298941798934 0.05 0.05
0 0.3083209325396824 0.09231150793650791 0.05 0.05
0 0.365860615079365 0.09231150793650791 0.05 0.05
0 0.30435267857142845 0.17961309523809513 0.05 0.05
0 0.25673363095238094 0.2060681216931216 0.05 0.05
0 0.22498759920634911 0.1637400793650793 0.05 0.05
0 0.19324156746031737 0.1690310846560846 0.05 0.05
0 0.19324156746031737 0.3092427248677248 0.05 0.05
0 0.2765749007936507 0.2854332010582011 0.05 0.05
0 0.2904637896825396 0.22987764550264547 0.05 0.05
0 0.4015749007936507 0.22194113756613756 0.05 0.05
0 0.4234002976190475 0.21665013227513227 0.05 0.05
0 0.4511780753968253 0.2113591269841269 0.05 0.05
0 0.5404637896825395 0.21400462962962952 0.05 0.05
0 0.41546378968253955 0.34892526455026457 0.05 0.05
0 0.5107018849206348 0.5367559523809523 0.05 0.05
0 0.5424479166666665 0.4706183862433862 0.05 0.05
0 0.5821304563492062 0.49442791005291004 0.05 0.05
0 0.5642733134920633 0.5314649470899471 0.05 0.05
0 0.39959077380952374 0.5103009259259258 0.05 0.05
0 0.39959077380952374 0.5314649470899471 0.05 0.05
0 0.4174479166666666 0.740459656084656 0.05 0.05
0 0.4035590277777777 0.7854332010582009 0.05 0.05
0 0.3757812499999999 0.7907242063492063 0.05 0.05
0 0.35990823412698403 0.7933697089947089 0.05 0.05
0 0.33014632936507926 0.7669146825396825 0.05 0.05
0 0.3182415674603174 0.7986607142857143 0.05 0.05
0 0.3956225198412698 0.8621527777777778 0.05 0.05
0 0.38173363095238083 0.9097718253968253 0.05 0.05
0 0.8539558531746028 0.7907242063492063 0.05 0.05
0 0.9234002976190473 0.8145337301587301 0.05 0.05
