0 0.13916119214079076 0.5434717534554806 0.05 0.05
0 0.19123448047251684 0.5486147942783671 0.05 0.05
0 0.24909368972999033 0.69261993731919 0.05 0.05
0 0.763076331967213 0.6476183301189329 0.05 0.05
0 0.50078125 0.531899911603986 0.05 0.05
0 0.5441756569431051 0.46889766152362594 0.05 0.05
0 0.39759899349083894 0.5023274268723884 0.05 0.05
0 0.41592107642237225 0.4701834217293475 0.05 0.05
0 0.4101351554966248 0.5306141513982643 0.05 0.05
0 0.3792769105593057 0.4071811716489876 0.05 0.05
0 0.38216987102217936 0.3158921970427516 0.05 0.05
0 0.329132262536162 0.3261782786885246 0.05 0.05
0 0.30309561837029897 0.38789476856316296 0.05 0.05
0 0.2076279230954677 0.40203813082610107 0.05 0.05
0 0.18351991923818708 0.3171779572484732 0.05 0.05
0 0.19027016031822563 0.16674401317904214 0.05 0.05
0 0.21534248432979747 0.1577436917389908 0.05 0.05
0 0.22980728664416583 0.14360032947605272 0.05 0.05
0 0.22209272540983607 0.18474465605914503 0.05 0.05
0 0.32623930207328833 0.17574433461909358 0.05 0.05
0 0.3570975470106075 0.17060129379620706 0.05 0.05
0 0.3445613850048216 0.09731296207007402 0.05 0.05
0 0.30598857883317265 0.09216992124718738 0.05 0.05
0 0.28380921528447445 0.09345568145290907 0.05 0.05
0 0.2365575277242044 0.058740155898424955 0.05 0.05
0 0.2018420021697203 0.0561686354869817 0.05 0.05
0 0.4487079616682738 0.2104598601735777 0.05 0.05
0 0.6473579134522661 0.33003555930568945 0.05 0.05
0 0.6868950397782063 0.3416074011571842 0.05 0.05
0 0.7466828893442623 0.3570365236258438 0.05 0.05
0 0.8199712210703953 0.3454646817743491 0.05 0.05
0 0.8730088295564127 0.3416074011571842 0.05 0.05
0 0.8190069009161041 0.2400323449051752 0.05 0.05
0 0.7833270552073289 0.23617506428801036 0.05 0.05
0 0.6917166405496624 0.24646114593378338 0.05 0.05
