0 0.20228398224043706 0.09120560109289641 0.05 0.05
0 0.3184042008196722 0.09120560109289617 0.05 0.05
0 0.4290599385245903 0.2004952185792349 0.05 0.05
0 0.4427211407103826 0.2041382058287796 0.05 0.05
0 0.45501622267759567 0.20960268670309645 0.05 0.05
0 0.37851349043715854 0.2241746357012751 0.05 0.05
0 0.3662184084699454 0.26971197632058286 0.05 0.05
0 0.33206540300546455 0.2733549635701275 0.05 0.05
0 0.3334315232240438 0.22599612932604743 0.05 0.05
0 0.27605447404371586 0.21688866120218578 0.05 0.05
0 0.2132129439890711 0.2314606102003643 0.05 0.05
0 0.24053534836065577 0.25149704007285983 0.05 0.05
0 0.288349556010929 0.2551400273224044 0.05 0.05
0 0.2910817964480875 0.3097848360655738 0.05 0.05
0 0.33752988387978144 0.31524931693989067 0.05 0.05
0 0.1790599385245902 0.36989412568306007 0.05 0.05
0 0.2719561133879782 0.56661543715847 0.05 0.05
0 0.39080857240437167 0.4992201730418943 0.05 0.05
0 0.40993425546448103 0.5338285519125684 0.05 0.05
0 0.28425119535519133 0.7560507741347905 0.05 0.05
0 0.3416282445355192 0.7724442167577413 0.05 0.05
0 0.4153987363387978 0.746943306010929 0.05 0.05
0 0.4645790642076504 0.6995844717668489 0.05 0.05
0 0.46321294398907115 0.8052311020036431 0.05 0.05
0 0.5492785177595628 0.5247210837887067 0.05 0.05
0 0.5806992827868853 0.4992201730418943 0.05 0.05
0 0.543814036885246 0.46096880692167574 0.05 0.05
0 0.5984588456284154 0.5429360200364299 0.05 0.05
0 0.6995517418032786 0.3899305555555555 0.05 0.05
0 0.6572020150273226 0.4992201730418943 0.05 0.05
0 0.6722293374316941 0.18774476320582872 0.05 0.05
0 0.6968195013661204 0.171351320582878 0.05 0.05
0 0.5602074795081968 0.05113274134790527 0.05 0.05
0 0.770589993169399 0.19685223132969037 0.05 0.05
0 0.8170380806010928 0.2861054189435336 0.05 0.05
0 0.7323386270491804 0.3061418488160291 0.05 0.05
0 0.9604807035519126 0.5921163479052823 0.05 0.05
0 0.9126664959016393 0.6467611566484518 0.05 0.05
0 0.9837047472677597 0.741478825136612 0.05 0.05
0 0.8716828893442624 0.7105134335154827 0.05 0.05
0 0.8115735997267761 0.7232638888888889 0.05 0.05
0 0.7145790642076504 0.6995844717668489 0.05 0.05
0 0.631245730874317 0.7068704462659381 0.05 0.05
0 0.6271473702185792 0.7578722677595628 0.05 0.05
0 0.7296063866120219 0.7615152550091076 0.05 0.05
0 0.7337047472677597 0.9363786429872495 0.05 0.05
