0 0.04336800078864358 0.4582796617595516 0.05 0.05
0 0.08017136566771821 0.5339894409393623 0.05 0.05
0 0.14746894716088327 0.5452057045215565 0.05 0.05
0 0.45135958859095676 0.7723350420609887 0.05 0.05
0 0.4040409766035751 0.5367935068349109 0.05 0.05
0 0.3945772542060987 0.5031447160883283 0.05 0.05
0 0.41140164957938996 0.4821142218717142 0.05 0.05
0 0.5091934476866455 0.5409996056782337 0.05 0.05
0 0.5502029114090429 0.5269792762004909 0.05 0.05
0 0.5638727326498421 0.5087528478794253 0.05 0.05
0 0.5449452878548894 0.4722999912372944 0.05 0.05
0 0.8130840891167189 0.8045817998597968 0.05 0.05
0 0.85935117639327 0.7456964160532774 0.05 0.05
0 0.8393722068874865 0.6924191640378551 0.05 0.05
0 0.8951030165615137 0.6798008675078866 0.05 0.05
0 0.9613490733438482 0.8242102611286366 0.05 0.05
0 0.9876371911146158 0.7807472397476343 0.05 0.05
0 0.7710231006834907 0.4176207062740977 0.05 0.05
0 0.8267539103575181 0.4218268051174205 0.05 0.05
0 0.702673994479495 0.30405603750438165 0.05 0.05
0 0.7016224697686643 0.2788194444444448 0.05 0.05
0 0.7321166863827547 0.2704072467577992 0.05 0.05
0 0.7762807242376444 0.22974829127234528 0.05 0.05
0 0.674282827287066 0.19890356642131124 0.05 0.05
0 0.6395825118296528 0.19189340168243993 0.05 0.05
0 0.5859547515772869 0.14843038030143738 0.05 0.05
0 0.3588254140378548 0.264799114966702 0.05 0.05
0 0.3966803036277601 0.17787307220469703 0.05 0.05
0 0.21792110278654042 0.23395439011566807 0.05 0.05
0 0.18742688617245004 0.1400181826147918 0.05 0.05
0 0.205302806256572 0.14282224851034034 0.05 0.05
0 0.21476652865404833 0.0909470294426922 0.05 0.05
0 0.18637536146161932 0.08533889765159515 0.05 0.05
0 0.23053939931650888 0.08393686470382088 0.05 0.05
0 0.26208514064143 0.09515312828601499 0.05 0.05
0 0.27470343717139845 0.09515312828601499 0.05 0.05
0 0.2852186842797055 0.08814296354714367 0.05 0.05
0 0.3115068020504731 0.09795719418156364 0.05 0.05
0 0.3556708399053627 0.0909470294426922 0.05 0.05
0 0.36513456230283897 0.08253483175604662 0.05 0.05
0 0.29994003023133536 0.09375109533824073 0.05 0.05
