0 0.28628988723608445 0.12292266474728102 0.05 0.05
0 0.2709348008637237 0.16003079014715288 0.05 0.05
0 0.20471599088291753 0.13187979846449133 0.05 0.05
0 0.30740313099808064 0.1689879238643634 0.05 0.05
0 0.2987658949136277 0.09477167306461923 0.05 0.05
0 0.3553877759117083 0.09349208253358915 0.05 0.05
0 0.36498470489443385 0.13571857005758153 0.05 0.05
0 0.33715361084452977 0.10244921625079968 0.05 0.05
0 0.3755413267754319 0.27519393793985925 0.05 0.05
0 0.34099238243762003 0.2841510716570697 0.05 0.05
0 0.44751829414587335 0.20993482085732562 0.05 0.05
0 0.6509731885796546 0.15107365642994233 0.05 0.05
0 0.722950155950096 0.14211652271273192 0.05 0.05
0 0.5665202135316699 0.4927243282149712 0.05 0.05
0 0.5434875839731287 0.5119181861804223 0.05 0.05
0 0.5290921904990403 0.47225087971849006 0.05 0.05
0 0.47918815978886764 0.5362304062699936 0.05 0.05
0 0.403372420825336 0.5285528630838132 0.05 0.05
0 0.39953364923224577 0.5029610524632118 0.05 0.05
0 0.4120096569097889 0.4799284229046705 0.05 0.05
0 0.28724958013435703 0.7588791586692258 0.05 0.05
0 0.1557716530710173 0.3519693698016634 0.05 0.05
