0 0.26690175739957717 0.20505857998590546 0.05 0.05
0 0.295442983615222 0.20294441508104283 0.05 0.05
0 0.3097135967230444 0.20294441508104283 0.05 0.05
0 0.36203917811839326 0.20083025017618017 0.05 0.05
0 0.43973473837209304 0.207172744890768 0.05 0.05
0 0.42229287790697684 0.19871608527131765 0.05 0.05
0 0.45559097515856245 0.1923735905567298 0.05 0.05
0 0.33984044661733626 0.09089367512332605 0.05 0.05
0 0.36203917811839326 0.09089367512332605 0.05 0.05
0 0.2906861125792812 0.09512200493305123 0.05 0.05
0 0.2811723705073996 0.09300784002818858 0.05 0.05
0 0.2684873810782241 0.09300784002818858 0.05 0.05
0 0.610982095665962 0.247341878083157 0.05 0.05
0 0.6902632795983088 0.22197189922480595 0.05 0.05
0 0.733075118921776 0.22831439393939376 0.05 0.05
0 0.8186987975687104 0.21774356941508088 0.05 0.05
0 0.5507283958773785 0.4629866983791401 0.05 0.05
0 0.15115122885835094 0.33190847427766007 0.05 0.05
0 0.18762057346723043 0.3720776074700492 0.05 0.05
0 0.23836053118393236 0.4925850070472162 0.05 0.05
0 0.2098193049682875 0.6342340556730091 0.05 0.05
0 0.19237744450317124 0.7526272903453134 0.05 0.05
0 0.2891004889006343 0.7505131254404509 0.05 0.05
0 0.9344493261099368 0.5665807787174065 0.05 0.05
