0 0.18286370243128963 0.07398035588442546 0.05 0.05
0 0.2066480576109936 0.076094520789288 0.05 0.05
0 0.21299055232558137 0.06763786116983776 0.05 0.05
0 0.2256755417547569 0.08032285059901317 0.05 0.05
0 0.27641549947145877 0.09512200493305123 0.05 0.05
0 0.28592924154334043 0.09512200493305123 0.05 0.05
0 0.33508357558139534 0.08877951021846352 0.05 0.05
0 0.34301169397463005 0.07820868569415064 0.05 0.05
0 0.35569668340380556 0.13740530303030288 0.05 0.05
0 0.465104717230444 0.1923735905567298 0.05 0.05
0 0.42387850158562373 0.13740530303030288 0.05 0.05
0 0.19554869186046514 0.1839169309372796 0.05 0.05
0 0.23360366014799155 0.1839169309372796 0.05 0.05
0 0.24153177854122623 0.3234518146582098 0.05 0.05
0 0.5523140195560254 0.4799000176180408 0.05 0.05
0 0.37472416754756877 0.7822255990133896 0.05 0.05
0 0.6950201506342496 0.5665807787174065 0.05 0.05
0 0.8377262817124738 0.568694943622269 0.05 0.05
0 0.636352074524313 0.29808183579985886 0.05 0.05
0 0.6728214191331925 0.27905435165609566 0.05 0.05
0 0.5697558800211417 0.207172744890768 0.05 0.05
0 0.6490370639534885 0.18180276603241693 0.05 0.05
0 0.6902632795983088 0.18180276603241693 0.05 0.05
0 0.7283182478858352 0.13106280831571507 0.05 0.05
0 0.8408975290697676 0.17546027131782924 0.05 0.05
