0 0.29783698080967397 0.7989736680686997 0.05 0.05
0 0.37670133412197676 0.8312204258675081 0.05 0.05
0 0.41981384726603566 0.7975716351209255 0.05 0.05
0 0.439792816771819 0.6798008675078866 0.05 0.05
0 0.19689060856992638 0.6629764721345953 0.05 0.05
0 0.18742688617245004 0.3096641692954788 0.05 0.05
0 0.2042512815457413 0.3208804328776729 0.05 0.05
0 0.2631366653522607 0.3545292236242555 0.05 0.05
0 0.2831156348580441 0.26199504907115345 0.05 0.05
0 0.23159092402733958 0.17647103925692278 0.05 0.05
0 0.22528177576235536 0.09935922712933791 0.05 0.05
0 0.23474549815983173 0.135812083771469 0.05 0.05
0 0.27049733832807565 0.09515312828601499 0.05 0.05
0 0.2862702089905362 0.08814296354714367 0.05 0.05
0 0.3104552773396424 0.09795719418156364 0.05 0.05
0 0.32412509858044153 0.09795719418156364 0.05 0.05
0 0.36618608701366967 0.08814296354714367 0.05 0.05
0 0.40614402602523647 0.5227731773571681 0.05 0.05
0 0.3956287789169294 0.5031447160883283 0.05 0.05
0 0.41876232255520496 0.4793101559761657 0.05 0.05
0 0.5081419229758148 0.5353914738871366 0.05 0.05
0 0.5491513866982122 0.517165045566071 0.05 0.05
0 0.5638727326498421 0.49333048545390845 0.05 0.05
0 0.5365330901682437 0.4680938923939715 0.05 0.05
0 0.748941081756046 0.5325874079915881 0.05 0.05
0 0.7804868230809672 0.4989386172450055 0.05 0.05
0 0.8204447620925339 0.15824461093585734 0.05 0.05
0 0.8414752563091479 0.15824461093585734 0.05 0.05
0 0.45030806388012606 0.2087177970557311 0.05 0.05
0 0.5596666338065193 0.2045116982124083 0.05 0.05
