0 0.39759899349083894 0.5048989472838316 0.05 0.05
0 0.40917083534233367 0.5267568707810993 0.05 0.05
0 0.4390647601253616 0.5833303198328512 0.05 0.05
0 0.4409934004339441 0.6553328913532627 0.05 0.05
0 0.32334634161041464 0.7787658711025395 0.05 0.05
0 0.2992383377531341 0.7929092333654775 0.05 0.05
0 0.37349098963355837 0.7954807537769207 0.05 0.05
0 0.5056028507714562 0.5396144728383158 0.05 0.05
0 0.5489972577145612 0.46118310028929604 0.05 0.05
0 0.5856414235776277 0.5023274268723884 0.05 0.05
0 0.6541081545323048 0.3454646817743491 0.05 0.05
0 0.693645280858245 0.33903588074574104 0.05 0.05
0 0.7987561776759884 0.3274640388942463 0.05 0.05
0 0.7659692924300868 0.24774690613950506 0.05 0.05
0 0.7659692924300868 0.21946018161362915 0.05 0.05
0 0.8238285016875603 0.2323177836708454 0.05 0.05
0 0.8460078652362585 0.40332389103182265 0.05 0.05
0 0.2992383377531341 0.3750371665059467 0.05 0.05
0 0.2548796106557377 0.3814659675345548 0.05 0.05
0 0.16326919599807138 0.3274640388942463 0.05 0.05
0 0.21919976494696236 0.20531681935069107 0.05 0.05
0 0.2924880966730955 0.14745761009321764 0.05 0.05
0 0.4487079616682738 0.20788833976213444 0.05 0.05
0 0.28573785559305687 0.09474144165863076 0.05 0.05
0 0.3088815392960463 0.09602720186435233 0.05 0.05
0 0.3387754640790742 0.09731296207007402 0.05 0.05
0 0.6068564669720347 0.12302816618450668 0.05 0.05
