0 0.3182415674603175 0.084375 0.05 0.05
0 0.3777653769841269 0.03675595238095231 0.05 0.05
0 0.4511780753968253 0.2113591269841269 0.05 0.05
0 0.5484002976190474 0.203422619047619 0.05 0.05
0 0.5682415674603173 0.084375 0.05 0.05
0 0.19720982142857138 0.23516865079365074 0.05 0.05
0 0.25673363095238094 0.22458664021164007 0.05 0.05
0 0.24681299603174595 0.3462797619047618 0.05 0.05
0 0.12379712301587295 0.41241732804232806 0.05 0.05
0 0.014670138888888861 0.5155919312169311 0.05 0.05
0 0.06030505952380947 0.5446924603174602 0.05 0.05
0 0.4134796626984126 0.4653273809523809 0.05 0.05
0 0.38967013888888885 0.5050099206349206 0.05 0.05
0 0.4174479166666666 0.5288194444444444 0.05 0.05
0 0.5503844246031745 0.5314649470899471 0.05 0.05
0 0.5702256944444443 0.5023644179894179 0.05 0.05
0 0.5484002976190474 0.47590939153439143 0.05 0.05
0 0.40752728174603164 0.7272321428571428 0.05 0.05
0 0.42935267857142845 0.7298776455026454 0.05 0.05
0 0.3777653769841269 0.7880787037037036 0.05 0.05
0 0.34800347222222217 0.8039517195767195 0.05 0.05
0 0.30435267857142845 0.7695601851851851 0.05 0.05
0 0.29443204365079356 0.7960152116402116 0.05 0.05
0 0.7686383928571426 0.9653273809523809 0.05 0.05
0 0.8579241071428569 0.9679728835978836 0.05 0.05
