0 0.2732442521141649 0.0930078400281887 0.05 0.05
0 0.2875148652219873 0.09300784002818858 0.05 0.05
0 0.295442983615222 0.09089367512332605 0.05 0.05
0 0.33825482293868925 0.09089367512332605 0.05 0.05
0 0.34142607029598315 0.08032285059901317 0.05 0.05
0 0.465104717230444 0.1923735905567298 0.05 0.05
0 0.44290598572938694 0.20505857998590535 0.05 0.05
0 0.4508341041226216 0.20928690979563053 0.05 0.05
0 0.31764171511627903 0.1775744362226919 0.05 0.05
0 0.35569668340380556 0.25579853770260735 0.05 0.05
0 0.33508357558139534 0.35939261804087363 0.05 0.05
0 0.246288649577167 0.36362094785059884 0.05 0.05
0 0.14005186310782242 0.44395921423537693 0.05 0.05
0 0.17493558403805493 0.4587583685694149 0.05 0.05
0 0.2098193049682875 0.6955448379140239 0.05 0.05
0 0.8805381210359409 0.6046357470049329 0.05 0.05
0 0.780643829281184 0.38053426708949945 0.05 0.05
0 0.7219757531712474 0.367849277660324 0.05 0.05
0 0.6870920322410149 0.3382509689922479 0.05 0.05
0 0.6474514402748415 0.3192234848484847 0.05 0.05
0 0.612567719344609 0.312880990133897 0.05 0.05
0 0.5412146538054969 0.47567168780831554 0.05 0.05
0 0.7378319899577168 0.3255659795630725 0.05 0.05
0 0.8012569371035942 0.3297943093727975 0.05 0.05
0 0.8424831527484145 0.3297943093727975 0.05 0.05
0 0.8567537658562369 0.23888521846370664 0.05 0.05
0 0.7584450977801269 0.20928690979563053 0.05 0.05
