0 0.3976142634357006 0.8126219609724888 0.05 0.05
0 0.5290921904990403 0.8458913147792707 0.05 0.05
0 0.6010691578694819 0.7563199776071657 0.05 0.05
0 0.6183436300383878 0.8932361644273833 0.05 0.05
0 0.722950155950096 0.8906769833653231 0.05 0.05
0 0.8026046665067179 0.5899732085732566 0.05 0.05
0 0.7354261636276392 0.43770193538067825 0.05 0.05
0 0.6874415187140116 0.4645733365323096 0.05 0.05
0 0.5454069697696737 0.47736924184261037 0.05 0.05
0 0.5617217490403072 0.505520233525272 0.05 0.05
0 0.5444472768714013 0.5208753198976327 0.05 0.05
0 0.5050998680422266 0.525993682021753 0.05 0.05
0 0.40913057821497123 0.5221549104286628 0.05 0.05
0 0.3956948776391555 0.506799824056302 0.05 0.05
0 0.4187275071976968 0.4799284229046705 0.05 0.05
0 0.08955284309021115 0.5439079494561739 0.05 0.05
0 0.048286048464491374 0.5503059021113244 0.05 0.05
0 0.013737104126679467 0.614285428662828 0.05 0.05
0 0.09914977207293668 0.7140934900831735 0.05 0.05
0 0.18648182581573897 0.14467570377479197 0.05 0.05
0 0.2690154150671785 0.09861044465770945 0.05 0.05
0 0.29492712332053744 0.09349208253358915 0.05 0.05
0 0.44751829414587335 0.20737563979526547 0.05 0.05
0 0.7095144553742803 0.1062879878438899 0.05 0.05
0 0.7258292346449137 0.11652471209213051 0.05 0.05
0 0.7085547624760078 0.24704294625719758 0.05 0.05
0 0.6461747240882918 0.2457633557261675 0.05 0.05
0 0.3726622480806142 0.09989003518873953 0.05 0.05
0 0.38705764155470257 0.09861044465770945 0.05 0.05
0 0.36018624040307107 0.04102887076135626 0.05 0.05
0 0.3486699256238004 0.03719009916826614 0.05 0.05
0 0.2776526511516315 0.03846968969929622 0.05 0.05
