0 0.16219029311251312 0.686811032246758 0.05 0.05
0 0.12433540352260779 0.44425933228180886 0.05 0.05
0 0.07701679153522609 0.43444510164738903 0.05 0.05
0 0.24736379468980013 0.3769617507886437 0.05 0.05
0 0.27154886303890635 0.3951881791097094 0.05 0.05
0 0.32097052444794943 0.25358285138450776 0.05 0.05
0 0.36618608701366967 0.2732113126533477 0.05 0.05
0 0.42927756966351194 0.2690052138100249 0.05 0.05
0 0.41350469900105136 0.5353914738871366 0.05 0.05
0 0.4019379271819137 0.5143609796705225 0.05 0.05
0 0.41981384726603566 0.486320320715037 0.05 0.05
0 0.5197086947949525 0.5255772432527166 0.05 0.05
0 0.5533574855415351 0.5227731773571681 0.05 0.05
0 0.5628212079390114 0.5003406501927797 0.05 0.05
0 0.5407391890115666 0.4638877935506487 0.05 0.05
0 0.887742343585699 0.9672176218016124 0.05 0.05
0 0.8330630586225023 0.5227731773571681 0.05 0.05
0 0.7973112184542583 0.2129238958990539 0.05 0.05
0 0.7563017547318609 0.21853202769015106 0.05 0.05
0 0.7605078535751837 0.2045116982124083 0.05 0.05
0 0.731065161671924 0.187687302839117 0.05 0.05
0 0.7668170018401679 0.14983241324921165 0.05 0.05
0 0.6543038577812826 0.187687302839117 0.05 0.05
0 0.6469431848054678 0.14282224851034034 0.05 0.05
0 0.2536729429547844 0.19609950052576272 0.05 0.05
0 0.18532383675078862 0.13441005082369462 0.05 0.05
0 0.23790007229232382 0.10496735892043496 0.05 0.05
0 0.27890953601472124 0.09234906239046646 0.05 0.05
0 0.2568275170872765 0.09655516123378938 0.05 0.05
0 0.33148577155625647 0.10636939186820922 0.05 0.05
0 0.36618608701366967 0.08674093059936941 0.05 0.05
0 0.3567223646161934 0.08674093059936941 0.05 0.05
0 0.18532383675078862 0.048886041009464046 0.05 0.05
