0 0.20506243393234672 0.12260614869626482 0.05 0.05
0 0.2637305100422833 0.10992115926708929 0.05 0.05
0 0.2843436178646934 0.10992115926708929 0.05 0.05
0 0.2795867468287526 0.08455118040873835 0.05 0.05
0 0.295442983615222 0.09300784002818858 0.05 0.05
0 0.33508357558139534 0.08455118040873835 0.05 0.05
0 0.36045355443974636 0.08666534531360087 0.05 0.05
0 0.4318066199788584 0.20294441508104283 0.05 0.05
0 0.4540053514799155 0.1860310958421421 0.05 0.05
0 0.247874273255814 0.3171093199436221 0.05 0.05
0 0.2891004889006343 0.32768014446793503 0.05 0.05
0 0.13053812103594079 0.5708091085271316 0.05 0.05
0 0.22408991807610992 0.7864539288231147 0.05 0.05
0 0.5554852669133192 0.46510086328400274 0.05 0.05
0 0.6918489032769557 0.4207034002818884 0.05 0.05
0 0.7441744846723045 0.44184504933051433 0.05 0.05
0 0.7901575713530656 0.3192234848484847 0.05 0.05
0 0.8075994318181821 0.30231016560958396 0.05 0.05
0 0.6902632795983088 0.5264116455250175 0.05 0.05
0 0.8202844212473573 0.5327541402396052 0.05 0.05
0 0.8726100026427062 0.5665807787174065 0.05 0.05
0 0.6664789244186047 0.684974013389711 0.05 0.05
