0 0.23919908216783212 0.14177593240093245 0.05 0.05
0 0.30869208916083923 0.09806963869463867 0.05 0.05
0 0.34016062062937064 0.06834935897435888 0.05 0.05
0 0.3467165646853147 0.07359411421911423 0.05 0.05
0 0.2444438374125874 0.20820949883449877 0.05 0.05
0 0.2811571241258741 0.20995775058275054 0.05 0.05
0 0.22084243881118884 0.25716054778554776 0.05 0.05
0 0.2667340472027972 0.2536640442890442 0.05 0.05
0 0.4411221590909092 0.20995775058275054 0.05 0.05
0 0.45030048076923085 0.21170600233100234 0.05 0.05
0 0.42538789335664334 0.2851325757575758 0.05 0.05
0 0.1264368444055944 0.46695075757575755 0.05 0.05
0 0.1788843968531469 0.4599577505827507 0.05 0.05
0 0.23919908216783217 0.4599577505827507 0.05 0.05
0 0.017608173076923063 0.6784892191142191 0.05 0.05
0 0.04120957167832166 0.7082094988344989 0.05 0.05
0 0.03334243881118879 0.8008668414918415 0.05 0.05
0 0.10676901223776225 0.8235941142191143 0.05 0.05
0 0.20773055069930071 0.7519157925407925 0.05 0.05
0 0.3952305506993007 0.5106570512820513 0.05 0.05
0 0.4148983828671328 0.5368808275058276 0.05 0.05
0 0.45685642482517486 0.540377331002331 0.05 0.05
0 0.5263494318181818 0.540377331002331 0.05 0.05
0 0.5787969842657343 0.5211465617715618 0.05 0.05
0 0.5971536276223777 0.49142628205128214 0.05 0.05
0 0.5499508304195805 0.4739437645687646 0.05 0.05
0 0.6102655157342658 0.2501675407925408 0.05 0.05
0 0.6063319493006993 0.21520250582750577 0.05 0.05
0 0.6456676136363637 0.19597173659673656 0.05 0.05
