0 0.19002950174825176 0.14002768065268067 0.05 0.05
0 0.2306763548951049 0.09457313519813511 0.05 0.05
0 0.24641062062937066 0.08233537296037288 0.05 0.05
0 0.3093476835664336 0.08583187645687644 0.05 0.05
0 0.44833369755244756 0.20820949883449877 0.05 0.05
0 0.32901551573426574 0.19072698135198132 0.05 0.05
0 0.2949246066433567 0.18723047785547778 0.05 0.05
0 0.23592111013986017 0.21170600233100234 0.05 0.05
0 0.18085118006993006 0.21520250582750577 0.05 0.05
0 0.23198754370629376 0.2781395687645688 0.05 0.05
0 0.27656796328671324 0.2938738344988344 0.05 0.05
0 0.2660784527972028 0.34632138694638687 0.05 0.05
0 0.30541411713286715 0.3603074009324009 0.05 0.05
0 0.2201868444055944 0.5770906177156178 0.05 0.05
0 0.022197333916083896 0.9145032051282053 0.05 0.05
0 0.2542777534965035 0.9529647435897437 0.05 0.05
0 0.27001201923076923 0.7659018065268065 0.05 0.05
0 0.2988581730769231 0.811356351981352 0.05 0.05
0 0.35261691433566433 0.7798878205128206 0.05 0.05
0 0.40899803321678324 0.797370337995338 0.05 0.05
0 0.410309222027972 0.7624053030303031 0.05 0.05
0 0.42997705419580423 0.7309367715617715 0.05 0.05
0 0.5204490821678321 0.8847829254079255 0.05 0.05
0 0.5794525786713287 0.6662514568764569 0.05 0.05
0 0.39064138986013985 0.5019157925407925 0.05 0.05
0 0.40768684440559444 0.5298878205128206 0.05 0.05
0 0.563718312937063 0.5159018065268065 0.05 0.05
0 0.5820749562937063 0.49667103729603734 0.05 0.05
0 0.5453616695804195 0.4739437645687646 0.05 0.05
0 0.917739291958042 0.5368808275058276 0.05 0.05
0 0.904627403846154 0.5071605477855478 0.05 0.05
0 0.6856588723776225 0.34981789044289047 0.05 0.05
0 0.7328616695804197 0.19597173659673656 0.05 0.05
0 0.5545399912587412 0.17324446386946377 0.05 0.05
