0 0.02128598186119879 0.7372842183666318 0.05 0.05
0 0.07491374211356469 0.6293276813880128 0.05 0.05
0 0.07070764327024189 0.4821142218717142 0.05 0.05
0 0.12223235410094638 0.46528982649842293 0.05 0.05
0 0.14536589773922187 0.6265236154924643 0.05 0.05
0 0.24000312171398522 0.5774524623203647 0.05 0.05
0 0.5091934476866455 0.5395975727304594 0.05 0.05
0 0.5502029114090429 0.5185670785138453 0.05 0.05
0 0.5659757820715035 0.49333048545390845 0.05 0.05
0 0.5502029114090429 0.4680938923939715 0.05 0.05
0 0.7300136369610933 0.3965902120574836 0.05 0.05
0 0.7752291995268135 0.3951881791097094 0.05 0.05
0 0.7962596937434276 0.2732113126533477 0.05 0.05
0 0.8656603246582542 0.27601537854889624 0.05 0.05
0 0.8120325644058883 0.5802565282159133 0.05 0.05
0 0.7531471805993688 0.6671825709779181 0.05 0.05
0 0.7068800933228179 0.8901058096740274 0.05 0.05
0 0.41560774842271286 0.7709330091132143 0.05 0.05
0 0.34515559279705565 0.815798063441991 0.05 0.05
0 0.34200101866456356 0.7751391079565372 0.05 0.05
0 0.4040409766035751 0.5115569137749739 0.05 0.05
0 0.45346263801261816 0.19750153347353697 0.05 0.05
0 0.2841671595688748 0.07412263406940103 0.05 0.05
0 0.27470343717139845 0.09935922712933791 0.05 0.05
0 0.2915278325446897 0.09795719418156364 0.05 0.05
0 0.20950890509989478 0.0713185681738525 0.05 0.05
0 0.18847841088328074 0.07692669996494957 0.05 0.05
0 0.18952993559411144 0.05028807395723831 0.05 0.05
0 0.56071815851735 0.19049136873466566 0.05 0.05
