0 0.20248579545454543 0.09107663170163179 0.05 0.05
0 0.19592985139860142 0.11555215617715611 0.05 0.05
0 0.23919908216783217 0.1645032051282051 0.05 0.05
0 0.24575502622377626 0.20820949883449877 0.05 0.05
0 0.29164663461538465 0.1714962121212121 0.05 0.05
0 0.2877130681818182 0.1942234848484849 0.05 0.05
0 0.30344733391608397 0.13827942890442887 0.05 0.05
0 0.3113144667832168 0.09981789044289044 0.05 0.05
0 0.3454053758741259 0.07709061771561766 0.05 0.05
0 0.3506501311188811 0.08583187645687644 0.05 0.05
0 0.442433347902098 0.21170600233100234 0.05 0.05
0 0.45030048076923085 0.21170600233100234 0.05 0.05
0 0.20379698426573428 0.325342365967366 0.05 0.05
0 0.3978529283216784 0.5089087995337995 0.05 0.05
0 0.40440887237762235 0.526391317016317 0.05 0.05
0 0.45816761363636366 0.5456220862470862 0.05 0.05
0 0.5315941870629372 0.547370337995338 0.05 0.05
0 0.5696186625874127 0.5281395687645688 0.05 0.05
0 0.5919088723776225 0.4984192890442891 0.05 0.05
0 0.5486396416083916 0.4599577505827507 0.05 0.05
0 0.1343039772727273 0.7659018065268065 0.05 0.05
0 0.20117460664335668 0.7571605477855479 0.05 0.05
0 0.8266116695804197 0.8760416666666668 0.05 0.05
0 0.9537969842657343 0.916251456876457 0.05 0.05
