0 0.27525677447552443 0.14702068764568768 0.05 0.05
0 0.3224595716783217 0.14002768065268067 0.05 0.05
0 0.3145924388111888 0.09632138694638688 0.05 0.05
0 0.33557145979020986 0.07359411421911423 0.05 0.05
0 0.35261691433566433 0.07359411421911423 0.05 0.05
0 0.44440013111888116 0.2064612470862471 0.05 0.05
0 0.28836866258741256 0.3585591491841491 0.05 0.05
0 0.36048404720279725 0.3288388694638694 0.05 0.05
0 0.2660784527972028 0.4284892191142191 0.05 0.05
0 0.01957495629370627 0.5910766317016318 0.05 0.05
0 0.06022180944055944 0.5631046037296038 0.05 0.05
0 0.13627076048951048 0.7099577505827507 0.05 0.05
0 0.2949246066433567 0.7641535547785547 0.05 0.05
0 0.2936134178321678 0.811356351981352 0.05 0.05
0 0.36310642482517486 0.7571605477855479 0.05 0.05
0 0.4024420891608392 0.7571605477855479 0.05 0.05
0 0.42342111013986017 0.7326850233100234 0.05 0.05
0 0.42342111013986017 0.7991185897435897 0.05 0.05
0 0.3932637674825175 0.505412296037296 0.05 0.05
0 0.403753277972028 0.533384324009324 0.05 0.05
0 0.47193509615384616 0.5298878205128206 0.05 0.05
0 0.44833369755244756 0.5421255827505828 0.05 0.05
0 0.5676518793706294 0.5298878205128206 0.05 0.05
0 0.591253277972028 0.49492278554778557 0.05 0.05
0 0.5492952360139861 0.4791885198135198 0.05 0.05
0 0.5597847465034965 0.6400276806526807 0.05 0.05
0 0.5401169143356643 0.8865311771561772 0.05 0.05
0 0.5860085227272728 0.8638039044289044 0.05 0.05
0 0.6869700611888112 0.6732444638694639 0.05 0.05
0 0.7538406905594407 0.7204472610722611 0.05 0.05
0 0.82071131993007 0.6452724358974359 0.05 0.05
0 0.9413406905594407 0.6557619463869464 0.05 0.05
0 0.660746284965035 0.3795381701631702 0.05 0.05
0 0.7158162150349652 0.3603074009324009 0.05 0.05
0 0.7420399912587413 0.3026150932400932 0.05 0.05
0 0.76564138986014 0.21869900932400935 0.05 0.05
0 0.8167777534965035 0.20121649184149176 0.05 0.05
0 0.7866204108391608 0.3096081002331002 0.05 0.05
0 0.8049770541958043 0.37079691142191146 0.05 0.05
0 0.8587357954545455 0.353314393939394 0.05 0.05
