0 0.15735209188911708 0.3518287987679672 0.05 0.05
0 0.21690034650924028 0.3093921115674197 0.05 0.05
0 0.248727861909651 0.295702857631759 0.05 0.05
0 0.16864572638603698 0.7310211327857632 0.05 0.05
0 0.37603792351129367 0.5037795174537988 0.05 0.05
0 0.38835825205338814 0.48461456194387414 0.05 0.05
0 0.4468798126283368 0.5380026522929501 0.05 0.05
0 0.49924120893223833 0.5393715776865161 0.05 0.05
0 0.493081044661191 0.5845461156741958 0.05 0.05
0 0.4674136935318276 0.6132935489390829 0.05 0.05
0 0.5454424409650925 0.4791388603696099 0.05 0.05
0 0.7107401822381931 0.5571676078028748 0.05 0.05
0 0.7138202643737167 0.46271175564681727 0.05 0.05
0 0.7774752951745381 0.507886293634497 0.05 0.05
0 0.8072494224845996 0.45586712867898704 0.05 0.05
0 0.813409586755647 0.3833140828199864 0.05 0.05
0 0.8359968557494868 0.23957691649555102 0.05 0.05
0 0.8082761165297743 0.19166452772073914 0.05 0.05
0 0.7723418249486654 0.2080916324435319 0.05 0.05
0 0.5608428516427105 0.20535378165639978 0.05 0.05
0 0.4479065066735114 0.20946055783709785 0.05 0.05
0 0.43661287217659145 0.2149362594113621 0.05 0.05
0 0.38938494609856267 0.23136336413415465 0.05 0.05
0 0.2949290939425052 0.09447082477754959 0.05 0.05
0 0.2672083547227927 0.1013154517453799 0.05 0.05
0 0.21484695841889123 0.07941264544832312 0.05 0.05
0 0.19225968942505137 0.07530586926762493 0.05 0.05
0 0.1984198536960986 0.04929628678986996 0.05 0.05
