0 0.06965611855941117 0.4680938923939715 0.05 0.05
0 0.12433540352260779 0.4624857606028744 0.05 0.05
0 0.18532383675078862 0.4751040571328429 0.05 0.05
0 0.13695370005257623 0.3657454872064496 0.05 0.05
0 0.21792110278654042 0.2788194444444448 0.05 0.05
0 0.23895159700315452 0.25919098317560496 0.05 0.05
0 0.26208514064143 0.22974829127234528 0.05 0.05
0 0.2505183688222923 0.15403851209253455 0.05 0.05
0 0.20950890509989478 0.16525477567472865 0.05 0.05
0 0.27575496188222914 0.11898768839817772 0.05 0.05
0 0.27575496188222914 0.09515312828601499 0.05 0.05
0 0.28837325841219763 0.08954499649491794 0.05 0.05
0 0.23159092402733958 0.0629063704872068 0.05 0.05
0 0.2063543309674027 0.054494172800561104 0.05 0.05
0 0.18427231203995792 0.05589620574833549 0.05 0.05
0 0.3062491784963196 0.25498488433228206 0.05 0.05
0 0.34515559279705565 0.2690052138100249 0.05 0.05
0 0.3377949198212407 0.35733328951980403 0.05 0.05
0 0.3535677904837013 0.3194783999298986 0.05 0.05
0 0.3956287789169294 0.36294142131090107 0.05 0.05
0 0.40824707544689787 0.29424180686996165 0.05 0.05
0 0.3945772542060987 0.2451706536978622 0.05 0.05
0 0.45241111330178746 0.20591373116018255 0.05 0.05
0 0.5523059608307043 0.19469746757798845 0.05 0.05
0 0.6837465496845423 0.22133609358569958 0.05 0.05
0 0.7152922910094635 0.2241401594812481 0.05 0.05
0 0.6805919755520502 0.3054580704521559 0.05 0.05
0 0.748941081756046 0.35172515772870694 0.05 0.05
0 0.7478895570452153 0.27180927970557345 0.05 0.05
0 0.8530420281282858 0.27601537854889624 0.05 0.05
0 0.5502029114090429 0.4680938923939715 0.05 0.05
0 0.5659757820715035 0.49753658429723124 0.05 0.05
0 0.5491513866982122 0.5297833420960394 0.05 0.05
0 0.5028842994216612 0.5353914738871366 0.05 0.05
0 0.41035012486855926 0.5283813091482652 0.05 0.05
0 0.3903711553627759 0.5087528478794253 0.05 0.05
0 0.41560774842271286 0.486320320715037 0.05 0.05
0 0.2526214182439537 0.7597167455310202 0.05 0.05
0 0.33148577155625647 0.7625208114265687 0.05 0.05
0 0.37985590825446885 0.815798063441991 0.05 0.05
0 0.3945772542060987 0.7821492726954085 0.05 0.05
0 0.7331682110935854 0.9195485015772872 0.05 0.05
