0 0.2083861451048951 0.07359411421911423 0.05 0.05
0 0.23198754370629376 0.06660110722610722 0.05 0.05
0 0.31590362762237756 0.08583187645687644 0.05 0.05
0 0.28443509615384616 0.10506264568764566 0.05 0.05
0 0.21231971153846158 0.14527243589743588 0.05 0.05
0 0.361795236013986 0.04562208624708622 0.05 0.05
0 0.28312390734265735 0.28163607226107223 0.05 0.05
0 0.20314138986013983 0.276391317016317 0.05 0.05
0 0.1821623688811189 0.3638039044289044 0.05 0.05
0 0.2057637674825175 0.4022654428904429 0.05 0.05
0 0.222809222027972 0.4092584498834499 0.05 0.05
0 0.3867078234265734 0.36555215617715625 0.05 0.05
0 0.3172148164335664 0.3795381701631702 0.05 0.05
0 0.44833369755244756 0.20820949883449877 0.05 0.05
0 0.39195257867132866 0.5036640442890443 0.05 0.05
0 0.3945749562937063 0.533384324009324 0.05 0.05
0 0.16249453671328673 0.5438738344988345 0.05 0.05
0 0.10217985139860139 0.5666011072261072 0.05 0.05
0 0.3067253059440559 0.7466710372960373 0.05 0.05
0 0.36441761363636366 0.7641535547785547 0.05 0.05
0 0.39588614510489506 0.7589087995337995 0.05 0.05
0 0.4391553758741259 0.7816360722610723 0.05 0.05
0 0.4496448863636364 0.7029647435897437 0.05 0.05
0 0.5689630681818183 0.5211465617715618 0.05 0.05
0 0.570274256993007 0.4896780303030303 0.05 0.05
0 0.5466728583916084 0.4686990093240093 0.05 0.05
0 0.6830364947552449 0.7536640442890443 0.05 0.05
0 0.7551518793706296 0.4686990093240093 0.05 0.05
0 0.8574246066433566 0.48618152680652676 0.05 0.05
0 0.8154665646853149 0.3235941142191142 0.05 0.05
0 0.7603966346153846 0.2886290792540792 0.05 0.05
0 0.7118826486013987 0.24667103729603734 0.05 0.05
