0 0.011870931774349081 0.5627581565413051 0.05 0.05
0 0.05237237825458052 0.8121956364513019 0.05 0.05
0 0.24909368972999033 0.6257604066216651 0.05 0.05
0 0.5731052615718418 0.7993380343940856 0.05 0.05
0 0.612642387897782 0.958772299903568 0.05 0.05
0 0.7331824071841851 0.9536292590806815 0.05 0.05
0 0.6772518382352941 0.8083383558341369 0.05 0.05
0 0.5065671709257473 0.5331856718097076 0.05 0.05
0 0.5422470166345226 0.465040380906461 0.05 0.05
0 0.4082065151880424 0.513899268723883 0.05 0.05
0 0.3985633136451302 0.49204134522661536 0.05 0.05
0 0.4110994756509161 0.46761190131790425 0.05 0.05
0 0.3310609028447445 0.4097526920604307 0.05 0.05
0 0.3127388199132112 0.4071811716489876 0.05 0.05
0 0.2664514525072324 0.3454646817743491 0.05 0.05
0 0.18062695877531337 0.3107491562198651 0.05 0.05
0 0.19123448047251684 0.19503073770491805 0.05 0.05
0 0.21919976494696236 0.1873161764705883 0.05 0.05
0 0.23173592695274828 0.12431392639022824 0.05 0.05
0 0.3108101796046287 0.09088416104146582 0.05 0.05
0 0.34899553571428565 0.09404761904761874 0.05 0.05
0 0.3344866071428571 0.28452380952380923 0.05 0.05
0 0.30881696428571426 0.2919642857142855 0.05 0.05
0 0.35680803571428565 0.24136904761904746 0.05 0.05
0 0.4494419642857143 0.21309523809523795 0.05 0.05
0 0.5978794642857144 0.11041666666666643 0.05 0.05
0 0.6871651785714286 0.14315476190476167 0.05 0.05
0 0.7228794642857144 0.1520833333333331 0.05 0.05
0 0.7440848214285715 0.20416666666666644 0.05 0.05
0 0.7664062500000001 0.23095238095238077 0.05 0.05
0 0.8233258928571429 0.5374999999999999 0.05 0.05
0 0.8489955357142858 0.6892857142857142 0.05 0.05
0 0.8969866071428573 0.7101190476190474 0.05 0.05
