0 0.025253418905950085 0.5797364843250161 0.05 0.05
0 0.08187529990403072 0.5848548464491363 0.05 0.05
0 0.14521503119001924 0.7665567018554064 0.05 0.05
0 0.6001094649712093 0.7550403870761356 0.05 0.05
0 0.5098983325335893 0.5323916346769034 0.05 0.05
0 0.5473263555662189 0.5157569577735124 0.05 0.05
0 0.5674799064299425 0.49016514715291104 0.05 0.05
0 0.5444472768714013 0.4696916986564299 0.05 0.05
0 0.40433211372360855 0.5298324536148432 0.05 0.05
0 0.3937754918426104 0.5093590051183622 0.05 0.05
0 0.413929042706334 0.4824876039667307 0.05 0.05
0 0.4216065858925145 0.2726347568777991 0.05 0.05
0 0.42640505038387727 0.24704294625719758 0.05 0.05
0 0.4436795225527832 0.20993482085732562 0.05 0.05
0 0.624101787428023 0.1741062859884837 0.05 0.05
0 0.7152726127639156 0.20097768714011507 0.05 0.05
0 0.7584587931861806 0.35964691298784385 0.05 0.05
0 0.8179597528790786 0.3737224088291747 0.05 0.05
0 0.36210562619961617 0.20865523032629554 0.05 0.05
0 0.3064434380998081 0.18178382917466404 0.05 0.05
0 0.2776526511516315 0.14467570377479197 0.05 0.05
0 0.2824511156429943 0.19713891554702484 0.05 0.05
0 0.25270063579654517 0.1945797344849647 0.05 0.05
0 0.22870831333973132 0.1843430102367242 0.05 0.05
0 0.19128029030710175 0.180504238643634 0.05 0.05
0 0.2027966050863724 0.05638395713371717 0.05 0.05
0 0.21911138435700578 0.04358805182341641 0.05 0.05
0 0.2834108085412669 0.06534109085092771 0.05 0.05
0 0.32659698896353173 0.09605126359564929 0.05 0.05
0 0.34962961852207297 0.14467570377479197 0.05 0.05
0 0.33427453214971214 0.13571857005758153 0.05 0.05
0 0.3707428622840691 0.12420225527831086 0.05 0.05
0 0.368823476487524 0.09093290147152899 0.05 0.05
0 0.2910883517274473 0.09861044465770945 0.05 0.05
0 0.2718944937619962 0.09477167306461923 0.05 0.05
0 0.1903205974088292 0.38907749520153545 0.05 0.05
0 0.17880428262955855 0.3506897792706333 0.05 0.05
