0 0.22408991807610992 0.17968860112755453 0.05 0.05
0 0.24945989693446088 0.22197189922480595 0.05 0.05
0 0.2780011231501057 0.22620022903453124 0.05 0.05
0 0.295442983615222 0.1627752818886538 0.05 0.05
0 0.33508357558139534 0.16911777660324154 0.05 0.05
0 0.27165862843551797 0.09300784002818858 0.05 0.05
0 0.2906861125792812 0.09300784002818858 0.05 0.05
0 0.33825482293868925 0.08666534531360087 0.05 0.05
0 0.35411105972515855 0.08666534531360087 0.05 0.05
0 0.38899478065539117 0.1627752818886538 0.05 0.05
0 0.3477685650105709 0.22831439393939376 0.05 0.05
0 0.43814911469344614 0.1500902924594783 0.05 0.05
0 0.4143647595137422 0.06129536645524993 0.05 0.05
0 0.43973473837209304 0.35727845313601114 0.05 0.05
0 0.4159503831923891 0.36362094785059884 0.05 0.05
0 0.5459715248414377 0.46721502818886523 0.05 0.05
0 0.2795867468287526 0.7378281360112754 0.05 0.05
0 0.19237744450317124 0.7357139711064129 0.05 0.05
0 0.21299055232558137 0.8498788759689921 0.05 0.05
0 0.490474696088795 0.9957562544045101 0.05 0.05
