0 0.050575911190965106 0.8145255817932922 0.05 0.05
0 0.12655127053388093 0.8939232546201233 0.05 0.05
0 0.1624855621149898 0.8268459103353868 0.05 0.05
0 0.35037057238193026 0.806312029431896 0.05 0.05
0 0.38425147587269004 0.5010416666666667 0.05 0.05
0 0.41094552104722804 0.5160998459958932 0.05 0.05
0 0.4407196483572896 0.509255219028063 0.05 0.05
0 0.4715204697125257 0.5147309206023272 0.05 0.05
0 0.5105348434291581 0.5393715776865161 0.05 0.05
0 0.5505759111909652 0.5243133983572896 0.05 0.05
0 0.5608428516427105 0.4941970396988365 0.05 0.05
0 0.5516026052361397 0.4681874572210815 0.05 0.05
0 0.6583787859342917 0.5270512491444216 0.05 0.05
0 0.6460584573921972 0.291596081451061 0.05 0.05
0 0.7086867941478441 0.28885823066392885 0.05 0.05
0 0.6275779645790556 0.06709231690622867 0.05 0.05
0 0.32264983316221774 0.3545666495550993 0.05 0.05
0 0.2415410035934292 0.3573045003422313 0.05 0.05
0 0.2056067120123204 0.20261593086926766 0.05 0.05
0 0.22100712268993844 0.18345097535934302 0.05 0.05
0 0.2014999358316222 0.1300628850102669 0.05 0.05
0 0.26104819045174543 0.25600402121834354 0.05 0.05
0 0.248727861909651 0.19987808008213553 0.05 0.05
0 0.27439521303901443 0.16839279603011642 0.05 0.05
0 0.2897956237166325 0.1971402292950034 0.05 0.05
0 0.2661816606776181 0.11500470568104042 0.05 0.05
0 0.30827611652977416 0.12321825804243668 0.05 0.05
0 0.2826087654004107 0.09994652635181384 0.05 0.05
0 0.29390239989733064 0.09036404859685139 0.05 0.05
0 0.355504042607803 0.1793441991786447 0.05 0.05
0 0.45612005903490765 0.20672270704996573 0.05 0.05
0 0.5546826873716634 0.18892667693360715 0.05 0.05
