0 0.19717074671772422 0.21220140408460975 0.05 0.05
0 0.2234289524070022 0.15749680889861406 0.05 0.05
0 0.21686440098468274 0.13123860320933609 0.05 0.05
0 0.25132829595185996 0.1224858679795768 0.05 0.05
0 0.2693808123632385 0.1640613603209335 0.05 0.05
0 0.29892129376367615 0.11154494894237767 0.05 0.05
0 0.30712698304157554 0.0940394784828591 0.05 0.05
0 0.3350263265864333 0.1268622355944564 0.05 0.05
0 0.29892129376367615 0.15749680889861406 0.05 0.05
0 0.3497965672866521 0.21876595550692918 0.05 0.05
0 0.4072363922319475 0.21220140408460963 0.05 0.05
0 0.43513573577680525 0.20344866885485036 0.05 0.05
0 0.45318825218818387 0.20344866885485036 0.05 0.05
0 0.538527420678337 0.21220140408460963 0.05 0.05
0 0.38918387582056896 0.3019169401896425 0.05 0.05
0 0.40231297866520793 0.5010416666666666 0.05 0.05
0 0.4088775300875274 0.5272998723559444 0.05 0.05
0 0.11019044037199122 0.48791256382202763 0.05 0.05
0 0.042903788293216574 0.5076062180889861 0.05 0.05
0 0.12988409463894962 0.5798162837345003 0.05 0.05
0 0.1266018189277899 0.6257681436907366 0.05 0.05
0 0.05931516684901526 0.6542145331874544 0.05 0.05
0 0.21522326312910284 0.809575583515682 0.05 0.05
0 0.2923567423413567 0.7811291940189643 0.05 0.05
0 0.2972801559080963 0.8205165025528811 0.05 0.05
0 0.39574842724288845 0.7964464806710432 0.05 0.05
0 0.4105186679431073 0.759247355944566 0.05 0.05
0 0.45482939004376377 0.7242364150255288 0.05 0.05
0 0.5368862828227572 0.6542145331874544 0.05 0.05
0 0.5221160421225384 0.6082626732312181 0.05 0.05
0 0.5073458014223196 0.5360526075857038 0.05 0.05
0 0.5483742478118162 0.470407093362509 0.05 0.05
0 0.7748512718818381 0.7132954959883298 0.05 0.05
0 0.8208031318380746 0.6892254741064915 0.05 0.05
0 0.8421379239606128 0.8883502005835157 0.05 0.05
0 0.6747418626914662 0.13342678701677593 0.05 0.05
0 0.7190525847921226 0.13342678701677593 0.05 0.05
