0 0.38409851133076184 0.036882232401157226 0.05 0.05
0 0.32334634161041464 0.7620509884281581 0.05 0.05
0 0.2973096974445516 0.7774801108968178 0.05 0.05
0 0.36963370901639336 0.798052274188364 0.05 0.05
0 0.44774364151398266 0.6424752892960464 0.05 0.05
0 0.4525652422854387 0.5730442381870782 0.05 0.05
0 0.4053135547251688 0.5267568707810993 0.05 0.05
0 0.39374171287367404 0.5048989472838316 0.05 0.05
0 0.5075314910800386 0.5344714320154292 0.05 0.05
0 0.54803293756027 0.46761190131790425 0.05 0.05
0 0.5615334197203471 0.5949021616843458 0.05 0.05
0 0.6377147119093538 0.5781872790099647 0.05 0.05
0 0.7977918575216971 0.6411895290903247 0.05 0.05
0 0.8411862644648023 0.5203280697524912 0.05 0.05
0 0.8257571419961428 0.983201743812279 0.05 0.05
0 0.9183318768081004 0.9754871825779492 0.05 0.05
0 0.1921988006268081 0.5126135085181613 0.05 0.05
0 0.09287382473481195 0.5074704676952748 0.05 0.05
0 0.31852474083895854 0.2580329877852781 0.05 0.05
0 0.33781114392478306 0.17317281420765032 0.05 0.05
0 0.3175604206846673 0.12559968659594994 0.05 0.05
0 0.2847735354387657 0.09345568145290907 0.05 0.05
0 0.3069528989874638 0.10374176309868209 0.05 0.05
0 0.33202522299903564 0.10245600289296052 0.05 0.05
0 0.2789876145130183 0.04716831404693025 0.05 0.05
0 0.2953810571359692 0.04073951301832217 0.05 0.05
0 0.44774364151398266 0.21174562037929925 0.05 0.05
0 0.40242059426229504 0.18603041626486672 0.05 0.05
0 0.6193926289778207 0.15517217132754743 0.05 0.05
0 0.6589297553037607 0.15388641112182586 0.05 0.05
0 0.7254678459498554 0.1088848039215686 0.05 0.05
0 0.7273964862584378 0.09345568145290907 0.05 0.05
0 0.5538188584860173 0.1500291305046609 0.05 0.05
