0 0.20664805761099364 0.13106280831571518 0.05 0.05
0 0.21457617600422835 0.14163363284002795 0.05 0.05
0 0.27165862843551797 0.09512200493305123 0.05 0.05
0 0.2811723705073996 0.09300784002818858 0.05 0.05
0 0.29702860729386893 0.06340953136011258 0.05 0.05
0 0.33508357558139534 0.09089367512332605 0.05 0.05
0 0.344597317653277 0.08032285059901317 0.05 0.05
0 0.44290598572938694 0.21140107470049305 0.05 0.05
0 0.46193346987315015 0.19660192036645513 0.05 0.05
0 0.25263114429175476 0.19660192036645513 0.05 0.05
0 0.30495672568710364 0.21562940451021836 0.05 0.05
0 0.2256755417547569 0.27905435165609566 0.05 0.05
0 0.3303267045454546 0.33190847427766007 0.05 0.05
0 0.3842379096194503 0.32133764975334717 0.05 0.05
0 0.3985085227272728 0.513726656095842 0.05 0.05
0 0.39375165169133197 0.48835667723749104 0.05 0.05
0 0.45876222251585624 0.5369824700493304 0.05 0.05
0 0.5237727933403806 0.5496674594785059 0.05 0.05
0 0.5443859011627907 0.4799000176180408 0.05 0.05
0 0.6601364297040171 0.52852581042988 0.05 0.05
0 0.47778970665961956 0.6807456835799858 0.05 0.05
0 0.16859308932346723 0.7166864869626496 0.05 0.05
0 0.19237744450317124 0.7314856412966877 0.05 0.05
0 0.8615106368921778 0.9830712649753347 0.05 0.05
0 0.8519968948202962 0.46510086328400274 0.05 0.05
0 0.8060138081395349 0.3741917723749117 0.05 0.05
0 0.733075118921776 0.30865266032417177 0.05 0.05
0 0.7679588398520085 0.29596767089499637 0.05 0.05
0 0.6585508060253701 0.23888521846370664 0.05 0.05
0 0.7013626453488373 0.24522771317829437 0.05 0.05
0 0.6522083113107823 0.13529113812544022 0.05 0.05
0 0.8916374867864695 0.27482602184637045 0.05 0.05
