0 0.6648191048895897 0.4372491675429375 0.05 0.05
0 0.7110861921661407 0.3643434542586753 0.05 0.05
0 0.7194983898527862 0.496134551349457 0.05 0.05
0 0.7584048041535223 0.3825698825797409 0.05 0.05
0 0.7720746253943214 0.4666918594461972 0.05 0.05
0 0.7689200512618293 0.5802565282159133 0.05 0.05
0 0.85935117639327 0.5353914738871366 0.05 0.05
0 0.9203396096214508 0.6082971871713987 0.05 0.05
0 0.5480998619873815 0.5213711444093938 0.05 0.05
0 0.5649242573606728 0.4989386172450055 0.05 0.05
0 0.542842238433228 0.46528982649842293 0.05 0.05
0 0.5049873488433226 0.5339894409393623 0.05 0.05
0 0.40614402602523647 0.5325874079915881 0.05 0.05
0 0.3924742047844373 0.5045467490361025 0.05 0.05
0 0.40929860015772856 0.4835162548194885 0.05 0.05
0 0.40719555073606717 0.7737370750087629 0.05 0.05
0 0.3924742047844373 0.8129939975464425 0.05 0.05
0 0.3272796727129337 0.7737370750087629 0.05 0.05
0 0.26839428890641426 0.7653248773221172 0.05 0.05
0 0.09699576104100949 0.4176207062740977 0.05 0.05
0 0.102253384595163 0.37555971784086944 0.05 0.05
0 0.19373603443743423 0.34331296004206124 0.05 0.05
0 0.22528177576235536 0.32648856466876996 0.05 0.05
0 0.28837325841219763 0.3363027953031898 0.05 0.05
0 0.37144371056782327 0.3208804328776729 0.05 0.05
0 0.36618608701366967 0.2844275762355418 0.05 0.05
0 0.4450504403259726 0.3012519716088331 0.05 0.05
0 0.44610196503680327 0.20731576410795682 0.05 0.05
0 0.2862702089905362 0.21432592884682813 0.05 0.05
0 0.290476307833859 0.18207917104801996 0.05 0.05
0 0.2641881900630914 0.19750153347353697 0.05 0.05
0 0.24526074526813874 0.2199340606379253 0.05 0.05
0 0.19268450972660353 0.09375109533824073 0.05 0.05
0 0.22317872634069397 0.08814296354714367 0.05 0.05
0 0.27680648659305984 0.09795719418156364 0.05 0.05
0 0.2862702089905362 0.0909470294426922 0.05 0.05
0 0.3157129008937959 0.0909470294426922 0.05 0.05
0 0.5964699986855939 0.1273998860848233 0.05 0.05
0 0.5586151090956886 0.13300801787592037 0.05 0.05
0 0.7047770439011564 0.11478158955485493 0.05 0.05
0 0.7867959713459514 0.20170763231685976 0.05 0.05
