0 0.2825272817460317 0.08966600529100527 0.05 0.05
0 0.2984002976190475 0.084375 0.05 0.05
0 0.3162574404761904 0.09495701058201055 0.05 0.05
0 0.2626860119047619 0.12405753968253966 0.05 0.05
0 0.2706225198412698 0.1558035714285714 0.05 0.05
0 0.18530505952380946 0.17432208994708986 0.05 0.05
0 0.20911458333333321 0.2192956349206348 0.05 0.05
0 0.25474950396825385 0.21400462962962952 0.05 0.05
0 0.24681299603174595 0.26426917989417986 0.05 0.05
0 0.0345114087301587 0.5843749999999999 0.05 0.05
0 0.0702256944444444 0.5552744708994709 0.05 0.05
0 0.1912574404761904 0.7933697089947089 0.05 0.05
0 0.2765749007936507 0.8145337301587301 0.05 0.05
0 0.34998759920634914 0.7669146825396825 0.05 0.05
0 0.365860615079365 0.8118882275132274 0.05 0.05
0 0.4114955357142856 0.7536871693121692 0.05 0.05
0 0.4511780753968253 0.7457506613756613 0.05 0.05
0 0.46506696428571415 0.6690310846560846 0.05 0.05
0 0.38967013888888885 0.5076554232804232 0.05 0.05
0 0.4015749007936507 0.5261739417989417 0.05 0.05
0 0.3857018849206348 0.18490410052910042 0.05 0.05
0 0.4333209325396824 0.2060681216931216 0.05 0.05
0 0.4610987103174602 0.2060681216931216 0.05 0.05
0 0.5384796626984125 0.21400462962962952 0.05 0.05
0 0.7825272817460316 0.22458664021164007 0.05 0.05
0 0.8202256944444442 0.22458664021164007 0.05 0.05
0 0.7805431547619046 0.2907242063492063 0.05 0.05
0 0.7487971230158729 0.3013062169312169 0.05 0.05
0 0.7487971230158729 0.40977182539682533 0.05 0.05
0 0.5424479166666665 0.4706183862433862 0.05 0.05
0 0.5761780753968252 0.49178240740740736 0.05 0.05
0 0.5682415674603173 0.5182374338624337 0.05 0.05
0 0.5087177579365079 0.5235284391534392 0.05 0.05
0 0.721019345238095 0.8039517195767195 0.05 0.05
0 0.7607018849206347 0.9626818783068782 0.05 0.05
0 0.8261780753968251 0.9468088624338623 0.05 0.05
