0 0.18544034090909087 0.14702068764568768 0.05 0.05
0 0.1946186625874126 0.15751019813519812 0.05 0.05
0 0.18937390734265733 0.24492278554778554 0.05 0.05
0 0.23133194930069928 0.2501675407925408 0.05 0.05
0 0.26411166958041965 0.26065705128205136 0.05 0.05
0 0.28902425699300704 0.24492278554778554 0.05 0.05
0 0.29951376748251757 0.24492278554778554 0.05 0.05
0 0.3113144667832168 0.18023747086247088 0.05 0.05
0 0.33098229895104897 0.18023747086247088 0.05 0.05
0 0.2772235576923077 0.09282488344988345 0.05 0.05
0 0.28902425699300704 0.09632138694638688 0.05 0.05
0 0.31655922202797204 0.09632138694638688 0.05 0.05
0 0.33753824300699303 0.10156614219114223 0.05 0.05
0 0.3506501311188811 0.13478292540792533 0.05 0.05
0 0.3506501311188811 0.08758012820512823 0.05 0.05
0 0.34147180944055944 0.08058712121212111 0.05 0.05
0 0.4411221590909092 0.20995775058275054 0.05 0.05
0 0.45030048076923085 0.21869900932400935 0.05 0.05
0 0.37294034090909095 0.5071605477855478 0.05 0.05
0 0.39391936188811194 0.5316360722610723 0.05 0.05
0 0.46472355769230766 0.5368808275058276 0.05 0.05
0 0.532905375874126 0.540377331002331 0.05 0.05
0 0.5709298513986015 0.5228948135198136 0.05 0.05
0 0.5932200611888112 0.5036640442890443 0.05 0.05
0 0.6889368444055946 0.32184586247086244 0.05 0.05
0 0.6050207604895105 0.2536640442890442 0.05 0.05
0 0.546017263986014 0.4704472610722611 0.05 0.05
0 0.3427829982517483 0.832335372960373 0.05 0.05
