0 0.31369153446389497 0.09622766229029907 0.05 0.05
0 0.18732391958424505 0.19688411743253093 0.05 0.05
0 0.238199193107221 0.20782503646972994 0.05 0.05
0 0.2660985366520788 0.19688411743253093 0.05 0.05
0 0.30056243161925605 0.18594319839533177 0.05 0.05
0 0.3350263265864333 0.17500227935813265 0.05 0.05
0 0.4417002871991248 0.20782503646972994 0.05 0.05
0 0.4597528036105033 0.20782503646972994 0.05 0.05
0 0.362925670131291 0.26909418307804506 0.05 0.05
0 0.5450919721006565 0.2056368526622901 0.05 0.05
0 0.5615033506564553 0.19688411743253093 0.05 0.05
0 0.7453107904814005 0.10935676513493782 0.05 0.05
0 0.7830569611597376 0.3259869620714806 0.05 0.05
0 0.763363306892779 0.40476157913931426 0.05 0.05
0 0.7223348605032824 0.3369278811086797 0.05 0.05
0 0.5434508342450767 0.4725952771699489 0.05 0.05
0 0.4991401121444202 0.5535580780452224 0.05 0.05
0 0.40231297866520793 0.5229235047410649 0.05 0.05
0 0.39410728938730855 0.5054180342815463 0.05 0.05
0 0.100343613238512 0.4529016229029904 0.05 0.05
0 0.13316637035010936 0.5097944018964259 0.05 0.05
0 0.10526702680525162 0.623579959883297 0.05 0.05
0 0.07080313183807435 0.6520263493800146 0.05 0.05
0 0.03141582330415749 0.7286127826404083 0.05 0.05
0 0.15614230032822754 0.759247355944566 0.05 0.05
0 0.16763026531728661 0.7833173778264041 0.05 0.05
0 0.3284617751641138 0.8314574215900803 0.05 0.05
0 0.3481554294310722 0.7942582968636033 0.05 0.05
0 0.39082501367614875 0.8008228482859228 0.05 0.05
0 0.41544208150984685 0.8817856491611963 0.05 0.05
0 0.42200663293216634 0.7680000911743253 0.05 0.05
0 0.45811166575492346 0.7526828045222466 0.05 0.05
0 0.4499059764770242 0.6476499817651349 0.05 0.05
