0 0.20355332392197129 0.09036404859685139 0.05 0.05
0 0.19123299537987687 0.10405330253251203 0.05 0.05
0 0.22614059291581112 0.08762619780971939 0.05 0.05
0 0.27439521303901443 0.09583975017111565 0.05 0.05
0 0.29082231776180706 0.09310189938398353 0.05 0.05
0 0.2928757058521561 0.16702387063655025 0.05 0.05
0 0.27542190708418895 0.16839279603011642 0.05 0.05
0 0.22511389887063657 0.1724995722108145 0.05 0.05
0 0.22306051078028752 0.2012470054757016 0.05 0.05
0 0.21484695841889123 0.20946055783709785 0.05 0.05
0 0.2651549666324436 0.30254748459958936 0.05 0.05
0 0.12655127053388093 0.4914591889117043 0.05 0.05
0 0.1501652335728953 0.5133619952087611 0.05 0.05
0 0.14605845739219717 0.6242449520876113 0.05 0.05
0 0.2117668762833676 0.4969348904859686 0.05 0.05
0 0.19123299537987687 0.776195670773443 0.05 0.05
0 0.4520132828542095 0.5297890999315538 0.05 0.05
0 0.4971878208418892 0.5297890999315538 0.05 0.05
0 0.5454424409650925 0.5229444729637236 0.05 0.05
0 0.5670030159137578 0.5024105920602328 0.05 0.05
0 0.5454424409650925 0.47092530800821364 0.05 0.05
0 0.5988305313141684 0.5831771902806298 0.05 0.05
0 0.6121775539014375 0.6078178473648187 0.05 0.05
0 0.6635122561601643 0.5954975188227242 0.05 0.05
0 0.7959557879876797 0.5790704140999315 0.05 0.05
0 0.8770646175564684 0.6584680869267625 0.05 0.05
0 0.8277833033880905 0.18071312457221086 0.05 0.05
0 0.5505759111909652 0.19303345311430534 0.05 0.05
0 0.45406667094455855 0.19850915468856947 0.05 0.05
0 0.4448264245379877 0.22314981177275836 0.05 0.05
0 0.613204247946612 0.04245165982203965 0.05 0.05
0 0.5875368968172485 0.05887876454483229 0.05 0.05
