0 0.08612358365477338 0.5344714320154292 0.05 0.05
0 0.12758935028929605 0.37375140630022513 0.05 0.05
0 0.27705897420443587 0.398180850208936 0.05 0.05
0 0.30984585945033755 0.39560932979749286 0.05 0.05
0 0.243307768804243 0.615474324975892 0.05 0.05
0 0.38795579194792673 0.5087562279009965 0.05 0.05
0 0.4130281159594985 0.5228995901639345 0.05 0.05
0 0.414956756268081 0.475326462552234 0.05 0.05
0 0.5027098903085825 0.5409002330440373 0.05 0.05
0 0.7225748854869817 0.8391966007714562 0.05 0.05
0 0.8826520310993249 0.5884733606557379 0.05 0.05
0 0.6840020793153327 0.37117988588878176 0.05 0.05
0 0.6801447986981677 0.24903266634522664 0.05 0.05
0 0.6550724746865959 0.2323177836708454 0.05 0.05
0 0.6656799963837994 0.17703009482481516 0.05 0.05
0 0.7322180870298939 0.24260386531661857 0.05 0.05
0 0.7727195335101253 0.23746082449373204 0.05 0.05
0 0.8045420986017359 0.2991773143683704 0.05 0.05
0 0.8315430629218901 0.3171779572484732 0.05 0.05
0 0.5972132654291225 0.09216992124718738 0.05 0.05
0 0.3947060330279653 0.20788833976213444 0.05 0.05
0 0.3484186656219864 0.22460322243651565 0.05 0.05
0 0.25584393081002893 0.2323177836708454 0.05 0.05
0 0.2500580098842816 0.20660257955641276 0.05 0.05
0 0.21919976494696236 0.21303138058502094 0.05 0.05
0 0.18448423939247832 0.08831264063002256 0.05 0.05
0 0.2828448951301832 0.13588576824172297 0.05 0.05
0 0.28380921528447445 0.09859872227579558 0.05 0.05
0 0.31563178037608486 0.12945696721311475 0.05 0.05
0 0.3108101796046287 0.09474144165863076 0.05 0.05
0 0.34745434546769527 0.10245600289296052 0.05 0.05
0 0.4082065151880424 0.2631760286081646 0.05 0.05
0 0.4496722818225651 0.2104598601735777 0.05 0.05
0 0.3272036222275796 0.2696048296367728 0.05 0.05
0 0.3561332268563163 0.29532003375120547 0.05 0.05
0 0.5422470166345226 0.4727549421407907 0.05 0.05
