0 0.5470686174059788 0.46889766152362594 0.05 0.05
0 0.5017455701542912 0.5241853503696561 0.05 0.05
0 0.3889201121022179 0.4997559064609451 0.05 0.05
0 0.44388636089681777 0.5769015188042431 0.05 0.05
0 0.4496722818225651 0.6283319270331085 0.05 0.05
0 0.7476472094985536 0.5987594423015108 0.05 0.05
0 0.3686693888621022 0.798052274188364 0.05 0.05
0 0.3050242586788814 0.7864804323368693 0.05 0.05
0 0.3165961005303761 0.7491933863709419 0.05 0.05
0 0.329132262536162 0.27860515107682426 0.05 0.05
0 0.38602715163934426 0.2747478704596593 0.05 0.05
0 0.44774364151398266 0.20660257955641276 0.05 0.05
0 0.27705897420443587 0.20017377852780455 0.05 0.05
0 0.2683800928158148 0.2451753857280617 0.05 0.05
0 0.196056081243973 0.14231456927033115 0.05 0.05
0 0.2587368912729026 0.08188383960141436 0.05 0.05
0 0.28380921528447445 0.04459679363548699 0.05 0.05
0 0.2500580098842816 0.04716831404693025 0.05 0.05
0 0.31177449975891997 0.09216992124718738 0.05 0.05
0 0.3349181834619094 0.10117024268723883 0.05 0.05
0 0.6097494274349085 0.1911734570877532 0.05 0.05
0 0.6193926289778207 0.17574433461909358 0.05 0.05
0 0.5933559848119575 0.16417249276759888 0.05 0.05
0 0.633857431292189 0.14745761009321764 0.05 0.05
0 0.6531438343780135 0.13717152844744465 0.05 0.05
0 0.6926809607039537 0.16802977338476383 0.05 0.05
0 0.7129316839440694 0.1333142478302797 0.05 0.05
