0 0.20445257867132866 0.05436334498834488 0.05 0.05
0 0.222809222027972 0.05436334498834488 0.05 0.05
0 0.24509943181818183 0.05261509324009322 0.05 0.05
0 0.2739455856643357 0.05436334498834488 0.05 0.05
0 0.24247705419580418 0.09806963869463867 0.05 0.05
0 0.3067253059440559 0.08408362470862467 0.05 0.05
0 0.3368826486013986 0.12604166666666666 0.05 0.05
0 0.361795236013986 0.11904865967365967 0.05 0.05
0 0.44440013111888116 0.21170600233100234 0.05 0.05
0 0.216253277972028 0.227440268065268 0.05 0.05
0 0.18478474650349652 0.3183493589743589 0.05 0.05
0 0.2988581730769231 0.29562208624708625 0.05 0.05
0 0.3198371940559441 0.29562208624708625 0.05 0.05
0 0.2962357954545454 0.4372304778554779 0.05 0.05
0 0.18871831293706293 0.44597173659673667 0.05 0.05
0 0.15200502622377624 0.42499271561771557 0.05 0.05
0 0.3893302010489511 0.5176500582750584 0.05 0.05
0 0.3985085227272728 0.5421255827505828 0.05 0.05
0 0.5571623688811189 0.5228948135198136 0.05 0.05
0 0.5794525786713287 0.49667103729603734 0.05 0.05
0 0.5545399912587412 0.4721955128205128 0.05 0.05
0 0.5047148164335665 0.7344332750582752 0.05 0.05
0 0.6869700611888112 0.8830346736596738 0.05 0.05
0 0.43522180944055944 0.7938738344988345 0.05 0.05
0 0.3998197115384616 0.7536640442890443 0.05 0.05
0 0.361795236013986 0.7589087995337995 0.05 0.05
0 0.33294908216783214 0.7693983100233102 0.05 0.05
0 0.7564630681818182 0.5351325757575758 0.05 0.05
0 0.8023546765734266 0.5508668414918415 0.05 0.05
0 0.6895924388111888 0.36555215617715625 0.05 0.05
0 0.7918651660839162 0.36205565268065265 0.05 0.05
0 0.8233336975524477 0.39177593240093245 0.05 0.05
