0 0.04636666266794626 0.5541446737044146 0.05 0.05
0 0.05404420585412669 0.65267314459373 0.05 0.05
0 0.19415936900191944 0.7396853007037748 0.05 0.05
0 0.27669295825335893 0.7755138355726168 0.05 0.05
0 0.20759506957773516 0.39035708573256556 0.05 0.05
0 0.3956948776391555 0.5004018714011517 0.05 0.05
0 0.41296934980806144 0.5221549104286628 0.05 0.05
0 0.4148887356046066 0.4786488323736405 0.05 0.05
0 0.5012610964491364 0.5387895873320537 0.05 0.05
0 0.5454069697696737 0.5183161388355726 0.05 0.05
0 0.5588426703454895 0.4914447376839411 0.05 0.05
0 0.5434875839731287 0.45945497440818944 0.05 0.05
0 0.800685280710173 0.4389815259117083 0.05 0.05
0 0.740224628119002 0.7550403870761356 0.05 0.05
0 0.8553877759117082 0.7153730806142035 0.05 0.05
0 0.8026046665067179 0.1638695617402431 0.05 0.05
0 0.7565394073896354 0.10244921625079968 0.05 0.05
0 0.6644088891554703 0.10756757837491998 0.05 0.05
0 0.4446392154510558 0.20737563979526547 0.05 0.05
0 0.3208388315738964 0.14211652271273192 0.05 0.05
0 0.2699751079654511 0.15619201855406264 0.05 0.05
0 0.2670960292706334 0.20993482085732562 0.05 0.05
0 0.30452405230326296 0.09221249200255907 0.05 0.05
0 0.3515490043186181 0.09093290147152899 0.05 0.05
0 0.2085547624760077 0.07301863403710804 0.05 0.05
0 0.1960787547984645 0.07301863403710804 0.05 0.05
