0 0.01958549300867888 0.5949021616843458 0.05 0.05
0 0.006085010848601735 0.6579044117647059 0.05 0.05
0 0.13530391152362584 0.5499005544840887 0.05 0.05
0 0.11216022782063646 0.4084669318547091 0.05 0.05
0 0.09190950458052075 0.39689509000321443 0.05 0.05
0 0.16230487584378014 0.4071811716489876 0.05 0.05
0 0.24620072926711672 0.20145953873352623 0.05 0.05
0 0.28091625482160076 0.2606045081967213 0.05 0.05
0 0.3165961005303761 0.25546146737383485 0.05 0.05
0 0.3329895431533269 0.24388962552234011 0.05 0.05
0 0.290559456364513 0.19374497749919636 0.05 0.05
0 0.2597012114271938 0.1461718498874961 0.05 0.05
0 0.2828448951301832 0.09474144165863076 0.05 0.05
0 0.3108101796046287 0.09602720186435233 0.05 0.05
0 0.3435970648505304 0.09859872227579558 0.05 0.05
0 0.21630680448408873 0.7389073047251689 0.05 0.05
0 0.2924880966730955 0.7479076261652202 0.05 0.05
0 0.30309561837029897 0.7787658711025395 0.05 0.05
0 0.3657764283992285 0.7851946721311476 0.05 0.05
0 0.45352956243972997 0.6463325699132112 0.05 0.05
0 0.4082065151880424 0.528042630986821 0.05 0.05
0 0.39759899349083894 0.4997559064609451 0.05 0.05
0 0.5046385306171649 0.5228995901639345 0.05 0.05
0 0.6029991863548698 0.5216138299582128 0.05 0.05
0 0.5461042972516875 0.4637546207007394 0.05 0.05
0 0.6975025614754098 0.46118310028929604 0.05 0.05
0 0.7688622528929605 0.6386180086788814 0.05 0.05
0 0.8807233907907426 0.45346853905496626 0.05 0.05
0 0.8296144226133076 0.28374819189971073 0.05 0.05
0 0.7746481738187079 0.3081776358084217 0.05 0.05
0 0.612642387897782 0.3338928399228545 0.05 0.05
0 0.6463935932979749 0.26703330922532953 0.05 0.05
0 0.6029991863548698 0.23874658469945362 0.05 0.05
0 0.5856414235776277 0.1513148907103826 0.05 0.05
0 0.7052171227097397 0.15260065091610417 0.05 0.05
0 0.7418612885728061 0.23360354387656698 0.05 0.05
0 0.7852556955159112 0.24131810511089688 0.05 0.05
0 0.3966346733365477 0.2503184265509483 0.05 0.05
0 0.43810043997107034 0.20660257955641276 0.05 0.05
0 0.4525652422854387 0.198888018322083 0.05 0.05
0 0.2664514525072324 0.4457539778206365 0.05 0.05
0 0.5846771034233365 0.13074272741883644 0.05 0.05
0 0.3812055508678881 0.13717152844744465 0.05 0.05
