0 0.18552213291746641 0.15875119961612302 0.05 0.05
0 0.2450230926103647 0.20097768714011507 0.05 0.05
0 0.3064434380998081 0.16770833333333332 0.05 0.05
0 0.4427198296545106 0.21377359245041586 0.05 0.05
0 0.21911138435700578 0.6897812699936021 0.05 0.05
0 0.1826430542226488 0.7396853007037748 0.05 0.05
0 0.5022207893474089 0.5362304062699936 0.05 0.05
0 0.403372420825336 0.5272732725527831 0.05 0.05
0 0.3976142634357006 0.4607345649392194 0.05 0.05
0 0.4158484285028791 0.41978766794625716 0.05 0.05
0 0.38801733445297504 0.5016814619321817 0.05 0.05
0 0.5454069697696737 0.46713251759436974 0.05 0.05
0 0.6116257797504799 0.32253878758797183 0.05 0.05
0 0.6740058181381958 0.2649572136916187 0.05 0.05
0 0.6653685820537428 0.3698836372360844 0.05 0.05
0 0.7047159908829175 0.36732445617402426 0.05 0.05
0 0.8419520753358926 0.4645733365323096 0.05 0.05
0 0.905291806621881 0.4863263755598208 0.05 0.05
0 0.8544280830134356 0.7883097408829175 0.05 0.05
0 0.7776526511516315 0.9700115962891875 0.05 0.05
0 0.6960787547984646 0.941860604606526 0.05 0.05
0 0.6557716530710174 0.18306341970569412 0.05 0.05
0 0.6279405590211133 0.180504238643634 0.05 0.05
0 0.6106660868522074 0.09605126359564929 0.05 0.05
0 0.5789962212092131 0.09989003518873953 0.05 0.05
0 0.7901286588291747 0.17538587651951368 0.05 0.05
0 0.34962961852207297 0.09349208253358915 0.05 0.05
0 0.30548374520153554 0.09733085412667937 0.05 0.05
0 0.27477357245681383 0.09733085412667937 0.05 0.05
0 0.2517409428982726 0.09477167306461923 0.05 0.05
