0 0.10225338459516302 0.5381955397826851 0.05 0.05
0 0.16008724369085173 0.7344801524710832 0.05 0.05
0 0.17796316377497368 0.35172515772870694 0.05 0.05
0 0.2610336159305993 0.3180763669821244 0.05 0.05
0 0.3167644256046266 0.3180763669821244 0.05 0.05
0 0.34936169164037845 0.3236844987732214 0.05 0.05
0 0.2915278325446897 0.21712999474237668 0.05 0.05
0 0.2578790417981072 0.20170763231685976 0.05 0.05
0 0.21476652865404833 0.07692669996494957 0.05 0.05
0 0.27049733832807565 0.11337955660708067 0.05 0.05
0 0.2820641101472134 0.09375109533824073 0.05 0.05
0 0.2915278325446897 0.09375109533824073 0.05 0.05
0 0.2862702089905362 0.06991653522607813 0.05 0.05
0 0.5155025959516297 0.5395975727304594 0.05 0.05
0 0.5470483372765508 0.5283813091482652 0.05 0.05
0 0.5691303562039957 0.5101548808271996 0.05 0.05
0 0.5523059608307043 0.4793101559761657 0.05 0.05
0 0.41035012486855926 0.5297833420960394 0.05 0.05
0 0.3977318283385908 0.5101548808271996 0.05 0.05
0 0.41350469900105136 0.4877223536628113 0.05 0.05
0 0.45556568743427955 0.6489561426568525 0.05 0.05
0 0.4797507557833858 0.7204598229933405 0.05 0.05
0 0.6648191048895897 0.7485004819488259 0.05 0.05
0 0.7436834582018925 0.3012519716088331 0.05 0.05
0 0.795208169032597 0.32648856466876996 0.05 0.05
0 0.8036203667192424 0.31667433403435014 0.05 0.05
0 0.8299084844900101 0.30405603750438165 0.05 0.05
0 0.85935117639327 0.25077878548895927 0.05 0.05
0 0.6795404508412195 0.08253483175604662 0.05 0.05
0 0.45661721214511025 0.20170763231685976 0.05 0.05
0 0.18216926261829652 0.13300801787592037 0.05 0.05
