0 0.45030806388012606 0.7681289432176658 0.05 0.05
0 0.45872026156677165 0.702233394672275 0.05 0.05
0 0.41035012486855926 0.5395975727304594 0.05 0.05
0 0.4019379271819137 0.5143609796705225 0.05 0.05
0 0.41455622371188217 0.4821142218717142 0.05 0.05
0 0.5112964971083069 0.5339894409393623 0.05 0.05
0 0.5565120596740272 0.5185670785138453 0.05 0.05
0 0.5638727326498421 0.496134551349457 0.05 0.05
0 0.542842238433228 0.486320320715037 0.05 0.05
0 0.5775425538906412 0.6980272958289522 0.05 0.05
0 0.6679736790220818 0.7344801524710832 0.05 0.05
0 0.7237044886961091 0.6601724062390468 0.05 0.05
0 0.7405288840694004 0.5844626270592361 0.05 0.05
0 0.8246508609358567 0.5802565282159133 0.05 0.05
0 0.9234941837539428 0.6419459779179812 0.05 0.05
0 0.8257023856466873 0.19049136873466566 0.05 0.05
0 0.7531471805993688 0.2003055993690855 0.05 0.05
0 0.663767580178759 0.1722649404136 0.05 0.05
0 0.6595614813354361 0.15824461093585734 0.05 0.05
0 0.5922638998422711 0.2451706536978622 0.05 0.05
0 0.45556568743427955 0.21152186295127962 0.05 0.05
0 0.42717452024185054 0.19890356642131124 0.05 0.05
0 0.40824707544689787 0.20310966526463403 0.05 0.05
0 0.3272796727129337 0.2199340606379253 0.05 0.05
0 0.2852186842797055 0.21712999474237668 0.05 0.05
0 0.2578790417981072 0.11337955660708067 0.05 0.05
0 0.27154886303890635 0.09515312828601499 0.05 0.05
0 0.2810125854363827 0.08954499649491794 0.05 0.05
0 0.19373603443743423 0.08393686470382088 0.05 0.05
0 0.3062491784963196 0.14843038030143738 0.05 0.05
0 0.3115068020504731 0.09795719418156364 0.05 0.05
0 0.326228148002103 0.10076126007711217 0.05 0.05
0 0.36618608701366967 0.08533889765159515 0.05 0.05
0 0.37880438354363816 0.08674093059936941 0.05 0.05
