0 0.1940872609289617 0.10213456284153027 0.05 0.05
0 0.23507086748633882 0.09484858834244084 0.05 0.05
0 0.3074752390710383 0.08391962659380686 0.05 0.05
0 0.38671021174863396 0.24421106557377048 0.05 0.05
0 0.4263276980874318 0.24421106557377048 0.05 0.05
0 0.44408726092896184 0.2132456739526411 0.05 0.05
0 0.4536501024590164 0.21142418032786878 0.05 0.05
0 0.3552894467213115 0.25149704007285983 0.05 0.05
0 0.3443604849726776 0.26424749544626586 0.05 0.05
0 0.32660092213114755 0.2715334699453552 0.05 0.05
0 0.30610911885245906 0.23692509107468115 0.05 0.05
0 0.2596610314207651 0.2387465846994535 0.05 0.05
0 0.2063823428961749 0.23692509107468115 0.05 0.05
0 0.20774846311475414 0.2715334699453552 0.05 0.05
0 0.26922387295081973 0.2861054189435336 0.05 0.05
0 0.13944245218579238 0.4154314663023679 0.05 0.05
0 0.11348616803278691 0.6831910291438981 0.05 0.05
0 0.2746883538251367 0.5629724499089253 0.05 0.05
0 0.3949069330601093 0.4992201730418943 0.05 0.05
0 0.3771473702185793 0.5356500455373406 0.05 0.05
0 0.45501622267759567 0.6904770036429873 0.05 0.05
0 0.40037141393442627 0.7651582422586521 0.05 0.05
0 0.3716828893442624 0.7924806466302369 0.05 0.05
0 0.3020107581967214 0.7633367486338798 0.05 0.05
0 0.4563823428961749 0.8125170765027323 0.05 0.05
0 0.5465462773224046 0.5247210837887067 0.05 0.05
0 0.5779670423497268 0.49557718579234966 0.05 0.05
0 0.5520107581967213 0.46096880692167574 0.05 0.05
0 0.6763276980874318 0.20231671220400724 0.05 0.05
0 0.7022839822404372 0.1986737249544627 0.05 0.05
0 0.770589993169399 0.2187101548269581 0.05 0.05
0 0.8170380806010928 0.34257172131147534 0.05 0.05
0 0.7459998292349728 0.36989412568306007 0.05 0.05
0 0.7337047472677597 0.44821835154826956 0.05 0.05
0 0.6681309767759563 0.6358321948998179 0.05 0.05
0 0.6558358948087433 0.6722620673952642 0.05 0.05
0 0.7733222336065575 0.6686190801457195 0.05 0.05
0 0.8293331625683061 0.6340107012750456 0.05 0.05
0 0.892174692622951 0.7305498633879781 0.05 0.05
0 0.9686774248633881 0.6831910291438981 0.05 0.05
0 0.9686774248633881 0.8944842896174864 0.05 0.05
0 0.7856173155737706 0.8179815573770493 0.05 0.05
0 0.7746883538251368 0.8835553278688526 0.05 0.05
