0 0.03495580310199795 0.4666918594461972 0.05 0.05
0 0.08227441508937963 0.4835162548194885 0.05 0.05
0 0.19163298501577283 0.44005323343848607 0.05 0.05
0 0.23895159700315452 0.4470633981773574 0.05 0.05
0 0.4650294098317559 0.6924191640378551 0.05 0.05
0 0.49236905231335426 0.733078119523309 0.05 0.05
0 0.41035012486855926 0.5381955397826851 0.05 0.05
0 0.3977318283385908 0.5045467490361025 0.05 0.05
0 0.41350469900105136 0.4751040571328429 0.05 0.05
0 0.5102449723974762 0.5339894409393623 0.05 0.05
0 0.5502029114090429 0.5213711444093938 0.05 0.05
0 0.5638727326498421 0.4989386172450055 0.05 0.05
0 0.5407391890115666 0.4624857606028744 0.05 0.05
0 0.91928808491062 0.6671825709779181 0.05 0.05
0 0.7363227852260775 0.28022147739221903 0.05 0.05
0 0.692158747371188 0.23956252190676514 0.05 0.05
0 0.26208514064143 0.23956252190676514 0.05 0.05
0 0.23474549815983173 0.19189340168243993 0.05 0.05
0 0.20950890509989478 0.1316059849281461 0.05 0.05
0 0.21371500394321763 0.09795719418156364 0.05 0.05
0 0.26208514064143 0.14142021556256607 0.05 0.05
0 0.27365191246056775 0.09795719418156364 0.05 0.05
0 0.2862702089905362 0.0909470294426922 0.05 0.05
0 0.2547244676656151 0.05028807395723831 0.05 0.05
0 0.3167644256046266 0.09375109533824073 0.05 0.05
0 0.3283311974237644 0.10076126007711217 0.05 0.05
0 0.3630315128811776 0.08954499649491794 0.05 0.05
0 0.38301048238696095 0.08533889765159515 0.05 0.05
0 0.45872026156677165 0.21011983000350534 0.05 0.05
0 0.56071815851735 0.2045116982124083 0.05 0.05
