0 0.45241111330178746 0.7541086137399231 0.05 0.05
0 0.45977178627760235 0.6980272958289522 0.05 0.05
0 0.5018327747108305 0.5508138363126535 0.05 0.05
0 0.542842238433228 0.5185670785138453 0.05 0.05
0 0.5638727326498421 0.4989386172450055 0.05 0.05
0 0.5407391890115666 0.4666918594461972 0.05 0.05
0 0.41245317429022066 0.5311853750438137 0.05 0.05
0 0.3956287789169294 0.501742683140554 0.05 0.05
0 0.41981384726603566 0.4779081230283914 0.05 0.05
0 0.7731261501051521 0.7400882842621803 0.05 0.05
0 0.8782786211882225 0.7190577900455662 0.05 0.05
0 0.8193932373817031 0.23956252190676514 0.05 0.05
0 0.6196035423238694 0.12459582018927477 0.05 0.05
0 0.6090882952155623 0.09935922712933791 0.05 0.05
0 0.5838517021556255 0.1035653259726607 0.05 0.05
0 0.45241111330178746 0.21152186295127962 0.05 0.05
0 0.26734276419558356 0.09655516123378938 0.05 0.05
0 0.2810125854363827 0.09795719418156364 0.05 0.05
0 0.3136098514721345 0.10216329302488643 0.05 0.05
0 0.32412509858044153 0.10216329302488643 0.05 0.05
0 0.3630315128811776 0.08814296354714367 0.05 0.05
0 0.37459828470031536 0.08533889765159515 0.05 0.05
0 0.20004518270241847 0.06150433753943254 0.05 0.05
