0 0.2795867468287526 0.08877951021846364 0.05 0.05
0 0.29227173625792807 0.09089367512332605 0.05 0.05
0 0.33666919926004224 0.08877951021846352 0.05 0.05
0 0.35886793076109946 0.08877951021846352 0.05 0.05
0 0.4286353726215645 0.207172744890768 0.05 0.05
0 0.4540053514799155 0.2198577343199434 0.05 0.05
0 0.46034784619450325 0.1902594256518673 0.05 0.05
0 0.5903689878435519 0.23465688865398146 0.05 0.05
0 0.6078108483086682 0.22408606412966858 0.05 0.05
0 0.6395233218816069 0.17968860112755441 0.05 0.05
0 0.6870920322410149 0.1775744362226919 0.05 0.05
0 0.5523140195560254 0.47144335799859044 0.05 0.05
0 0.18286370243128963 0.623663231148696 0.05 0.05
0 0.21457617600422835 0.644804880197322 0.05 0.05
0 0.3081279730443975 0.8139380725863283 0.05 0.05
0 0.4920603197674419 0.991527924594785 0.05 0.05
0 0.8218700449260042 0.7209148167723748 0.05 0.05
0 0.8868806157505287 0.7040014975334742 0.05 0.05
