0 0.36384778809064605 0.8031953150112504 0.05 0.05
0 0.28091625482160076 0.7929092333654775 0.05 0.05
0 0.2982740175988428 0.7530506669881069 0.05 0.05
0 0.4409934004339441 0.5871876004500162 0.05 0.05
0 0.44195772058823524 0.6373322484731597 0.05 0.05
0 0.4082065151880424 0.5254711105753778 0.05 0.05
0 0.39759899349083894 0.4984701462552234 0.05 0.05
0 0.4949953290742526 0.531899911603986 0.05 0.05
0 0.603963506509161 0.5267568707810993 0.05 0.05
0 0.5499615778688525 0.4714691819350692 0.05 0.05
0 0.3011669780617165 0.46118310028929604 0.05 0.05
0 0.25584393081002893 0.4637546207007394 0.05 0.05
0 0.23752184787849567 0.4071811716489876 0.05 0.05
0 0.1950917610896818 0.42646757473481195 0.05 0.05
0 0.15941191538090643 0.4007523706203794 0.05 0.05
0 0.0909451844262295 0.41232421247187406 0.05 0.05
0 0.29634537729026034 0.4071811716489876 0.05 0.05
0 0.24427208895853428 0.2503184265509483 0.05 0.05
0 0.25391529050144646 0.23103202346512386 0.05 0.05
0 0.18448423939247832 0.09988448248151727 0.05 0.05
0 0.28766649590163934 0.09859872227579558 0.05 0.05
0 0.30598857883317265 0.09345568145290907 0.05 0.05
0 0.3484186656219864 0.09859872227579558 0.05 0.05
0 0.4487079616682738 0.20917409996785613 0.05 0.05
0 0.5972132654291225 0.276033630665381 0.05 0.05
0 0.6280715103664416 0.1500291305046609 0.05 0.05
0 0.6531438343780135 0.20660257955641276 0.05 0.05
0 0.672430237463838 0.20145953873352623 0.05 0.05
0 0.7650049722757956 0.16802977338476383 0.05 0.05
0 0.7640406521215043 0.1513148907103826 0.05 0.05
0 0.7987561776759884 0.17703009482481516 0.05 0.05
