0 0.08437746451104103 0.5269792762004909 0.05 0.05
0 0.2042512815457413 0.29424180686996165 0.05 0.05
0 0.24736379468980013 0.2928397739221874 0.05 0.05
0 0.23790007229232382 0.25919098317560496 0.05 0.05
0 0.28837325841219763 0.2563869172800563 0.05 0.05
0 0.24736379468980013 0.3783637837364181 0.05 0.05
0 0.30204307965299676 0.38958004731861234 0.05 0.05
0 0.3356918703995793 0.23535642306344234 0.05 0.05
0 0.32412509858044153 0.19189340168243993 0.05 0.05
0 0.3619799881703469 0.22974829127234528 0.05 0.05
0 0.3914226800736066 0.2087177970557311 0.05 0.05
0 0.4376897673501576 0.20170763231685976 0.05 0.05
0 0.45135958859095676 0.2045116982124083 0.05 0.05
0 0.6143459187697159 0.2563869172800563 0.05 0.05
0 0.6217065917455308 0.25077878548895927 0.05 0.05
0 0.6837465496845423 0.2129238958990539 0.05 0.05
0 0.7089831427444793 0.21011983000350534 0.05 0.05
0 0.7194983898527862 0.18488323694356848 0.05 0.05
0 0.7584048041535223 0.18207917104801996 0.05 0.05
0 0.759456328864353 0.12880191903259758 0.05 0.05
0 0.5438937631440587 0.46528982649842293 0.05 0.05
0 0.5638727326498421 0.496134551349457 0.05 0.05
0 0.5502029114090429 0.5227731773571681 0.05 0.05
0 0.5018327747108305 0.5269792762004909 0.05 0.05
0 0.4050925013144058 0.5297833420960394 0.05 0.05
0 0.3956287789169294 0.5073508149316511 0.05 0.05
0 0.41455622371188217 0.4793101559761657 0.05 0.05
0 0.3409494939537328 0.7891594374342799 0.05 0.05
0 0.6427370859621448 0.6854089992989837 0.05 0.05
0 0.6837465496845423 0.723263888888889 0.05 0.05
0 0.7279105875394319 0.6475541097090783 0.05 0.05
0 0.8046718914300733 0.8017777339642483 0.05 0.05
0 0.8614542258149314 0.6896150981423065 0.05 0.05
0 0.9539884003680331 0.6769968016123381 0.05 0.05
0 0.7499926064668767 0.4316410357518405 0.05 0.05
0 0.18847841088328074 0.16946087451805145 0.05 0.05
0 0.2042512815457413 0.13861614966701755 0.05 0.05
0 0.24736379468980013 0.09375109533824073 0.05 0.05
0 0.27260038774973705 0.1077714248159835 0.05 0.05
0 0.27260038774973705 0.09375109533824073 0.05 0.05
0 0.2589305665089379 0.06571043638275534 0.05 0.05
0 0.2936308819663511 0.0909470294426922 0.05 0.05
0 0.3115068020504731 0.09795719418156364 0.05 0.05
0 0.3335888209779179 0.08393686470382088 0.05 0.05
0 0.35146474106203984 0.08814296354714367 0.05 0.05
0 0.3588254140378548 0.04327790921836699 0.05 0.05
0 0.3903711553627759 0.04327790921836699 0.05 0.05
