0 0.2928757058521561 0.05614091375770016 0.05 0.05
0 0.27336851899383985 0.06024768993839835 0.05 0.05
0 0.23743422741273107 0.04518951060917177 0.05 0.05
0 0.1881529132443532 0.0479273613963039 0.05 0.05
0 0.17891266683778237 0.05614091375770016 0.05 0.05
0 0.05673607546201233 0.4367021731690623 0.05 0.05
0 0.1121775539014374 0.43122647159479816 0.05 0.05
0 0.22819398100616023 0.25737294661190974 0.05 0.05
0 0.23640753336755652 0.09720867556468171 0.05 0.05
0 0.2600214964065709 0.09857760095824777 0.05 0.05
0 0.28363545944558527 0.09720867556468171 0.05 0.05
0 0.29390239989733064 0.09173297399041758 0.05 0.05
0 0.3780913116016428 0.3518287987679672 0.05 0.05
0 0.3811713937371664 0.47366315879534576 0.05 0.05
0 0.3729578413757701 0.5010416666666667 0.05 0.05
0 0.45509336498973313 0.5393715776865161 0.05 0.05
0 0.49924120893223833 0.5475851300479124 0.05 0.05
0 0.49616112679671465 0.5886528918548939 0.05 0.05
0 0.4715204697125257 0.6310895790554415 0.05 0.05
0 0.330863385523614 0.803574178644764 0.05 0.05
0 0.7240872048254621 0.9117192847364819 0.05 0.05
0 0.8082761165297743 0.8268459103353868 0.05 0.05
0 0.8986251925051336 0.8802340006844628 0.05 0.05
0 0.757968108316222 0.7939917008898015 0.05 0.05
0 0.8616642068788503 0.5188376967830254 0.05 0.05
0 0.8205964450718687 0.24505261806981526 0.05 0.05
0 0.7836354594455853 0.27106220054757013 0.05 0.05
0 0.8750112294661193 0.2614797227926078 0.05 0.05
0 0.7487278619096511 0.20261593086926766 0.05 0.05
0 0.6881529132443533 0.2039848562628336 0.05 0.05
0 0.5485225231006161 0.2012470054757016 0.05 0.05
0 0.4520132828542095 0.2080916324435319 0.05 0.05
0 0.43558617813141687 0.20946055783709785 0.05 0.05
