0 0.20347681025369976 0.12683447850599 0.05 0.05
0 0.21774742336152214 0.11837781888653964 0.05 0.05
0 0.18603494978858348 0.11414948907681446 0.05 0.05
0 0.2256755417547569 0.1627752818886538 0.05 0.05
0 0.25421676797040166 0.15854695207892863 0.05 0.05
0 0.30178547832980973 0.14163363284002795 0.05 0.05
0 0.27324425211416487 0.09089367512332605 0.05 0.05
0 0.29702860729386893 0.09089367512332605 0.05 0.05
0 0.28592924154334043 0.09300784002818858 0.05 0.05
0 0.34142607029598315 0.08666534531360087 0.05 0.05
0 0.3477685650105709 0.076094520789288 0.05 0.05
0 0.43814911469344614 0.19660192036645513 0.05 0.05
0 0.4492484804439747 0.20294441508104283 0.05 0.05
0 0.45876222251585624 0.19871608527131765 0.05 0.05
0 0.13053812103594079 0.3974475863284001 0.05 0.05
0 0.17652120771670188 0.3953334214235376 0.05 0.05
0 0.5491427721987316 0.46932919309372784 0.05 0.05
0 0.23360366014799155 0.7716547744890767 0.05 0.05
0 0.7219757531712474 0.8266230620155037 0.05 0.05
0 0.804428184460888 0.8308513918252289 0.05 0.05
