0 0.02151413331726133 0.6694762536162007 0.05 0.05
0 0.1459114332208293 0.5293283911925426 0.05 0.05
0 0.39181307256509157 0.5010416666666667 0.05 0.05
0 0.17773399831243972 0.45989734008357447 0.05 0.05
0 0.40242059426229504 0.5293283911925426 0.05 0.05
0 0.4467793213596914 0.5897591208614593 0.05 0.05
0 0.45738684305689487 0.62961768723883 0.05 0.05
0 0.5084958112343297 0.531899911603986 0.05 0.05
0 0.5441756569431051 0.4663261411121827 0.05 0.05
0 0.552854538331726 0.7851946721311476 0.05 0.05
0 0.539354056171649 0.9549150192864031 0.05 0.05
0 0.612642387897782 0.9369143764063003 0.05 0.05
0 0.3744553097878495 0.7890519527483125 0.05 0.05
0 0.3088815392960463 0.7594794680167148 0.05 0.05
0 0.2751303338958534 0.7967665139826423 0.05 0.05
0 0.7052171227097397 0.3056061153969786 0.05 0.05
0 0.7312537668756026 0.29789155416264873 0.05 0.05
0 0.7515044901157184 0.2914627531340405 0.05 0.05
0 0.7534331304243009 0.2156029009964642 0.05 0.05
0 0.7013598420925747 0.20660257955641276 0.05 0.05
0 0.6145710282063644 0.17703009482481516 0.05 0.05
0 0.5933559848119575 0.18345889585342334 0.05 0.05
0 0.5972132654291225 0.16802977338476383 0.05 0.05
0 0.4101351554966248 0.2541757071681133 0.05 0.05
0 0.4448506810511089 0.20917409996785613 0.05 0.05
0 0.3397397842333655 0.10245600289296052 0.05 0.05
0 0.3069528989874638 0.09474144165863076 0.05 0.05
0 0.2886308160559306 0.23746082449373204 0.05 0.05
0 0.2587368912729026 0.21817442140790747 0.05 0.05
0 0.24137912849566057 0.21431714079074263 0.05 0.05
0 0.21630680448408873 0.17060129379620706 0.05 0.05
0 0.21244952386692387 0.23617506428801036 0.05 0.05
0 0.21341384402121505 0.03816799260687891 0.05 0.05
0 0.3484186656219864 0.036882232401157226 0.05 0.05
0 0.3339538633076181 0.036882232401157226 0.05 0.05
0 0.822864181533269 0.9857732642237224 0.05 0.05
