0 0.2732442521141649 0.09089367512332618 0.05 0.05
0 0.2811723705073996 0.09089367512332605 0.05 0.05
0 0.29227173625792807 0.09089367512332605 0.05 0.05
0 0.33984044661733626 0.09089367512332605 0.05 0.05
0 0.36203917811839326 0.09089367512332605 0.05 0.05
0 0.42070725422832983 0.046496212121211876 0.05 0.05
0 0.3969228990486259 0.04438204721634934 0.05 0.05
0 0.4349778673361523 0.20294441508104283 0.05 0.05
0 0.46034784619450325 0.19448775546159247 0.05 0.05
0 0.43814911469344614 0.21774356941508088 0.05 0.05
0 0.24311740221987313 0.3445934637068357 0.05 0.05
0 0.27641549947145877 0.3361368040873854 0.05 0.05
0 0.19237744450317124 0.6257773960535588 0.05 0.05
0 0.22091867071881605 0.6363482205778717 0.05 0.05
0 0.2621448863636363 0.7970247533474276 0.05 0.05
0 0.2621448863636363 0.7526272903453134 0.05 0.05
0 0.5824408694503173 0.5052699964763917 0.05 0.05
0 0.5507283958773785 0.46932919309372784 0.05 0.05
0 0.6680645480972517 0.49469917195207874 0.05 0.05
0 0.7061195163847781 0.7124581571529245 0.05 0.05
0 0.7536882267441861 0.6046357470049329 0.05 0.05
0 0.8155275502114167 0.5602382840028188 0.05 0.05
0 0.5549387992341358 0.14217952224653524 0.05 0.05
