0 0.22511389887063657 0.21493625941136188 0.05 0.05
0 0.264128272587269 0.21219840862422998 0.05 0.05
0 0.29082231776180706 0.21767411019849423 0.05 0.05
0 0.3185430569815196 0.1944023785078713 0.05 0.05
0 0.3411303259753594 0.20535378165639978 0.05 0.05
0 0.4212124614989734 0.23410121492128677 0.05 0.05
0 0.3996518865503081 0.21767411019849423 0.05 0.05
0 0.44277303644763866 0.21219840862422998 0.05 0.05
0 0.45509336498973313 0.20672270704996573 0.05 0.05
0 0.2466744738193019 0.31760566392881595 0.05 0.05
0 0.4715204697125257 0.6201381759069131 0.05 0.05
0 0.50642806724846 0.5886528918548939 0.05 0.05
0 0.4971878208418892 0.5434783538672143 0.05 0.05
0 0.45406667094455855 0.5284201745379877 0.05 0.05
0 0.5382555826488706 0.4668185318275154 0.05 0.05
0 0.26926174281314175 0.7844092231348392 0.05 0.05
0 0.6316847407597537 0.8364283880903491 0.05 0.05
0 0.8452371021560576 0.8939232546201233 0.05 0.05
0 0.9602268352156059 0.8966611054072554 0.05 0.05
0 0.8493438783367557 0.6105556981519508 0.05 0.05
0 0.7292206750513348 0.36962482888432574 0.05 0.05
0 0.6922596894250514 0.2751689767282683 0.05 0.05
0 0.6891796072895279 0.2436836926762491 0.05 0.05
0 0.6604321740246408 0.3354016940451745 0.05 0.05
0 0.7127935703285422 0.1259561088295688 0.05 0.05
0 0.7394876155030802 0.11363578028747436 0.05 0.05
0 0.2815820713552362 0.09583975017111565 0.05 0.05
0 0.29390239989733064 0.09173297399041758 0.05 0.05
0 0.19431307751540045 0.04929628678986996 0.05 0.05
0 0.5557093814168379 0.2012470054757016 0.05 0.05
