0 0.2684873810782241 0.0422678823114867 0.05 0.05
0 0.18603494978858348 0.03592538759689899 0.05 0.05
0 0.2669017573995772 0.09089367512332605 0.05 0.05
0 0.2827579941860465 0.09300784002818858 0.05 0.05
0 0.295442983615222 0.08666534531360087 0.05 0.05
0 0.33508357558139534 0.08666534531360087 0.05 0.05
0 0.35728230708245245 0.08666534531360087 0.05 0.05
0 0.2684873810782241 0.18814526074700477 0.05 0.05
0 0.29702860729386893 0.21562940451021836 0.05 0.05
0 0.45717659883720935 0.19871608527131765 0.05 0.05
0 0.20030556289640594 0.18814526074700477 0.05 0.05
0 0.709290763742072 0.16488944679351636 0.05 0.05
0 0.7299038715644821 0.17334610641296672 0.05 0.05
0 0.7743013345665963 0.16488944679351636 0.05 0.05
0 0.7425888609936576 0.23677105355884412 0.05 0.05
0 0.7061195163847781 0.22197189922480595 0.05 0.05
0 0.7029482690274842 0.5771516032417193 0.05 0.05
0 0.6522083113107823 0.6278915609584212 0.05 0.05
0 0.7378319899577168 0.6511473749119097 0.05 0.05
0 0.5507283958773785 0.47355752290345293 0.05 0.05
0 0.27324425211416487 0.7483989605355884 0.05 0.05
0 0.19237744450317124 0.7357139711064129 0.05 0.05
0 0.1527368525369979 0.6638323643410852 0.05 0.05
0 0.1368806157505285 0.6215490662438335 0.05 0.05
0 0.04967131342494711 0.6278915609584212 0.05 0.05
0 0.010030721458773751 0.630005725863284 0.05 0.05
