0 0.17969245507399575 0.0760945207892881 0.05 0.05
0 0.2082336812896406 0.08032285059901317 0.05 0.05
0 0.2669017573995772 0.09723616983791387 0.05 0.05
0 0.2811723705073996 0.09723616983791387 0.05 0.05
0 0.2906861125792812 0.08666534531360087 0.05 0.05
0 0.33666919926004224 0.09723616983791387 0.05 0.05
0 0.34301169397463005 0.08455118040873835 0.05 0.05
0 0.36045355443974636 0.2198577343199434 0.05 0.05
0 0.32081296247357294 0.22620022903453124 0.05 0.05
0 0.30178547832980973 0.24522771317829437 0.05 0.05
0 0.3509398123678647 0.2536843727977447 0.05 0.05
0 0.44132036205074004 0.21140107470049305 0.05 0.05
0 0.4508341041226216 0.21140107470049305 0.05 0.05
0 0.45876222251585624 0.19660192036645513 0.05 0.05
0 0.17334996035940803 0.28962517618040856 0.05 0.05
0 0.15749372357293867 0.3657351127554615 0.05 0.05
0 0.25580239164904867 0.3445934637068357 0.05 0.05
0 0.5459715248414377 0.46721502818886523 0.05 0.05
0 0.6189102140591967 0.4207034002818884 0.05 0.05
0 0.4460772330866808 0.6384623854827342 0.05 0.05
0 0.45717659883720935 0.7505131254404509 0.05 0.05
0 0.5824408694503173 0.8963905038759689 0.05 0.05
0 0.8155275502114167 0.20083025017618017 0.05 0.05
0 0.85516814217759 0.247341878083157 0.05 0.05
