0 0.23657670454545449 0.09806963869463878 0.05 0.05
0 0.2509997814685315 0.09981789044289044 0.05 0.05
0 0.21690887237762238 0.13303467365967367 0.05 0.05
0 0.26804523601398605 0.1662514568764569 0.05 0.05
0 0.28509069055944053 0.1365311771561771 0.05 0.05
0 0.3296711101398601 0.1365311771561771 0.05 0.05
0 0.31655922202797204 0.10156614219114223 0.05 0.05
0 0.33622705419580423 0.08233537296037288 0.05 0.05
0 0.34933894230769236 0.08058712121212111 0.05 0.05
0 0.37294034090909095 0.17674096736596734 0.05 0.05
0 0.31655922202797204 0.16275495337995333 0.05 0.05
0 0.32835992132867137 0.19771998834498833 0.05 0.05
0 0.282468312937063 0.22569201631701621 0.05 0.05
0 0.29558020104895105 0.23618152680652676 0.05 0.05
0 0.33360467657342663 0.27114656177156177 0.05 0.05
0 0.34409418706293715 0.2536640442890442 0.05 0.05
0 0.4083424388111888 0.24492278554778554 0.05 0.05
0 0.1788843968531469 0.325342365967366 0.05 0.05
0 0.21690887237762238 0.30611159673659666 0.05 0.05
0 0.2654228583916084 0.3183493589743589 0.05 0.05
0 0.3073809003496504 0.37604166666666666 0.05 0.05
0 0.3742515297202798 0.36555215617715625 0.05 0.05
0 0.2444438374125874 0.48792977855477854 0.05 0.05
0 0.4201431381118882 0.3585591491841491 0.05 0.05
0 0.014985795454545436 0.5631046037296038 0.05 0.05
0 0.05956621503496502 0.5788388694638694 0.05 0.05
0 0.19724104020979022 0.6190486596736596 0.05 0.05
0 0.3912969842657343 0.505412296037296 0.05 0.05
0 0.40309768356643366 0.5316360722610723 0.05 0.05
0 0.45030048076923085 0.5351325757575758 0.05 0.05
0 0.5171711101398602 0.5368808275058276 0.05 0.05
0 0.566996284965035 0.5281395687645688 0.05 0.05
0 0.5971536276223777 0.5036640442890443 0.05 0.05
0 0.546017263986014 0.4739437645687646 0.05 0.05
0 0.3152480332167832 0.7921255827505828 0.05 0.05
0 0.5197934877622379 0.7589087995337995 0.05 0.05
0 0.6168214597902099 0.617300407925408 0.05 0.05
0 0.705982298951049 0.5788388694638694 0.05 0.05
0 0.67189138986014 0.797370337995338 0.05 0.05
0 0.762363417832168 0.7728948135198136 0.05 0.05
0 0.8069438374125875 0.6470206876456877 0.05 0.05
0 0.9131501311188813 0.6592584498834498 0.05 0.05
0 0.7190941870629372 0.10506264568764566 0.05 0.05
0 0.7361396416083916 0.10331439393939389 0.05 0.05
0 0.4398109702797203 0.21170600233100234 0.05 0.05
0 0.45030048076923085 0.20820949883449877 0.05 0.05
