0 0.33523422504798467 0.09861044465770945 0.05 0.05
0 0.30548374520153554 0.09221249200255907 0.05 0.05
0 0.36594439779270643 0.08325535828534865 0.05 0.05
0 0.45039737284069103 0.21249400191938578 0.05 0.05
0 0.36210562619961617 0.17538587651951368 0.05 0.05
0 0.33811330374280235 0.17794505758157383 0.05 0.05
0 0.3083628238963532 0.180504238643634 0.05 0.05
0 0.3026046665067179 0.1689879238643634 0.05 0.05
0 0.21143384117082537 0.38523872360844535 0.05 0.05
0 0.17496551103646837 0.3468510076775432 0.05 0.05
0 0.2622975647792707 0.4082713531669865 0.05 0.05
0 0.2008772192898273 0.49784269033909145 0.05 0.05
0 0.3928157989443378 0.5042406429942419 0.05 0.05
0 0.4120096569097889 0.5221549104286628 0.05 0.05
0 0.4120096569097889 0.4812080134357006 0.05 0.05
0 0.5098983325335893 0.5413487683941138 0.05 0.05
0 0.5463666626679463 0.525993682021753 0.05 0.05
0 0.5646008277351248 0.5004018714011517 0.05 0.05
0 0.2834108085412669 0.7678362923864364 0.05 0.05
0 0.8832188699616124 0.5822956653870761 0.05 0.05
0 0.8822591770633398 0.7307281669865643 0.05 0.05
0 0.7517409428982726 0.24960212731925774 0.05 0.05
0 0.7114338411708254 0.14467570377479197 0.05 0.05
0 0.6461747240882918 0.13060020793346125 0.05 0.05
0 0.5933916146833014 0.15619201855406264 0.05 0.05
