0 0.6156608998905908 0.295352388767323 0.05 0.05
0 0.5500153856673962 0.21220140408460963 0.05 0.05
0 0.7174114469365427 0.3281751458789203 0.05 0.05
0 0.7781335475929979 0.32379877826404074 0.05 0.05
0 0.5500153856673962 0.470407093362509 0.05 0.05
0 0.50242238785558 0.5251116885485048 0.05 0.05
0 0.400671840809628 0.5097944018964259 0.05 0.05
0 0.400671840809628 0.5229235047410649 0.05 0.05
0 0.44334142505470464 0.6279563274981764 0.05 0.05
0 0.513910352844639 0.8248928701677608 0.05 0.05
0 0.43841801148796505 0.7417418854850475 0.05 0.05
0 0.42200663293216634 0.7395537016776076 0.05 0.05
0 0.3842604622538293 0.7942582968636033 0.05 0.05
0 0.2743042259299781 0.7986346644784829 0.05 0.05
0 0.2677396745076587 0.8577156272793581 0.05 0.05
0 0.15942457603938726 0.873032913931437 0.05 0.05
0 0.09706133752735226 0.846774708242159 0.05 0.05
0 0.0035164797592997176 0.7132954959883298 0.05 0.05
0 0.06423858041575489 0.6432736141502552 0.05 0.05
0 0.11347271608315095 0.6060744894237783 0.05 0.05
0 0.13644864606126914 0.5754399161196206 0.05 0.05
0 0.44334142505470464 0.20782503646972994 0.05 0.05
0 0.45318825218818387 0.20782503646972994 0.05 0.05
0 0.3826193243982494 0.12905041940189624 0.05 0.05
0 0.32189722374179436 0.13999133843909536 0.05 0.05
0 0.30712698304157554 0.0940394784828591 0.05 0.05
