0 0.18675152972027967 0.07883886946386956 0.05 0.05
0 0.2064193618881119 0.07359411421911423 0.05 0.05
0 0.3113144667832168 0.08233537296037288 0.05 0.05
0 0.3388494318181819 0.07709061771561766 0.05 0.05
0 0.3532725087412588 0.08233537296037288 0.05 0.05
0 0.2982025786713287 0.20471299533799533 0.05 0.05
0 0.4411221590909092 0.213454254079254 0.05 0.05
0 0.45685642482517486 0.21520250582750577 0.05 0.05
0 0.3952305506993007 0.5001675407925408 0.05 0.05
0 0.40178649475524486 0.5228948135198136 0.05 0.05
0 0.45423404720279714 0.5386290792540792 0.05 0.05
0 0.5276606206293707 0.5386290792540792 0.05 0.05
0 0.5656850961538462 0.5281395687645688 0.05 0.05
0 0.5919088723776225 0.5001675407925408 0.05 0.05
0 0.5499508304195805 0.4721955128205128 0.05 0.05
0 0.5971536276223777 0.20471299533799533 0.05 0.05
0 0.7230277534965037 0.10331439393939389 0.05 0.05
0 0.7544962849650352 0.20471299533799533 0.05 0.05
0 0.8134997814685316 0.22569201631701621 0.05 0.05
0 0.810877403846154 0.5106570512820513 0.05 0.05
0 0.8961046765734266 0.5159018065268065 0.05 0.05
0 0.16708369755244754 0.7361815268065269 0.05 0.05
0 0.19986341783216782 0.7711465617715618 0.05 0.05
