0 0.38425147587269004 0.5037795174537986 0.05 0.05
0 0.40375866273100625 0.5215755475701574 0.05 0.05
0 0.4417463424024642 0.5188376967830254 0.05 0.05
0 0.48178741016427107 0.5147309206023272 0.05 0.05
0 0.5115615374743328 0.5325269507186859 0.05 0.05
0 0.5495492171457906 0.5243133983572896 0.05 0.05
0 0.5639229337782342 0.4941970396988365 0.05 0.05
0 0.5670030159137578 0.46271175564681727 0.05 0.05
0 0.6111508598562629 0.6023421457905545 0.05 0.05
0 0.7107401822381931 0.6242449520876113 0.05 0.05
0 0.7959557879876797 0.6078178473648187 0.05 0.05
0 0.8626909009240247 0.6160313997262149 0.05 0.05
0 0.9068387448665298 0.535264801505818 0.05 0.05
0 0.9386662602669406 0.7063804757015743 0.05 0.05
0 0.48076071611909654 0.6913222963723478 0.05 0.05
0 0.6532453157084189 0.07256801848049281 0.05 0.05
0 0.5505759111909652 0.1793441991786447 0.05 0.05
0 0.5413356647843943 0.11774255646817243 0.05 0.05
0 0.4458531185831623 0.19577130390143746 0.05 0.05
0 0.3493438783367557 0.3504598733744011 0.05 0.05
0 0.2846621534907598 0.35593557494866535 0.05 0.05
0 0.2466744738193019 0.4216439938398357 0.05 0.05
0 0.21690034650924028 0.3217124401095141 0.05 0.05
0 0.20355332392197129 0.28475145448323075 0.05 0.05
0 0.3031426463039015 0.27243112594113633 0.05 0.05
0 0.23230075718685836 0.08078157084188907 0.05 0.05
0 0.2014999358316222 0.08762619780971939 0.05 0.05
0 0.18712621919917866 0.04108273442847358 0.05 0.05
0 0.2672083547227927 0.09720867556468171 0.05 0.05
0 0.2897956237166325 0.09173297399041758 0.05 0.05
