0 0.22787864633558338 0.3274640388942463 0.05 0.05
0 0.25777257111861135 0.26703330922532953 0.05 0.05
0 0.2992383377531341 0.18088737544198008 0.05 0.05
0 0.3426327446962391 0.17703009482481516 0.05 0.05
0 0.31177449975891997 0.12817120700739318 0.05 0.05
0 0.234628887415622 0.09088416104146582 0.05 0.05
0 0.3040599385245901 0.09731296207007402 0.05 0.05
0 0.34552570515911285 0.10117024268723883 0.05 0.05
0 0.4458150012054002 0.21303138058502094 0.05 0.05
0 0.6001062258919961 0.16931553359048537 0.05 0.05
0 0.6145710282063644 0.17574433461909358 0.05 0.05
0 0.6155353483606557 0.18860193667630984 0.05 0.05
0 0.7216105653326904 0.2516041867566699 0.05 0.05
0 0.7235392056412728 0.3351786001285761 0.05 0.05
0 0.7119673637897782 0.13717152844744465 0.05 0.05
0 0.7312537668756026 0.1384572886531662 0.05 0.05
0 0.5065671709257473 0.5383287126325941 0.05 0.05
0 0.5451399770973964 0.4663261411121827 0.05 0.05
0 0.44774364151398266 0.5846160800385729 0.05 0.05
0 0.4390647601253616 0.6244746464159435 0.05 0.05
0 0.4110994756509161 0.5306141513982643 0.05 0.05
0 0.3947060330279653 0.5023274268723884 0.05 0.05
0 0.2982740175988428 0.7556221873995501 0.05 0.05
0 0.329132262536162 0.7890519527483125 0.05 0.05
0 0.3725266694792671 0.7864804323368693 0.05 0.05
0 0.5499615778688525 0.783908911925426 0.05 0.05
0 0.6251785499035679 0.7813373915139827 0.05 0.05
0 0.7061814428640308 0.7864804323368693 0.05 0.05
