0 0.18648182581573894 0.039749280230326416 0.05 0.05
0 0.2027966050863724 0.03974928023032618 0.05 0.05
0 0.18360274712092134 0.13955734165067177 0.05 0.05
0 0.20567568378119003 0.12676143634037101 0.05 0.05
0 0.22774862044145877 0.12420225527831086 0.05 0.05
0 0.2690154150671785 0.1280410268714011 0.05 0.05
0 0.2670960292706334 0.08837372040946896 0.05 0.05
0 0.2978062020153551 0.08325535828534865 0.05 0.05
0 0.3083628238963532 0.09989003518873953 0.05 0.05
0 0.33427453214971214 0.1011696257197696 0.05 0.05
0 0.33235514635316704 0.07685740563019827 0.05 0.05
0 0.3534683901151632 0.09093290147152899 0.05 0.05
0 0.3678637835892514 0.08709412987843888 0.05 0.05
0 0.3937754918426104 0.1651491522712732 0.05 0.05
0 0.4446392154510558 0.2048164587332053 0.05 0.05
0 0.19319967610364688 0.20865523032629554 0.05 0.05
0 0.2910883517274473 0.3865183141394754 0.05 0.05
0 0.06939929222648754 0.5694997600767754 0.05 0.05
0 0.004140175143953939 0.5413487683941138 0.05 0.05
0 0.006059560940499043 0.6641894593730007 0.05 0.05
0 0.46959123080614207 0.7384057101727447 0.05 0.05
0 0.4551958373320538 0.834375 0.05 0.05
0 0.47534938819577743 0.8766014875239924 0.05 0.05
0 0.6250614803262956 0.8036648272552783 0.05 0.05
0 0.5377294265834933 0.5976507517594369 0.05 0.05
0 0.5079789467370441 0.5426283589251439 0.05 0.05
0 0.413929042706334 0.5311120441458733 0.05 0.05
0 0.38609794865643005 0.506799824056302 0.05 0.05
0 0.4158484285028791 0.48504678502879084 0.05 0.05
0 0.5454069697696737 0.525993682021753 0.05 0.05
0 0.5598023632437621 0.5016814619321817 0.05 0.05
0 0.5454069697696737 0.47736924184261037 0.05 0.05
0 0.7987658949136278 0.7512016154830454 0.05 0.05
0 0.9196872000959694 0.6910608605246321 0.05 0.05
0 0.9907044745681383 0.7934281030070378 0.05 0.05
0 0.6202630158349329 0.1689879238643634 0.05 0.05
0 0.7536603286948178 0.14467570377479197 0.05 0.05
0 0.7594184860844531 0.12932061740243117 0.05 0.05
0 0.7699751079654512 0.20353686820217523 0.05 0.05
0 0.7987658949136278 0.199698096609085 0.05 0.05
