0 0.19871993921775896 0.08243701550387582 0.05 0.05
0 0.2795867468287526 0.09723616983791387 0.05 0.05
0 0.2875148652219873 0.08877951021846352 0.05 0.05
0 0.29702860729386893 0.08455118040873835 0.05 0.05
0 0.33349795190274845 0.08877951021846352 0.05 0.05
0 0.344597317653277 0.076094520789288 0.05 0.05
0 0.2272611654334038 0.18180276603241693 0.05 0.05
0 0.16542184196617332 0.3149951550387596 0.05 0.05
0 0.022715710887949225 0.5179549859055671 0.05 0.05
0 0.1939630681818182 0.7695406095842141 0.05 0.05
0 0.4476628567653277 0.6342340556730091 0.05 0.05
0 0.5491427721987316 0.46932919309372784 0.05 0.05
0 0.6204958377378437 0.46932919309372784 0.05 0.05
0 0.8805381210359409 0.6490332100070472 0.05 0.05
0 0.7124620110993659 0.3044243305144466 0.05 0.05
0 0.7774725819238902 0.3044243305144466 0.05 0.05
0 0.7933288187103595 0.33402263918252273 0.05 0.05
0 0.8456544001057085 0.3424792988019731 0.05 0.05
0 0.4492484804439747 0.20294441508104283 0.05 0.05
0 0.4635190935517971 0.18814526074700477 0.05 0.05
0 0.45717659883720935 0.207172744890768 0.05 0.05
