0 0.09594423633017876 0.6980272958289522 0.05 0.05
0 0.17480858964248158 0.7078415264633721 0.05 0.05
0 0.14641742245005257 0.8746834472485105 0.05 0.05
0 0.37459828470031536 0.7709330091132143 0.05 0.05
0 0.45766873685594095 0.6924191640378551 0.05 0.05
0 0.40614402602523647 0.5269792762004909 0.05 0.05
0 0.3987833530494215 0.496134551349457 0.05 0.05
0 0.41771079784437426 0.4779081230283914 0.05 0.05
0 0.514451071240799 0.5367935068349109 0.05 0.05
0 0.5438937631440587 0.5213711444093938 0.05 0.05
0 0.5628212079390114 0.49753658429723124 0.05 0.05
0 0.5512544361198736 0.4779081230283914 0.05 0.05
0 0.6784889261303888 0.5928748247458818 0.05 0.05
0 0.7121377168769714 0.6840069663512094 0.05 0.05
0 0.795208169032597 0.8494468541885735 0.05 0.05
0 0.8951030165615137 0.7779431738520857 0.05 0.05
0 0.858299651682439 0.6517602085524012 0.05 0.05
0 0.9203396096214508 0.6475541097090783 0.05 0.05
0 0.6616645307570976 0.21432592884682813 0.05 0.05
0 0.6343248882754993 0.12038972134595198 0.05 0.05
0 0.6784889261303888 0.08393686470382088 0.05 0.05
0 0.45451416272344886 0.20170763231685976 0.05 0.05
0 0.21056042981072554 0.16946087451805145 0.05 0.05
0 0.20845738038906408 0.0629063704872068 0.05 0.05
0 0.27470343717139845 0.11057549071153201 0.05 0.05
0 0.279961060725552 0.09375109533824073 0.05 0.05
0 0.28837325841219763 0.09935922712933791 0.05 0.05
0 0.28942478312302833 0.06851450227830386 0.05 0.05
