0 0.19724104020979022 0.21869900932400935 0.05 0.05
0 0.21690887237762238 0.21869900932400935 0.05 0.05
0 0.23657670454545454 0.20296474358974356 0.05 0.05
0 0.19199628496503496 0.1365311771561771 0.05 0.05
0 0.2090417395104895 0.07359411421911423 0.05 0.05
0 0.22739838286713288 0.07359411421911423 0.05 0.05
0 0.2300207604895105 0.08408362470862467 0.05 0.05
0 0.2509997814685315 0.07709061771561766 0.05 0.05
0 0.3073809003496504 0.1085591491841491 0.05 0.05
0 0.31655922202797204 0.09632138694638688 0.05 0.05
0 0.33753824300699303 0.07709061771561766 0.05 0.05
0 0.3506501311188811 0.07709061771561766 0.05 0.05
0 0.3296711101398601 0.1295381701631701 0.05 0.05
0 0.28509069055944053 0.14876893939393934 0.05 0.05
0 0.2706676136363636 0.1994682400932401 0.05 0.05
0 0.3060697115384615 0.241426282051282 0.05 0.05
0 0.35982845279720277 0.2589087995337996 0.05 0.05
0 0.44636691433566433 0.21695075757575755 0.05 0.05
0 0.4621011800699302 0.213454254079254 0.05 0.05
0 0.19724104020979022 0.367300407925408 0.05 0.05
0 0.24575502622377626 0.41799970862470864 0.05 0.05
0 0.32049278846153845 0.38128642191142187 0.05 0.05
0 0.13299278846153845 0.5770906177156178 0.05 0.05
0 0.1867515297202797 0.5578598484848486 0.05 0.05
0 0.310003277972028 0.7571605477855479 0.05 0.05
0 0.3231151660839161 0.7991185897435897 0.05 0.05
0 0.40572006118881115 0.7676500582750584 0.05 0.05
0 0.4450557255244755 0.7396780303030304 0.05 0.05
0 0.386052229020979 0.512405303030303 0.05 0.05
0 0.4135871940559442 0.533384324009324 0.05 0.05
0 0.45685642482517486 0.547370337995338 0.05 0.05
0 0.5237270541958041 0.5421255827505828 0.05 0.05
0 0.5722410402097904 0.526391317016317 0.05 0.05
0 0.587975305944056 0.48792977855477854 0.05 0.05
0 0.5525732080419582 0.47744026806526807 0.05 0.05
0 0.546017263986014 0.631286421911422 0.05 0.05
0 0.6535347465034965 0.5631046037296038 0.05 0.05
0 0.8253004807692308 0.5945731351981353 0.05 0.05
0 0.636489291958042 0.3096081002331002 0.05 0.05
0 0.7282725087412588 0.26065705128205136 0.05 0.05
0 0.7558074737762238 0.1714962121212121 0.05 0.05
0 0.7820312500000002 0.16799970862470867 0.05 0.05
