0 0.20030556289640594 0.08455118040873846 0.05 0.05
0 0.23043241279069768 0.08455118040873835 0.05 0.05
0 0.27007300475687107 0.09089367512332605 0.05 0.05
0 0.2811723705073996 0.09089367512332605 0.05 0.05
0 0.29227173625792807 0.09089367512332605 0.05 0.05
0 0.34301169397463005 0.08877951021846352 0.05 0.05
0 0.35569668340380556 0.08032285059901317 0.05 0.05
0 0.4333922436575054 0.20083025017618017 0.05 0.05
0 0.46034784619450325 0.19660192036645513 0.05 0.05
0 0.24311740221987313 0.2198577343199434 0.05 0.05
0 0.27641549947145877 0.22408606412966858 0.05 0.05
0 0.09089752906976742 0.47567168780831554 0.05 0.05
0 0.04967131342494711 0.5602382840028188 0.05 0.05
0 0.1622505946088795 0.4862425123326285 0.05 0.05
0 0.17652120771670188 0.7272573114869625 0.05 0.05
0 0.1638362182875264 0.8498788759689921 0.05 0.05
0 0.5840264931289642 0.5242974806201548 0.05 0.05
0 0.5475571485200846 0.47144335799859044 0.05 0.05
0 0.6664789244186047 0.5433249647639181 0.05 0.05
0 0.7425888609936576 0.43973088442565167 0.05 0.05
0 0.8060138081395349 0.40590424594785046 0.05 0.05
