0 0.31625744047619053 0.10289351851851845 0.05 0.05
0 0.3936383928571428 0.2192956349206348 0.05 0.05
0 0.44919394841269833 0.2192956349206348 0.05 0.05
0 0.2984002976190475 0.2113591269841269 0.05 0.05
0 0.2527653769841269 0.2457506613756614 0.05 0.05
0 0.18927331349206342 0.22723214285714283 0.05 0.05
0 0.5265749007936507 0.1981316137566137 0.05 0.05
0 0.5523685515873015 0.08966600529100527 0.05 0.05
0 0.6337177579365079 0.14257605820105812 0.05 0.05
0 0.6575272817460316 0.21665013227513227 0.05 0.05
0 0.7289558531746031 0.20871362433862425 0.05 0.05
0 0.7011780753968252 0.1690310846560846 0.05 0.05
0 0.723003472222222 0.15315806878306878 0.05 0.05
0 0.7487971230158729 0.15844907407407405 0.05 0.05
0 0.7626860119047618 0.1637400793650793 0.05 0.05
0 0.8321304563492061 0.3700892857142856 0.05 0.05
0 0.8678447420634917 0.3700892857142856 0.05 0.05
0 0.7964161706349204 0.7589781746031746 0.05 0.05
0 0.726971726190476 0.7563326719576718 0.05 0.05
0 0.5464161706349204 0.4679728835978835 0.05 0.05
0 0.5841145833333332 0.49971891534391527 0.05 0.05
0 0.5563368055555554 0.5261739417989417 0.05 0.05
0 0.40752728174603164 0.4679728835978835 0.05 0.05
0 0.4015749007936507 0.5076554232804232 0.05 0.05
0 0.41546378968253955 0.5341104497354496 0.05 0.05
0 0.1793526785714285 0.457390873015873 0.05 0.05
0 0.09601934523809519 0.457390873015873 0.05 0.05
0 0.056336805555555515 0.7827876984126984 0.05 0.05
0 0.11586061507936504 0.7510416666666665 0.05 0.05
0 0.2984002976190475 0.7457506613756613 0.05 0.05
0 0.2984002976190475 0.7854332010582009 0.05 0.05
0 0.3519717261904761 0.7933697089947089 0.05 0.05
0 0.36387648809523804 0.7880787037037036 0.05 0.05
0 0.40554315476190467 0.7457506613756613 0.05 0.05
0 0.4432415674603174 0.7351686507936507 0.05 0.05
0 0.5543526785714284 0.9520998677248677 0.05 0.05
