0 0.20189118657505287 0.0528387068357997 0.05 0.05
0 0.18920619714587736 0.0824370155038757 0.05 0.05
0 0.2098193049682875 0.076094520789288 0.05 0.05
0 0.27165862843551797 0.09089367512332605 0.05 0.05
0 0.2843436178646934 0.09300784002818858 0.05 0.05
0 0.33349795190274845 0.08877951021846352 0.05 0.05
0 0.34142607029598315 0.07820868569415064 0.05 0.05
0 0.3271554571881607 0.13740530303030288 0.05 0.05
0 0.3810666622621565 0.14163363284002795 0.05 0.05
0 0.4333922436575054 0.22408606412966858 0.05 0.05
0 0.46193346987315015 0.19871608527131765 0.05 0.05
0 0.2082336812896406 0.19660192036645513 0.05 0.05
0 0.23677490750528546 0.19448775546159247 0.05 0.05
0 0.27324425211416487 0.28539684637068347 0.05 0.05
0 0.5491427721987316 0.4799000176180408 0.05 0.05
0 0.3128848440803383 0.7949105884425651 0.05 0.05
0 0.707705140063425 0.49681333685694135 0.05 0.05
0 0.8472400237843554 0.48835667723749104 0.05 0.05
0 0.6411089455602538 0.3171093199436221 0.05 0.05
0 0.6918489032769557 0.29596767089499637 0.05 0.05
0 0.636352074524313 0.16488944679351636 0.05 0.05
0 0.661722053382664 0.16488944679351636 0.05 0.05
0 0.7188045058139536 0.14163363284002795 0.05 0.05
0 0.7679588398520085 0.1902594256518673 0.05 0.05
0 0.7901575713530656 0.1923735905567298 0.05 0.05
