0 0.21457617600422832 0.21985773431994354 0.05 0.05
0 0.23836053118393236 0.21774356941508088 0.05 0.05
0 0.20506243393234672 0.29808183579985886 0.05 0.05
0 0.23043241279069768 0.3044243305144466 0.05 0.05
0 0.16700746564482027 0.3551642882311486 0.05 0.05
0 0.11943875528541223 0.35939261804087363 0.05 0.05
0 0.2066480576109936 0.3889909267089498 0.05 0.05
0 0.23043241279069768 0.408018410852713 0.05 0.05
0 0.006859474101479879 0.52852581042988 0.05 0.05
0 0.07028442124735727 0.52852581042988 0.05 0.05
0 0.17810683139534883 0.7188006518675123 0.05 0.05
0 0.20030556289640594 0.7314856412966877 0.05 0.05
0 0.3097135967230444 0.3551642882311486 0.05 0.05
0 0.2843436178646934 0.17123194150810406 0.05 0.05
0 0.27641549947145877 0.14586196264975312 0.05 0.05
0 0.2748298757928119 0.08666534531360087 0.05 0.05
0 0.2827579941860465 0.09512200493305123 0.05 0.05
0 0.295442983615222 0.09512200493305123 0.05 0.05
0 0.3319123282241015 0.08877951021846352 0.05 0.05
0 0.34301169397463005 0.08032285059901317 0.05 0.05
0 0.3667960491543341 0.08032285059901317 0.05 0.05
0 0.3921660280126851 0.046496212121211876 0.05 0.05
0 0.3461829413319239 0.10992115926708929 0.05 0.05
0 0.33508357558139534 0.1331769732205777 0.05 0.05
0 0.43973473837209304 0.20928690979563053 0.05 0.05
0 0.4508341041226216 0.20083025017618017 0.05 0.05
0 0.5903689878435519 0.1860310958421421 0.05 0.05
0 0.6014683535940805 0.15431862226920348 0.05 0.05
0 0.5665846326638478 0.11414948907681446 0.05 0.05
0 0.5919546115221987 0.10357866455250159 0.05 0.05
0 0.7695444635306554 0.22197189922480595 0.05 0.05
0 0.7790582056025371 0.22831439393939376 0.05 0.05
0 0.8171131738900635 0.16911777660324154 0.05 0.05
0 0.8884662394291756 0.2811685165609582 0.05 0.05
0 0.5459715248414377 0.47355752290345293 0.05 0.05
0 0.5269440406976745 0.5433249647639181 0.05 0.05
0 0.46193346987315015 0.5348683051444678 0.05 0.05
0 0.39533727536997887 0.48412834742776584 0.05 0.05
0 0.4000941464059197 0.5158408210007046 0.05 0.05
0 0.6093964719873151 0.6574898696264974 0.05 0.05
