0 0.4458531185831623 0.21630518480492783 0.05 0.05
0 0.44995989476386045 0.20672270704996573 0.05 0.05
0 0.760021496406571 0.10679115331964403 0.05 0.05
0 0.7333274512320329 0.09583975017111565 0.05 0.05
0 0.7127935703285422 0.1122668548939083 0.05 0.05
0 0.6306580467145791 0.07256801848049281 0.05 0.05
0 0.6203911062628338 0.06983016769336067 0.05 0.05
0 0.5557093814168379 0.1944023785078713 0.05 0.05
0 0.7518079440451746 0.16702387063655025 0.05 0.05
0 0.8431837140657086 0.17386849760438056 0.05 0.05
0 0.8411303259753595 0.696797997946612 0.05 0.05
0 0.9058120508213554 0.6940601471594798 0.05 0.05
0 0.6635122561601643 0.6037110711841205 0.05 0.05
0 0.6624855621149898 0.5749636379192336 0.05 0.05
0 0.6111508598562629 0.6228760266940453 0.05 0.05
0 0.5670030159137578 0.46955638261464755 0.05 0.05
0 0.5670030159137578 0.4914591889117043 0.05 0.05
0 0.5495492171457906 0.5243133983572896 0.05 0.05
0 0.5054013732032855 0.5311580253251198 0.05 0.05
0 0.4437997304928132 0.5243133983572896 0.05 0.05
0 0.5372288886036962 0.724176505817933 0.05 0.05
0 0.20971348819301855 0.778933521560575 0.05 0.05
0 0.042362358829568805 0.5982353696098563 0.05 0.05
0 0.07624326232032855 0.4189061430527037 0.05 0.05
0 0.20355332392197129 0.43807109856262844 0.05 0.05
0 0.21074018223819305 0.34224632101300484 0.05 0.05
0 0.20458001796714584 0.31623673853524986 0.05 0.05
0 0.16864572638603698 0.318974589322382 0.05 0.05
0 0.13476482289527722 0.32034351471594796 0.05 0.05
0 0.29595578798767974 0.2765379021218344 0.05 0.05
0 0.36885106519507194 0.29980963381245723 0.05 0.05
0 0.43045270790554424 0.2792757529089665 0.05 0.05
0 0.31032950462012326 0.17523742299794662 0.05 0.05
0 0.3318900795687886 0.1519656913073238 0.05 0.05
0 0.31032950462012326 0.1300628850102669 0.05 0.05
0 0.27439521303901443 0.1656549452429843 0.05 0.05
0 0.24051430954825465 0.14785891512662558 0.05 0.05
0 0.2415410035934292 0.18071312457221086 0.05 0.05
0 0.21484695841889123 0.132800735797399 0.05 0.05
0 0.2877422356262834 0.10816007871321011 0.05 0.05
0 0.29082231776180706 0.09036404859685139 0.05 0.05
0 0.27439521303901443 0.09173297399041758 0.05 0.05
0 0.3534506545174539 0.039713809034907635 0.05 0.05
0 0.3914383341889118 0.04108273442847358 0.05 0.05
