0 0.19895783349328214 0.7550403870761357 0.05 0.05
0 0.2805317298464492 0.7575995681381957 0.05 0.05
0 0.5060595609404991 0.5311120441458733 0.05 0.05
0 0.40145303502879087 0.5195957293666027 0.05 0.05
0 0.3966545705374281 0.506799824056302 0.05 0.05
0 0.4196872000959694 0.4760896513115803 0.05 0.05
0 0.5530845129558541 0.5119181861804223 0.05 0.05
0 0.5703589851247601 0.5004018714011517 0.05 0.05
0 0.5492457413627639 0.47225087971849006 0.05 0.05
0 0.2805317298464492 0.2572796705054382 0.05 0.05
0 0.22870831333973132 0.25088171785028784 0.05 0.05
0 0.2027966050863724 0.27647352847088935 0.05 0.05
0 0.4417601367562381 0.2112144113883557 0.05 0.05
0 0.3477102327255279 0.09477167306461923 0.05 0.05
0 0.3553877759117083 0.08837372040946896 0.05 0.05
0 0.3035643594049905 0.09221249200255907 0.05 0.05
0 0.2546200215930903 0.08965331094049904 0.05 0.05
0 0.21143384117082537 0.09605126359564929 0.05 0.05
0 0.1960787547984645 0.05126559500959686 0.05 0.05
0 0.667287967850288 0.10884716890595006 0.05 0.05
0 0.7642169505758158 0.20353686820217523 0.05 0.05
0 0.7776526511516315 0.43642234484964815 0.05 0.05
