0 0.08772628171247354 0.4143609055673007 0.05 0.05
0 0.12261000264270612 0.41647507047216337 0.05 0.05
0 0.10041127114164902 0.47567168780831554 0.05 0.05
0 0.14322311046511624 0.4566442036645524 0.05 0.05
0 0.23201803646934457 0.4820141825229033 0.05 0.05
0 0.247874273255814 0.3657351127554615 0.05 0.05
0 0.2811723705073996 0.367849277660324 0.05 0.05
0 0.2589736390063425 0.8371938865398166 0.05 0.05
0 0.5491427721987316 0.46721502818886523 0.05 0.05
0 0.1907918208245243 0.19448775546159247 0.05 0.05
0 0.1907918208245243 0.1627752818886538 0.05 0.05
0 0.23360366014799155 0.167003611698379 0.05 0.05
0 0.27641549947145877 0.167003611698379 0.05 0.05
0 0.34301169397463005 0.08455118040873835 0.05 0.05
0 0.35569668340380556 0.08455118040873835 0.05 0.05
0 0.27007300475687107 0.09512200493305123 0.05 0.05
0 0.2827579941860465 0.09089367512332605 0.05 0.05
0 0.2906861125792812 0.09089367512332605 0.05 0.05
0 0.5792696220930234 0.1860310958421421 0.05 0.05
0 0.45717659883720935 0.19448775546159247 0.05 0.05
0 0.6347664508456661 0.1902594256518673 0.05 0.05
0 0.683920784883721 0.11837781888653964 0.05 0.05
0 0.7457601083509514 0.21562940451021836 0.05 0.05
0 0.8060138081395349 0.207172744890768 0.05 0.05
