0 0.2767246462264151 0.08699554507337517 0.05 0.05
0 0.2861586084905661 0.09118841719077532 0.05 0.05
0 0.36005797955974855 0.07860980083857404 0.05 0.05
0 0.3490516902515724 0.1708529874213833 0.05 0.05
0 0.3018818789308177 0.18133516771488445 0.05 0.05
0 0.6682340801886795 0.16456367924528265 0.05 0.05
0 0.67452338836478 0.15198506289308136 0.05 0.05
0 0.8003095518867926 0.3700144129979032 0.05 0.05
0 0.8616303066037737 0.3763037211740039 0.05 0.05
0 0.6462215015723272 0.6341653563941297 0.05 0.05
0 0.3962215015723271 0.4622575995807125 0.05 0.05
0 0.5503095518867925 0.4685469077568131 0.05 0.05
0 0.32232213050314473 0.24003537735849037 0.05 0.05
0 0.28144162735849065 0.2568068658280919 0.05 0.05
0 0.20754225628930825 0.26728904612159304 0.05 0.05
0 0.19653596698113213 0.2882534067085951 0.05 0.05
0 0.2043976022012579 0.4140395702306077 0.05 0.05
0 0.14150452044025158 0.4853183962264148 0.05 0.05
0 0.11477496069182394 0.3972680817610061 0.05 0.05
0 0.009429048742138369 0.5209578092243184 0.05 0.05
0 0.009429048742138369 0.48112552410901444 0.05 0.05
0 0.19181898584905666 0.5880437631027251 0.05 0.05
0 0.20125294811320762 0.7515657756813415 0.05 0.05
0 0.11005797955974846 0.8228446016771487 0.05 0.05
0 0.2720076650943397 0.7620479559748427 0.05 0.05
0 0.43973473837209304 0.156432787174066 0.05 0.05
