0 0.04465781702025072 0.5897591208614593 0.05 0.05
0 0.17773399831243972 0.3840374879459982 0.05 0.05
0 0.30791721914175507 0.31332067663130825 0.05 0.05
0 0.38988443225650915 0.4997559064609451 0.05 0.05
0 0.4072421950337512 0.5228995901639345 0.05 0.05
0 0.5056028507714562 0.5370429524268725 0.05 0.05
0 0.5451399770973964 0.4714691819350692 0.05 0.05
0 0.6087851072806172 0.5576151157184185 0.05 0.05
0 0.6733945576181293 0.5871876004500162 0.05 0.05
0 0.3725266694792671 0.7954807537769207 0.05 0.05
0 0.27802329435872714 0.7851946721311476 0.05 0.05
0 0.2992383377531341 0.7671940292510447 0.05 0.05
0 0.4467793213596914 0.6527613709418194 0.05 0.05
0 0.4458150012054002 0.2156029009964642 0.05 0.05
0 0.24716504942140788 0.11274208453873354 0.05 0.05
0 0.21341384402121505 0.1088848039215686 0.05 0.05
0 0.19798472155255545 0.10374176309868209 0.05 0.05
0 0.30791721914175507 0.09859872227579558 0.05 0.05
0 0.3484186656219864 0.08574112021857931 0.05 0.05
0 0.6348217514464802 0.14102880906460946 0.05 0.05
0 0.659894075458052 0.14360032947605272 0.05 0.05
0 0.6801447986981677 0.13974304885888789 0.05 0.05
0 0.7071457630183221 0.11274208453873354 0.05 0.05
0 0.7601833715043395 0.38789476856316296 0.05 0.05
0 0.8556510667791708 0.36989412568306007 0.05 0.05
