0 0.038110377234490046 0.594276857693656 0.05 0.05
0 0.09594423633017876 0.6910171310900808 0.05 0.05
0 0.12012930467928498 0.5466077374693307 0.05 0.05
0 0.16849944137749734 0.5620300998948478 0.05 0.05
0 0.2610336159305993 0.44846543112513165 0.05 0.05
0 0.41665927313354356 0.4765060900806172 0.05 0.05
0 0.3998348777602523 0.5031447160883283 0.05 0.05
0 0.41140164957938996 0.5255772432527166 0.05 0.05
0 0.4671324592534173 0.7358821854188575 0.05 0.05
0 0.5028842994216612 0.5395975727304594 0.05 0.05
0 0.5523059608307043 0.5227731773571681 0.05 0.05
0 0.5701818809148264 0.496134551349457 0.05 0.05
0 0.5480998619873815 0.4694959253417457 0.05 0.05
0 0.6269642152996843 0.6363378461268842 0.05 0.05
0 0.7037255191903257 0.46528982649842293 0.05 0.05
0 0.7910020701892742 0.4722999912372944 0.05 0.05
0 0.6837465496845423 0.3643434542586753 0.05 0.05
0 0.7321166863827547 0.34471499298983554 0.05 0.05
0 0.759456328864353 0.33069466351209276 0.05 0.05
0 0.7931051196109355 0.24376862075008793 0.05 0.05
0 0.8278054350683487 0.2409645548545394 0.05 0.05
0 0.8614542258149314 0.33069466351209276 0.05 0.05
0 0.6606130060462669 0.2409645548545394 0.05 0.05
0 0.674282827287066 0.18628526989134275 0.05 0.05
0 0.7068800933228179 0.16946087451805145 0.05 0.05
0 0.3588254140378548 0.24376862075008793 0.05 0.05
0 0.27890953601472124 0.23395439011566807 0.05 0.05
0 0.23684854758149312 0.23395439011566807 0.05 0.05
0 0.21897262749737118 0.14843038030143738 0.05 0.05
0 0.22528177576235536 0.11478158955485493 0.05 0.05
0 0.2578790417981072 0.14422428145811458 0.05 0.05
0 0.2610336159305993 0.11898768839817772 0.05 0.05
0 0.24105464642481592 0.06150433753943254 0.05 0.05
0 0.2810125854363827 0.0909470294426922 0.05 0.05
0 0.29678545609884327 0.09515312828601499 0.05 0.05
0 0.3062491784963196 0.14562631440588886 0.05 0.05
0 0.3556708399053627 0.15684257798808307 0.05 0.05
0 0.45030806388012606 0.2045116982124083 0.05 0.05
0 0.33148577155625647 0.09234906239046646 0.05 0.05
0 0.35251626577287054 0.09234906239046646 0.05 0.05
0 0.3682891364353312 0.08674093059936941 0.05 0.05
