0 0.4220066329321662 0.2100132202771699 0.05 0.05
0 0.45154711433260397 0.2100132202771698 0.05 0.05
0 0.4072363922319475 0.2100132202771698 0.05 0.05
0 0.37441363512035014 0.20344866885485036 0.05 0.05
0 0.32353836159737415 0.21438958789204948 0.05 0.05
0 0.30548584518599564 0.0852867432530998 0.05 0.05
0 0.3694902215536105 0.03933488329686341 0.05 0.05
0 0.39574842724288845 0.03933488329686341 0.05 0.05
0 0.37605477297592993 0.08091037563822011 0.05 0.05
0 0.38097818654266963 0.0568403537563821 0.05 0.05
0 0.2628162609409191 0.09185129467541925 0.05 0.05
0 0.22671122811816197 0.03933488329686341 0.05 0.05
0 0.20865871170678338 0.0940394784828591 0.05 0.05
0 0.23163464168490155 0.08966311086797939 0.05 0.05
0 0.21686440098468274 0.14655588986141493 0.05 0.05
0 0.1955296088621444 0.2384596097738875 0.05 0.05
0 0.2611751230853392 0.24502416119620693 0.05 0.05
0 0.2562517095185996 0.3719388220277169 0.05 0.05
0 0.2956390180525164 0.38506792487235575 0.05 0.05
0 0.25132829595185996 0.3172342268417212 0.05 0.05
0 0.39410728938730855 0.5119825857038658 0.05 0.05
0 0.4072363922319475 0.5272998723559444 0.05 0.05
0 0.44005914934354495 0.6301445113056163 0.05 0.05
0 0.5089869392778994 0.5251116885485048 0.05 0.05
0 0.5483742478118162 0.4616543581327497 0.05 0.05
0 0.6698184491247265 0.2340832421590078 0.05 0.05
0 0.5483742478118162 0.21220140408460963 0.05 0.05
0 0.5664267642231948 0.1881313822027715 0.05 0.05
0 0.7239759983588623 0.2472123450036469 0.05 0.05
0 0.814238580415755 0.17500227935813265 0.05 0.05
0 0.7535164797592999 0.27347055069292475 0.05 0.05
0 0.7994683397155362 0.33473969730123976 0.05 0.05
0 0.7092057576586435 0.30848149161196203 0.05 0.05
0 0.6747418626914662 0.3456806163384389 0.05 0.05
0 0.8864486460612694 0.6257681436907366 0.05 0.05
0 0.8634727160831511 0.9627484500364698 0.05 0.05
0 0.47124076859956243 0.7373655178701678 0.05 0.05
0 0.43677687363238515 0.7504946207148068 0.05 0.05
0 0.400671840809628 0.7986346644784829 0.05 0.05
0 0.30548584518599564 0.8117637673231218 0.05 0.05
0 0.32025608588621446 0.8205165025528811 0.05 0.05
0 0.19388847100656453 0.785505561633844 0.05 0.05
0 0.17255367888402623 0.7439300692924873 0.05 0.05
0 0.08885564824945293 0.6936018417213712 0.05 0.05
0 0.010081031181619194 0.6979782093362509 0.05 0.05
0 0.07408540754923408 0.6410854303428155 0.05 0.05
0 0.10362588894967176 0.5973217541940189 0.05 0.05
