0 0.20347681025369976 0.26214103241719505 0.05 0.05
0 0.19237744450317124 0.14586196264975312 0.05 0.05
0 0.27324425211416487 0.08877951021846352 0.05 0.05
0 0.2811723705073996 0.09512200493305123 0.05 0.05
0 0.29227173625792807 0.09300784002818858 0.05 0.05
0 0.33825482293868925 0.09089367512332605 0.05 0.05
0 0.3636248017970402 0.08877951021846352 0.05 0.05
0 0.3667960491543341 0.247341878083157 0.05 0.05
0 0.4143647595137422 0.247341878083157 0.05 0.05
0 0.43814911469344614 0.2705976920366453 0.05 0.05
0 0.7521026030655392 0.27482602184637045 0.05 0.05
0 0.785400700317125 0.27905435165609566 0.05 0.05
0 0.8012569371035942 0.2579127026074699 0.05 0.05
0 0.8234556686046514 0.2579127026074699 0.05 0.05
0 0.8393119053911207 0.28962517618040856 0.05 0.05
0 0.828212539640592 0.8837055144467935 0.05 0.05
0 0.4873034487315011 0.991527924594785 0.05 0.05
0 0.35411105972515855 0.8371938865398166 0.05 0.05
0 0.2669017573995772 0.7526272903453134 0.05 0.05
0 0.20506243393234672 0.739942300916138 0.05 0.05
0 0.03381507663847777 0.5602382840028188 0.05 0.05
0 0.09089752906976742 0.5623524489076813 0.05 0.05
0 0.09565440010570822 0.4312742248062013 0.05 0.05
0 0.17334996035940803 0.4249317300916137 0.05 0.05
0 0.2447030258985201 0.3974475863284001 0.05 0.05
0 0.29702860729386893 0.40379008104298786 0.05 0.05
0 0.5443859011627907 0.4608725334742774 0.05 0.05
0 0.5285296643763214 0.3551642882311486 0.05 0.05
0 0.39533727536997887 0.15854695207892863 0.05 0.05
0 0.2748298757928119 0.33190847427766007 0.05 0.05
0 0.23043241279069768 0.312880990133897 0.05 0.05
