0 0.18675152972027967 0.050866841491841557 0.05 0.05
0 0.3152480332167832 0.09282488344988345 0.05 0.05
0 0.3388494318181819 0.07709061771561766 0.05 0.05
0 0.34933894230769236 0.07709061771561766 0.05 0.05
0 0.2732899912587413 0.1645032051282051 0.05 0.05
0 0.400475305944056 0.22569201631701621 0.05 0.05
0 0.4398109702797203 0.21520250582750577 0.05 0.05
0 0.45423404720279714 0.213454254079254 0.05 0.05
0 0.39391936188811194 0.5001675407925408 0.05 0.05
0 0.40178649475524486 0.526391317016317 0.05 0.05
0 0.4607899912587413 0.5386290792540792 0.05 0.05
0 0.5237270541958041 0.5421255827505828 0.05 0.05
0 0.5683074737762238 0.5141535547785547 0.05 0.05
0 0.59453125 0.5001675407925408 0.05 0.05
0 0.5525732080419582 0.4652025058275058 0.05 0.05
0 0.21428649475524475 0.6784892191142191 0.05 0.05
0 0.1841291520979021 0.7781395687645688 0.05 0.05
0 0.7348284527972029 0.38653117715617713 0.05 0.05
0 0.8121885926573429 0.38653117715617713 0.05 0.05
0 0.9341291520979021 0.8550626456876458 0.05 0.05
0 0.6823809003496505 0.1312864219114219 0.05 0.05
0 0.8016990821678324 0.17324446386946377 0.05 0.05
0 0.8187445367132868 0.19247523310023312 0.05 0.05
