0 0.22346481643356647 0.1645032051282051 0.05 0.05
0 0.23919908216783217 0.11205565268065266 0.05 0.05
0 0.26148929195804194 0.11380390442890445 0.05 0.05
0 0.3047585227272727 0.10156614219114223 0.05 0.05
0 0.34016062062937064 0.08058712121212111 0.05 0.05
0 0.34933894230769236 0.08058712121212111 0.05 0.05
0 0.31393684440559444 0.15576194638694632 0.05 0.05
0 0.34016062062937064 0.15576194638694632 0.05 0.05
0 0.3676955856643357 0.16100670163170155 0.05 0.05
0 0.386052229020979 0.1295381701631701 0.05 0.05
0 0.26148929195804194 0.20471299533799533 0.05 0.05
0 0.3008249562937063 0.19247523310023312 0.05 0.05
0 0.30869208916083923 0.20121649184149176 0.05 0.05
0 0.33753824300699303 0.22394376456876455 0.05 0.05
0 0.4240767045454545 0.23967803030303023 0.05 0.05
0 0.44374453671328684 0.20296474358974356 0.05 0.05
0 0.4594788024475525 0.213454254079254 0.05 0.05
0 0.10545782342657342 0.4092584498834499 0.05 0.05
0 0.14610467657342657 0.38128642191142187 0.05 0.05
0 0.1841291520979021 0.4040136946386947 0.05 0.05
0 0.1946186625874126 0.41625145687645687 0.05 0.05
0 0.22346481643356647 0.41625145687645687 0.05 0.05
0 0.2064193618881119 0.4844332750582751 0.05 0.05
0 0.25624453671328673 0.45646124708624713 0.05 0.05
0 0.2837795017482518 0.4494682400932401 0.05 0.05
0 0.3834298513986015 0.5089087995337995 0.05 0.05
0 0.40703125 0.5281395687645688 0.05 0.05
0 0.45816761363636366 0.5368808275058276 0.05 0.05
0 0.5224158653846155 0.5386290792540792 0.05 0.05
0 0.5643739073426574 0.5281395687645688 0.05 0.05
0 0.581419361888112 0.5036640442890443 0.05 0.05
0 0.5486396416083916 0.46695075757575755 0.05 0.05
0 0.2300207604895105 0.8585591491841492 0.05 0.05
0 0.29951376748251757 0.7571605477855479 0.05 0.05
0 0.32704873251748257 0.797370337995338 0.05 0.05
0 0.5106151660839162 0.7868808275058276 0.05 0.05
0 0.6115767045454547 0.7344332750582752 0.05 0.05
0 0.7190941870629372 0.7466710372960373 0.05 0.05
0 0.8056326486013987 0.9547129953379955 0.05 0.05
0 0.7859648164335665 0.6242934149184151 0.05 0.05
0 0.8030102709790212 0.5421255827505828 0.05 0.05
0 0.8843039772727274 0.547370337995338 0.05 0.05
0 0.8882375437062938 0.7274402680652681 0.05 0.05
0 0.7335172639860141 0.11730040792540788 0.05 0.05
0 0.7505627185314687 0.11730040792540788 0.05 0.05
