0 0.008013651157184188 0.489469824815172 0.05 0.05
0 0.05237237825458052 0.5126135085181613 0.05 0.05
0 0.110231587512054 0.4110384522661524 0.05 0.05
0 0.18930584016393442 0.3673226052716169 0.05 0.05
0 0.26162985173577624 0.37760868691738997 0.05 0.05
0 0.39374171287367404 0.5061847074895532 0.05 0.05
0 0.4082065151880424 0.5306141513982643 0.05 0.05
0 0.45835116321118613 0.5717584779813565 0.05 0.05
0 0.50078125 0.5293283911925426 0.05 0.05
0 0.6849663994696239 0.7723370700739313 0.05 0.05
0 0.9636549240597878 0.9369143764063003 0.05 0.05
0 0.9819770069913212 0.804481075216972 0.05 0.05
0 0.9665478845226614 0.7414788251366121 0.05 0.05
0 0.8971168334136934 0.7543364271938284 0.05 0.05
0 0.8103280195274831 0.7543364271938284 0.05 0.05
0 0.7486115296528448 0.7543364271938284 0.05 0.05
0 0.320453381147541 0.7671940292510447 0.05 0.05
0 0.29634537729026034 0.7787658711025395 0.05 0.05
0 0.3725266694792671 0.7890519527483125 0.05 0.05
0 0.5489972577145612 0.4701834217293475 0.05 0.05
0 0.7331824071841851 0.44318245740919326 0.05 0.05
0 0.6888236800867887 0.1924592172934748 0.05 0.05
0 0.320453381147541 0.20274529893924792 0.05 0.05
0 0.3088815392960463 0.17317281420765032 0.05 0.05
0 0.34745434546769527 0.17060129379620706 0.05 0.05
0 0.4033849144165863 0.17831585503053685 0.05 0.05
0 0.4467793213596914 0.2040310591449695 0.05 0.05
0 0.2076279230954677 0.20660257955641276 0.05 0.05
0 0.17869831846673095 0.21688866120218578 0.05 0.05
0 0.2076279230954677 0.1448860896817744 0.05 0.05
0 0.2847735354387657 0.09731296207007402 0.05 0.05
0 0.3011669780617165 0.10374176309868209 0.05 0.05
0 0.33781114392478306 0.09602720186435233 0.05 0.05
0 0.22595000602700094 0.03559647219543554 0.05 0.05
0 0.21630680448408873 0.03816799260687891 0.05 0.05
0 0.565390700337512 0.12945696721311475 0.05 0.05
0 0.4525652422854387 0.6424752892960464 0.05 0.05
