0 0.40824707544689787 0.5325874079915881 0.05 0.05
0 0.3924742047844373 0.5045467490361025 0.05 0.05
0 0.26523971477392216 0.4386512004907118 0.05 0.05
0 0.17165401550998943 0.6377398790746585 0.05 0.05
0 0.07911984095688751 0.6391419120224328 0.05 0.05
0 0.06334697029442696 0.5283813091482652 0.05 0.05
0 0.09594423633017876 0.5199691114616196 0.05 0.05
0 0.3346403456887486 0.7737370750087629 0.05 0.05
0 0.3609284634595162 0.8143960304942168 0.05 0.05
0 0.42612299553101984 0.7737370750087629 0.05 0.05
0 0.5102449723974762 0.5339894409393623 0.05 0.05
0 0.5491513866982122 0.5213711444093938 0.05 0.05
0 0.5649242573606728 0.49753658429723124 0.05 0.05
0 0.5438937631440587 0.4779081230283914 0.05 0.05
0 0.748941081756046 0.5830605941114618 0.05 0.05
0 0.7931051196109355 0.5241752103049424 0.05 0.05
0 0.7037255191903257 0.34050889414651275 0.05 0.05
0 0.7289621122502626 0.3363027953031898 0.05 0.05
0 0.8151871385383803 0.2886336750788646 0.05 0.05
0 0.8604027011041004 0.29424180686996165 0.05 0.05
0 0.22948787460567818 0.22273812653347386 0.05 0.05
0 0.4608233109884331 0.2045116982124083 0.05 0.05
0 0.2831156348580441 0.09234906239046646 0.05 0.05
0 0.2841671595688748 0.0671124693305296 0.05 0.05
0 0.2915278325446897 0.0909470294426922 0.05 0.05
0 0.37880438354363816 0.08954499649491794 0.05 0.05
0 0.23790007229232382 0.07973076586049808 0.05 0.05
0 0.21371500394321763 0.08814296354714367 0.05 0.05
0 0.19058146030494214 0.048886041009464046 0.05 0.05
0 0.17691163906414298 0.06010230459165828 0.05 0.05
