0 0.11731102412731009 0.5503229808350445 0.05 0.05
0 0.07316318018480496 0.5311580253251198 0.05 0.05
0 0.15940547997946614 0.4941970396988365 0.05 0.05
0 0.18199274897330597 0.7173318788501027 0.05 0.05
0 0.46433361139630397 0.6215071013004791 0.05 0.05
0 0.50642806724846 0.5913907426420261 0.05 0.05
0 0.5012945970225873 0.5448472792607804 0.05 0.05
0 0.45406667094455855 0.5243133983572896 0.05 0.05
0 0.5485225231006161 0.4750320841889117 0.05 0.05
0 0.6244978824435319 0.4503914271047228 0.05 0.05
0 0.7538613321355238 0.8227391341546887 0.05 0.05
0 0.8637175949691993 0.34498417180013685 0.05 0.05
0 0.722033816735113 0.38057623203285423 0.05 0.05
0 0.6912329953798768 0.27380005133470225 0.05 0.05
0 0.6748058906570843 0.2546350958247776 0.05 0.05
0 0.6481118454825463 0.3381395448323066 0.05 0.05
0 0.5464691350102671 0.1944023785078713 0.05 0.05
0 0.45406667094455855 0.20535378165639978 0.05 0.05
0 0.43866626026694056 0.22041196098562638 0.05 0.05
0 0.28876892967145795 0.1437521389459275 0.05 0.05
0 0.2600214964065709 0.14101428815879538 0.05 0.05
0 0.27336851899383985 0.10405330253251203 0.05 0.05
0 0.2867155415811089 0.09310189938398353 0.05 0.05
0 0.1963664656057495 0.061616615331964414 0.05 0.05
0 0.17891266683778237 0.06572339151266249 0.05 0.05
0 0.1881529132443532 0.1437521389459275 0.05 0.05
0 0.6778859727926079 0.2929650068446269 0.05 0.05
