0 0.2637305100422833 0.05706703664552488 0.05 0.05
0 0.27165862843551797 0.09512200493305123 0.05 0.05
0 0.2811723705073996 0.09512200493305123 0.05 0.05
0 0.2906861125792812 0.09512200493305123 0.05 0.05
0 0.33666919926004224 0.08877951021846352 0.05 0.05
0 0.3493541886892178 0.0824370155038757 0.05 0.05
0 0.35886793076109946 0.0422678823114867 0.05 0.05
0 0.2589736390063425 0.14374779774489058 0.05 0.05
0 0.25421676797040166 0.20083025017618017 0.05 0.05
0 0.3493541886892178 0.2705976920366453 0.05 0.05
0 0.37948103858350957 0.24522771317829437 0.05 0.05
0 0.4333922436575054 0.21774356941508088 0.05 0.05
0 0.45717659883720935 0.19871608527131765 0.05 0.05
0 0.6775782901691333 0.167003611698379 0.05 0.05
0 0.7933288187103595 0.1860310958421421 0.05 0.05
0 0.8329694106765329 0.1775744362226919 0.05 0.05
0 0.8599250132135309 0.3488217935165608 0.05 0.05
0 0.8155275502114167 0.3509359584214233 0.05 0.05
0 0.707705140063425 0.30865266032417177 0.05 0.05
0 0.5491427721987316 0.46721502818886523 0.05 0.05
0 0.2589736390063425 0.38053426708949945 0.05 0.05
0 0.2066480576109936 0.3847625968992247 0.05 0.05
0 0.24153177854122623 0.7251431465821 0.05 0.05
0 0.25263114429175476 0.7885680937279774 0.05 0.05
0 0.2541965505464482 0.26971197632058286 0.05 0.05
