0 0.1285536704435873 0.4470397380263582 0.05 0.05
0 0.24137912849566057 0.3596080440372871 0.05 0.05
0 0.2973096974445516 0.3158921970427516 0.05 0.05
0 0.27609465405014466 0.2567472275795564 0.05 0.05
0 0.27416601374156224 0.21174562037929925 0.05 0.05
0 0.23559320756991325 0.20145953873352623 0.05 0.05
0 0.2548796106557377 0.1461718498874961 0.05 0.05
0 0.2018420021697203 0.12431392639022824 0.05 0.05
0 0.2828448951301832 0.09216992124718738 0.05 0.05
0 0.6435006328351013 0.21688866120218578 0.05 0.05
0 0.6830377591610415 0.23874658469945362 0.05 0.05
0 0.7187176048698167 0.1873161764705883 0.05 0.05
0 0.7707908932015428 0.17574433461909358 0.05 0.05
0 0.5817841429604629 0.07802655898424954 0.05 0.05
0 0.569247980954677 0.0741692783670846 0.05 0.05
0 0.3908487524108003 0.0625974365155899 0.05 0.05
0 0.3435970648505304 0.04588255384120868 0.05 0.05
0 0.5191033329315332 0.9754871825779492 0.05 0.05
0 0.37156234932497584 0.798052274188364 0.05 0.05
0 0.3165961005303761 0.7826231517197043 0.05 0.05
0 0.2847735354387657 0.7774801108968178 0.05 0.05
0 0.4429220407425265 0.6437610495017679 0.05 0.05
0 0.42459995781099324 0.546043273866924 0.05 0.05
0 0.39952763379942136 0.5228995901639345 0.05 0.05
0 0.38795579194792673 0.4984701462552234 0.05 0.05
0 0.5065671709257473 0.5306141513982643 0.05 0.05
0 0.5461042972516875 0.4701834217293475 0.05 0.05
0 0.6049278266634522 0.9896305448408872 0.05 0.05
0 0.44774364151398266 0.20788833976213444 0.05 0.05
