0 0.5617696832281807 0.20310966526463403 0.05 0.05
0 0.5764910291798105 0.09935922712933791 0.05 0.05
0 0.4618748356992638 0.19609950052576272 0.05 0.05
0 0.06229544558359623 0.6910171310900808 0.05 0.05
0 0.05703782202944272 0.5241752103049424 0.05 0.05
0 0.04652257492113567 0.4821142218717142 0.05 0.05
0 0.4040409766035751 0.5269792762004909 0.05 0.05
0 0.3987833530494215 0.49753658429723124 0.05 0.05
0 0.42086537197686635 0.4821142218717142 0.05 0.05
0 0.5060388735541533 0.5311853750438137 0.05 0.05
0 0.5449452878548894 0.5213711444093938 0.05 0.05
0 0.5649242573606728 0.49333048545390845 0.05 0.05
0 0.5491513866982122 0.4765060900806172 0.05 0.05
0 0.6585099566246054 0.6952232299334037 0.05 0.05
0 0.7563017547318609 0.6363378461268842 0.05 0.05
0 0.6763858767087274 0.6363378461268842 0.05 0.05
0 0.4713385580967401 0.6517602085524012 0.05 0.05
0 0.3851135318086224 0.7975716351209255 0.05 0.05
0 0.30099155494216606 0.12880191903259758 0.05 0.05
0 0.290476307833859 0.09515312828601499 0.05 0.05
0 0.279961060725552 0.09795719418156364 0.05 0.05
0 0.23895159700315452 0.1119775236593064 0.05 0.05
0 0.22528177576235536 0.06851450227830386 0.05 0.05
0 0.2810125854363827 0.06430840343498107 0.05 0.05
0 0.41771079784437426 0.15684257798808307 0.05 0.05
