0 0.3588679307610994 0.04438204721634946 0.05 0.05
0 0.27007300475687107 0.09300784002818858 0.05 0.05
0 0.2811723705073996 0.10146449964763894 0.05 0.05
0 0.2906861125792812 0.08877951021846352 0.05 0.05
0 0.33825482293868925 0.08877951021846352 0.05 0.05
0 0.33349795190274845 0.12683447850599 0.05 0.05
0 0.33984044661733626 0.11414948907681446 0.05 0.05
0 0.3652104254756871 0.08666534531360087 0.05 0.05
0 0.44290598572938694 0.20294441508104283 0.05 0.05
0 0.4540053514799155 0.1902594256518673 0.05 0.05
0 0.45876222251585624 0.2135152396053557 0.05 0.05
0 0.30019985465116283 0.19660192036645513 0.05 0.05
0 0.3112992204016914 0.1839169309372796 0.05 0.05
0 0.2938573599365751 0.21774356941508088 0.05 0.05
0 0.2684873810782241 0.22408606412966858 0.05 0.05
0 0.22408991807610992 0.2769401867512331 0.05 0.05
0 0.2605592626849894 0.2769401867512331 0.05 0.05
0 0.20506243393234672 0.312880990133897 0.05 0.05
0 0.16700746564482027 0.3171093199436221 0.05 0.05
0 0.1638362182875264 0.4143609055673008 0.05 0.05
0 0.18444932610993658 0.4207034002818884 0.05 0.05
0 0.246288649577167 0.38053426708949945 0.05 0.05
0 0.051256937103594045 0.6955448379140239 0.05 0.05
0 0.17810683139534883 0.7103439922480619 0.05 0.05
0 0.20189118657505284 0.7209148167723748 0.05 0.05
0 0.4000941464059197 0.4862425123326285 0.05 0.05
0 0.39375165169133197 0.5094983262861168 0.05 0.05
0 0.45876222251585624 0.5306399753347427 0.05 0.05
0 0.5237727933403806 0.5412107998590555 0.05 0.05
0 0.5523140195560254 0.47144335799859044 0.05 0.05
0 0.6728214191331925 0.5560099541930936 0.05 0.05
0 0.564999008985201 0.10357866455250159 0.05 0.05
0 0.588783364164905 0.11414948907681446 0.05 0.05
0 0.612567719344609 0.10992115926708929 0.05 0.05
0 0.6014683535940805 0.156432787174066 0.05 0.05
0 0.7362463662790699 0.1860310958421421 0.05 0.05
0 0.7647875924947147 0.2198577343199434 0.05 0.05
0 0.7838150766384778 0.22408606412966858 0.05 0.05
0 0.8884662394291756 0.287511011275546 0.05 0.05
