0 0.19658544580419582 0.11380390442890445 0.05 0.05
0 0.31590362762237756 0.08932837995337989 0.05 0.05
0 0.33950502622377626 0.07359411421911423 0.05 0.05
0 0.34999453671328673 0.07534236596736589 0.05 0.05
0 0.2988581730769231 0.15576194638694632 0.05 0.05
0 0.3381938374125874 0.14527243589743588 0.05 0.05
0 0.44046656468531464 0.20995775058275054 0.05 0.05
0 0.452267263986014 0.21170600233100234 0.05 0.05
0 0.24247705419580418 0.36555215617715625 0.05 0.05
0 0.28443509615384616 0.30611159673659666 0.05 0.05
0 0.34737215909090907 0.30086684149184156 0.05 0.05
0 0.022197333916083896 0.6207969114219114 0.05 0.05
0 0.07071131993006992 0.5666011072261072 0.05 0.05
0 0.11398055069930069 0.5805871212121212 0.05 0.05
0 0.16249453671328673 0.5561115967365968 0.05 0.05
0 0.21100852272727275 0.6522654428904429 0.05 0.05
0 0.3985085227272728 0.5159018065268065 0.05 0.05
0 0.44308894230769236 0.5526150932400932 0.05 0.05
0 0.4063756555944056 0.5386290792540792 0.05 0.05
0 0.5742078234265735 0.512405303030303 0.05 0.05
0 0.591253277972028 0.49142628205128214 0.05 0.05
0 0.5532288024475525 0.4686990093240093 0.05 0.05
0 0.6450120192307692 0.33058712121212125 0.05 0.05
0 0.6909036276223777 0.30611159673659666 0.05 0.05
0 0.7853092220279722 0.227440268065268 0.05 0.05
0 0.8246448863636365 0.21520250582750577 0.05 0.05
0 0.7708861451048952 0.3288388694638694 0.05 0.05
0 0.8049770541958043 0.3340836247086247 0.05 0.05
0 0.8023546765734266 0.41974796037296047 0.05 0.05
0 0.8652917395104897 0.39702068764568765 0.05 0.05
0 0.938718312937063 0.5980696386946388 0.05 0.05
0 0.848246284965035 0.7676500582750584 0.05 0.05
0 0.7249945367132868 0.6365311771561772 0.05 0.05
0 0.6791029283216783 0.5998178904428905 0.05 0.05
0 0.5597847465034965 0.6400276806526807 0.05 0.05
0 0.5388057255244756 0.902265442890443 0.05 0.05
0 0.6096099213286713 0.8655521561771562 0.05 0.05
0 0.43259943181818183 0.8166011072261073 0.05 0.05
0 0.4168651660839161 0.7693983100233102 0.05 0.05
0 0.4273546765734266 0.7344332750582752 0.05 0.05
0 0.355239291958042 0.7728948135198136 0.05 0.05
0 0.28836866258741256 0.7641535547785547 0.05 0.05
0 0.292302229020979 0.8288388694638695 0.05 0.05
