0 0.018131407728706674 0.5592260339992993 0.05 0.05
0 0.0076161606203996365 0.5858646600070103 0.05 0.05
0 0.09173813748685596 0.44425933228180886 0.05 0.05
0 0.16639639195583594 0.4386512004907118 0.05 0.05
0 0.22528177576235536 0.7190577900455662 0.05 0.05
0 0.33148577155625647 0.7681289432176658 0.05 0.05
0 0.3872165812302838 0.8284163599719594 0.05 0.05
0 0.4387412920609883 0.7779431738520857 0.05 0.05
0 0.5028842994216612 0.5367935068349109 0.05 0.05
0 0.5523059608307043 0.5157630126182968 0.05 0.05
0 0.5575635843848579 0.4947325184016827 0.05 0.05
0 0.5396876643007359 0.47089795828951997 0.05 0.05
0 0.4040409766035751 0.5297833420960394 0.05 0.05
0 0.3945772542060987 0.5073508149316511 0.05 0.05
0 0.40614402602523647 0.4751040571328429 0.05 0.05
0 0.37144371056782327 0.3363027953031898 0.05 0.05
0 0.2589305665089379 0.34892109183315845 0.05 0.05
0 0.24105464642481592 0.29984993866105886 0.05 0.05
0 0.22423025105152466 0.2199340606379253 0.05 0.05
0 0.41981384726603566 0.24657268664563645 0.05 0.05
0 0.42927756966351194 0.3194783999298986 0.05 0.05
0 0.4313806190851734 0.19609950052576272 0.05 0.05
0 0.44715348974763397 0.20591373116018255 0.05 0.05
0 0.5985730481072553 0.1806771381002457 0.05 0.05
0 0.6185520176130387 0.14983241324921165 0.05 0.05
0 0.645891660094637 0.14843038030143738 0.05 0.05
0 0.5743879797581491 0.26199504907115345 0.05 0.05
0 0.6038306716614088 0.2704072467577992 0.05 0.05
0 0.6206550670347001 0.2605930161233792 0.05 0.05
0 0.6469431848054678 0.2788194444444448 0.05 0.05
0 0.738425834647739 0.25778895022783066 0.05 0.05
0 0.7468380323343846 0.23115032422011955 0.05 0.05
0 0.7815383477917979 0.23675845601121662 0.05 0.05
0 0.7626109029968451 0.3180763669821244 0.05 0.05
0 0.7920535949001049 0.18908933578689138 0.05 0.05
0 0.7636624277076758 0.14142021556256607 0.05 0.05
0 0.3178159503154573 0.1119775236593064 0.05 0.05
0 0.29888850552050467 0.10636939186820922 0.05 0.05
0 0.2820641101472134 0.10216329302488643 0.05 0.05
0 0.27365191246056775 0.04187587627059273 0.05 0.05
0 0.2915278325446897 0.03626774447949567 0.05 0.05
0 0.2862702089905362 0.09234906239046646 0.05 0.05
0 0.2610336159305993 0.11478158955485493 0.05 0.05
0 0.23159092402733958 0.08674093059936941 0.05 0.05
