0 0.3104092587527352 0.09622766229029907 0.05 0.05
0 0.362925670131291 0.12467405178701665 0.05 0.05
0 0.37769591083150983 0.08309855944565996 0.05 0.05
0 0.39738956509846834 0.08309855944565996 0.05 0.05
0 0.3662079458424508 0.1881313822027715 0.05 0.05
0 0.31697381017505466 0.19031956601021136 0.05 0.05
0 0.43841801148796505 0.2056368526622901 0.05 0.05
0 0.45482939004376377 0.2056368526622901 0.05 0.05
0 0.5434508342450767 0.21438958789204948 0.05 0.05
0 0.5811970049234136 0.14655588986141493 0.05 0.05
0 0.6255077270240701 0.15093225747629452 0.05 0.05
0 0.6566893462800876 0.14655588986141493 0.05 0.05
0 0.6501247948577682 0.22970687454412822 0.05 0.05
0 0.689512103391685 0.2472123450036469 0.05 0.05
0 0.765004444748359 0.2647178154631655 0.05 0.05
0 0.815879718271335 0.21876595550692918 0.05 0.05
0 0.8240854075492343 0.2559650802334061 0.05 0.05
0 0.5828381427789935 0.4944771152443472 0.05 0.05
0 0.5565799370897155 0.5272998723559444 0.05 0.05
0 0.5483742478118162 0.47697164478482856 0.05 0.05
0 0.39738956509846834 0.5054180342815463 0.05 0.05
0 0.40231297866520793 0.5272998723559444 0.05 0.05
0 0.2250700902625821 0.21220140408460963 0.05 0.05
0 0.18404164387308533 0.22533050692924864 0.05 0.05
0 0.23491691739606124 0.2559650802334061 0.05 0.05
0 0.31369153446389497 0.3325515134938 0.05 0.05
0 0.30876812089715544 0.40038521152443457 0.05 0.05
0 0.2907156044857768 0.5579344456601021 0.05 0.05
0 0.22999350382932165 0.6607790846097737 0.05 0.05
0 0.238199193107221 0.7045427607585704 0.05 0.05
0 0.3350263265864333 0.7658119073668855 0.05 0.05
0 0.29892129376367615 0.7964464806710432 0.05 0.05
0 0.3530788429978118 0.7986346644784829 0.05 0.05
0 0.38754273796498906 0.7876937454412837 0.05 0.05
0 0.41215980579868716 0.7395537016776076 0.05 0.05
0 0.4417002871991248 0.7439300692924873 0.05 0.05
