0 0.22423025105152466 0.0909470294426922 0.05 0.05
0 0.22212720162986327 0.0713185681738525 0.05 0.05
0 0.27154886303890635 0.09375109533824073 0.05 0.05
0 0.2862702089905362 0.09234906239046646 0.05 0.05
0 0.28837325841219763 0.06991653522607813 0.05 0.05
0 0.29994003023133536 0.14702834735366313 0.05 0.05
0 0.26629123948475286 0.2087177970557311 0.05 0.05
0 0.32202204915878013 0.22834625832457103 0.05 0.05
0 0.2820641101472134 0.31667433403435014 0.05 0.05
0 0.22107567691903257 0.3222824658254472 0.05 0.05
0 0.45556568743427955 0.2003055993690855 0.05 0.05
0 0.27470343717139845 0.4680938923939715 0.05 0.05
0 0.393525729495268 0.5101548808271996 0.05 0.05
0 0.40614402602523647 0.5269792762004909 0.05 0.05
0 0.49236905231335426 0.6307297143357871 0.05 0.05
0 0.5091934476866455 0.5424016386260079 0.05 0.05
0 0.5554605349631965 0.5283813091482652 0.05 0.05
0 0.5701818809148264 0.501742683140554 0.05 0.05
0 0.5512544361198736 0.4694959253417457 0.05 0.05
0 0.6059337210830702 0.332096696459867 0.05 0.05
0 0.6585099566246054 0.2830255432877676 0.05 0.05
0 0.7321166863827547 0.2830255432877676 0.05 0.05
0 0.674282827287066 0.08113279880827236 0.05 0.05
0 0.7752291995268135 0.21853202769015106 0.05 0.05
0 0.795208169032597 0.19189340168243993 0.05 0.05
0 0.8257023856466873 0.2241401594812481 0.05 0.05
0 0.8509389787066244 0.21152186295127962 0.05 0.05
0 0.8246508609358567 0.28582960918331607 0.05 0.05
0 0.7762807242376444 0.2928397739221874 0.05 0.05
0 0.3861650565194531 0.763922844374343 0.05 0.05
0 0.3630315128811776 0.7989736680686997 0.05 0.05
0 0.3146613761829652 0.7681289432176658 0.05 0.05
0 0.400886402471083 0.044679942166141254 0.05 0.05
