0 0.561827761627907 0.17123194150810417 0.05 0.05
0 0.6411089455602538 0.21140107470049305 0.05 0.05
0 0.27324425211416487 0.09512200493305123 0.05 0.05
0 0.2875148652219873 0.09512200493305123 0.05 0.05
0 0.295442983615222 0.08666534531360087 0.05 0.05
0 0.33508357558139534 0.08877951021846352 0.05 0.05
0 0.34142607029598315 0.07820868569415064 0.05 0.05
0 0.3477685650105709 0.14797612755461576 0.05 0.05
0 0.44132036205074004 0.207172744890768 0.05 0.05
0 0.4540053514799155 0.19660192036645513 0.05 0.05
0 0.30019985465116283 0.22408606412966858 0.05 0.05
0 0.3493541886892178 0.26848352713178275 0.05 0.05
0 0.27641549947145877 0.287511011275546 0.05 0.05
0 0.11943875528541223 0.37630593727977435 0.05 0.05
0 0.1907918208245243 0.7103439922480619 0.05 0.05
0 0.7045338927061311 0.41013257575757556 0.05 0.05
0 0.5428002774841438 0.4629866983791401 0.05 0.05
0 0.7378319899577168 0.28962517618040856 0.05 0.05
0 0.8028425607822411 0.28539684637068347 0.05 0.05
0 0.7679588398520085 0.46510086328400274 0.05 0.05
0 0.8123563028541227 0.4122467406624382 0.05 0.05
0 0.8250412922832983 0.47355752290345293 0.05 0.05
0 0.9709186707188161 0.8562213706835798 0.05 0.05
