0 0.17098375723240114 0.8083383558341369 0.05 0.05
0 0.005120690694310504 0.6514756107360977 0.05 0.05
0 0.07262310149469624 0.45475429926068794 0.05 0.05
0 0.16809079676952748 0.48432678399228546 0.05 0.05
0 0.21919976494696236 0.49589862584378014 0.05 0.05
0 0.23173592695274828 0.5228995901639345 0.05 0.05
0 0.27802329435872714 0.5164707891353263 0.05 0.05
0 0.3368468237704918 0.798052274188364 0.05 0.05
0 0.44774364151398266 0.6579044117647059 0.05 0.05
0 0.4082065151880424 0.5306141513982643 0.05 0.05
0 0.39759899349083894 0.5048989472838316 0.05 0.05
0 0.414956756268081 0.4714691819350692 0.05 0.05
0 0.5065671709257473 0.5293283911925426 0.05 0.05
0 0.582748463114754 0.5113277483124398 0.05 0.05
0 0.5432113367888138 0.46889766152362594 0.05 0.05
0 0.766933612584378 0.7594794680167148 0.05 0.05
0 0.44774364151398266 0.21174562037929925 0.05 0.05
0 0.34552570515911285 0.1500291305046609 0.05 0.05
0 0.30309561837029897 0.13974304885888789 0.05 0.05
0 0.28380921528447445 0.09602720186435233 0.05 0.05
0 0.30984585945033755 0.09988448248151727 0.05 0.05
0 0.3407041043876567 0.09859872227579558 0.05 0.05
0 0.196056081243973 0.03816799260687891 0.05 0.05
