0 0.3100032779720279 0.096321386946387 0.05 0.05
0 0.34278299825174824 0.08408362470862467 0.05 0.05
0 0.2365767045454546 0.14527243589743588 0.05 0.05
0 0.2064193618881119 0.16799970862470867 0.05 0.05
0 0.22870957167832168 0.3096081002331002 0.05 0.05
0 0.4450557255244756 0.20471299533799533 0.05 0.05
0 0.4529228583916084 0.2064612470862471 0.05 0.05
0 0.5407725087412587 0.21695075757575755 0.05 0.05
0 0.7440067744755245 0.3952724358974359 0.05 0.05
0 0.8148109702797205 0.37079691142191146 0.05 0.05
0 0.8908599213286715 0.38653117715617713 0.05 0.05
0 0.9000382430069932 0.5805871212121212 0.05 0.05
0 0.907905375874126 0.7938738344988345 0.05 0.05
0 0.5499508304195805 0.4721955128205128 0.05 0.05
0 0.5827305506993008 0.4984192890442891 0.05 0.05
0 0.5617515297202798 0.5281395687645688 0.05 0.05
0 0.5093039772727274 0.5456220862470862 0.05 0.05
0 0.476524256993007 0.5770906177156178 0.05 0.05
0 0.5224158653846154 0.6627549533799535 0.05 0.05
0 0.3926081730769231 0.512405303030303 0.05 0.05
0 0.40178649475524475 0.526391317016317 0.05 0.05
0 0.4961920891608392 0.7449227855477856 0.05 0.05
0 0.4175207604895105 0.7921255827505828 0.05 0.05
0 0.4201431381118882 0.7414262820512821 0.05 0.05
0 0.3454053758741259 0.7816360722610723 0.05 0.05
0 0.261489291958042 0.7991185897435897 0.05 0.05
0 0.25493334790209793 0.7484192890442891 0.05 0.05
0 0.17757320804195806 0.6854822261072261 0.05 0.05
