0 0.31625744047619053 0.09760251322751318 0.05 0.05
0 0.4353050595238094 0.06321097883597879 0.05 0.05
0 0.44919394841269833 0.21400462962962952 0.05 0.05
0 0.4610987103174602 0.21400462962962952 0.05 0.05
0 0.33014632936507926 0.17961309523809513 0.05 0.05
0 0.28847966269841263 0.17961309523809513 0.05 0.05
0 0.19522569444444435 0.22194113756613756 0.05 0.05
0 0.20713045634920624 0.2907242063492063 0.05 0.05
0 0.23689236111111106 0.3039517195767195 0.05 0.05
0 0.31228918650793647 0.293369708994709 0.05 0.05
0 0.3460193452380952 0.293369708994709 0.05 0.05
0 0.36387648809523804 0.3462797619047618 0.05 0.05
0 0.3737971230158729 0.39125330687830673 0.05 0.05
0 0.39760664682539676 0.5182374338624337 0.05 0.05
0 0.40554315476190467 0.5235284391534392 0.05 0.05
0 0.21109871031746028 0.3806712962962962 0.05 0.05
0 0.1654637896825396 0.41770833333333335 0.05 0.05
0 0.09998759920634914 0.42035383597883585 0.05 0.05
0 0.119828869047619 0.4679728835978835 0.05 0.05
0 0.0702256944444444 0.4441633597883597 0.05 0.05
0 0.05038442460317456 0.5076554232804232 0.05 0.05
0 0.09998759920634914 0.5103009259259258 0.05 0.05
0 0.10593998015873012 0.5790839947089946 0.05 0.05
0 0.15951140873015868 0.5208829365079364 0.05 0.05
0 0.16943204365079362 0.5446924603174602 0.05 0.05
0 0.2170510912698412 0.5314649470899471 0.05 0.05
0 0.5603050595238094 0.5314649470899471 0.05 0.05
0 0.24879712301587292 0.6346395502645502 0.05 0.05
0 0.5801463293650793 0.49707341269841265 0.05 0.05
0 0.5484002976190474 0.4812003968253967 0.05 0.05
0 0.5464161706349204 0.2192956349206348 0.05 0.05
0 0.7626860119047618 0.16638558201058196 0.05 0.05
0 0.8281622023809521 0.17167658730158722 0.05 0.05
0 0.7944320436507935 0.3938988095238095 0.05 0.05
0 0.8122891865079362 0.4441633597883597 0.05 0.05
0 0.7547495039682539 0.449454365079365 0.05 0.05
0 0.8896701388888886 0.7007771164021164 0.05 0.05
0 0.4313368055555554 0.7351686507936507 0.05 0.05
0 0.4134796626984126 0.7483961640211639 0.05 0.05
0 0.3857018849206348 0.7880787037037036 0.05 0.05
0 0.3519717261904761 0.8251157407407406 0.05 0.05
0 0.3182415674603174 0.7827876984126984 0.05 0.05
0 0.2904637896825396 0.7986607142857143 0.05 0.05
