0 0.8099295149842269 0.30826213634770455 0.05 0.05
0 0.8278054350683487 0.3180763669821244 0.05 0.05
0 0.5870062762881176 0.22273812653347386 0.05 0.05
0 0.7920535949001049 0.42463087101296904 0.05 0.05
0 0.5565120596740272 0.19469746757798845 0.05 0.05
0 0.45346263801261816 0.19609950052576272 0.05 0.05
0 0.5123480218191376 0.5255772432527166 0.05 0.05
0 0.5459968125657201 0.5213711444093938 0.05 0.05
0 0.5659757820715035 0.5003406501927797 0.05 0.05
0 0.5449452878548894 0.4751040571328429 0.05 0.05
0 0.6953133215036801 0.6741927357167896 0.05 0.05
0 0.3924742047844373 0.76953097616544 0.05 0.05
0 0.36723761172450037 0.8101899316508939 0.05 0.05
0 0.3157129008937959 0.76953097616544 0.05 0.05
0 0.26944581361724496 0.7653248773221172 0.05 0.05
0 0.14746894716088327 0.4470633981773574 0.05 0.05
0 0.024440555993690893 0.47089795828951997 0.05 0.05
0 0.41140164957938996 0.5241752103049424 0.05 0.05
0 0.3977318283385908 0.5003406501927797 0.05 0.05
0 0.41350469900105136 0.4779081230283914 0.05 0.05
0 0.21266347923238693 0.28723164213109037 0.05 0.05
0 0.279961060725552 0.2816235103399933 0.05 0.05
0 0.308352227917981 0.26760318086225054 0.05 0.05
0 0.3872165812302838 0.1722649404136 0.05 0.05
0 0.35041321635120914 0.14983241324921165 0.05 0.05
0 0.3030946043638275 0.11618362250262919 0.05 0.05
0 0.26208514064143 0.11898768839817772 0.05 0.05
0 0.251569893533123 0.14142021556256607 0.05 0.05
0 0.22002415220820187 0.13861614966701755 0.05 0.05
0 0.19163298501577283 0.1316059849281461 0.05 0.05
0 0.19058146030494214 0.15964664388363162 0.05 0.05
0 0.21161195452155623 0.06851450227830386 0.05 0.05
0 0.27785801130389054 0.09515312828601499 0.05 0.05
0 0.290476307833859 0.08954499649491794 0.05 0.05
0 0.34305254337539426 0.1035653259726607 0.05 0.05
0 0.37144371056782327 0.0909470294426922 0.05 0.05
0 0.37985590825446885 0.08954499649491794 0.05 0.05
