0 0.22955483490566037 0.08489910901467491 0.05 0.05
0 0.22955483490566042 0.049259696016771194 0.05 0.05
0 0.27515231918239 0.08909198113207518 0.05 0.05
0 0.28458628144654097 0.09328485324947558 0.05 0.05
0 0.3081711871069183 0.08909198113207518 0.05 0.05
0 0.35848565251572334 0.08489910901467468 0.05 0.05
0 0.2720076650943397 0.22955319706498922 0.05 0.05
0 0.41351709905660383 0.2505175576519913 0.05 0.05
0 0.3301837657232705 0.26728904612159304 0.05 0.05
0 0.38364288522012585 0.3364714360586999 0.05 0.05
0 0.15722779088050318 0.3490500524109012 0.05 0.05
0 0.21068691037735854 0.3490500524109012 0.05 0.05
0 0.22483785377358498 0.4203288784067084 0.05 0.05
0 0.39307684748427685 0.49160770440251544 0.05 0.05
0 0.5518818789308177 0.4685469077568131 0.05 0.05
0 0.3238944575471699 0.8186517295597483 0.05 0.05
0 0.8710642688679247 0.8354232180293499 0.05 0.05
