0 0.07281069269190328 0.6910171310900808 0.05 0.05
0 0.029698179547844417 0.7008313617245007 0.05 0.05
0 0.008667685331230334 0.6082971871713987 0.05 0.05
0 0.04757409963196639 0.5718443305292678 0.05 0.05
0 0.07806831624605681 0.5620300998948478 0.05 0.05
0 0.15693266955835963 0.6882130651945322 0.05 0.05
0 0.3388464445320714 0.7765411409043115 0.05 0.05
0 0.34725864221871705 0.8270143270241852 0.05 0.05
0 0.42086537197686635 0.7611187784787944 0.05 0.05
0 0.5081419229758148 0.5353914738871366 0.05 0.05
0 0.5544090102523658 0.5185670785138453 0.05 0.05
0 0.5785940786014719 0.4947325184016827 0.05 0.05
0 0.5502029114090429 0.4737020241850686 0.05 0.05
0 0.41035012486855926 0.5297833420960394 0.05 0.05
0 0.3893196306519452 0.496134551349457 0.05 0.05
0 0.27785801130389054 0.3685495531019981 0.05 0.05
0 0.23474549815983173 0.25358285138450776 0.05 0.05
0 0.23369397344900103 0.08814296354714367 0.05 0.05
0 0.2599820912197686 0.08393686470382088 0.05 0.05
0 0.2831156348580441 0.06430840343498107 0.05 0.05
0 0.27785801130389054 0.09655516123378938 0.05 0.05
0 0.2925793572555204 0.09234906239046646 0.05 0.05
0 0.19163298501577283 0.05729823869610975 0.05 0.05
0 0.6826950249737116 0.29844790571328456 0.05 0.05
0 0.7079316180336486 0.2928397739221874 0.05 0.05
0 0.45451416272344886 0.19469746757798845 0.05 0.05
0 0.5586151090956886 0.19189340168243993 0.05 0.05
0 0.7352712605152468 0.517165045566071 0.05 0.05
0 0.7773322489484751 0.45687762881177735 0.05 0.05
0 0.8267539103575181 0.33069466351209276 0.05 0.05
0 0.8793301458990535 0.341910927094287 0.05 0.05
0 0.3893196306519452 0.09375109533824073 0.05 0.05
