0 0.3609284634595162 0.17787307220469703 0.05 0.05
0 0.3703921858569926 0.12459582018927477 0.05 0.05
0 0.45872026156677165 0.20170763231685976 0.05 0.05
0 0.5617696832281807 0.19609950052576272 0.05 0.05
0 0.16639639195583594 0.46528982649842293 0.05 0.05
0 0.19794213328075708 0.6082971871713987 0.05 0.05
0 0.18006621319663513 0.7597167455310202 0.05 0.05
0 0.40929860015772856 0.5227731773571681 0.05 0.05
0 0.4019379271819137 0.5073508149316511 0.05 0.05
0 0.5165541206624604 0.5325874079915881 0.05 0.05
0 0.5512544361198736 0.5213711444093938 0.05 0.05
0 0.5617696832281807 0.496134551349457 0.05 0.05
0 0.5554605349631965 0.4737020241850686 0.05 0.05
0 0.6080367705047316 0.9363728969505785 0.05 0.05
0 0.5302239419032595 0.9265586663161585 0.05 0.05
0 0.2568275170872765 0.10636939186820922 0.05 0.05
0 0.27365191246056775 0.09515312828601499 0.05 0.05
0 0.28732173370136693 0.08674093059936941 0.05 0.05
0 0.279961060725552 0.06430840343498107 0.05 0.05
0 0.2263333004731861 0.0671124693305296 0.05 0.05
