0 0.21074018223819305 0.12458718343600275 0.05 0.05
0 0.22922067505133475 0.12321825804243668 0.05 0.05
0 0.27644860112936354 0.12321825804243668 0.05 0.05
0 0.2949290939425052 0.11089792950034223 0.05 0.05
0 0.2785019892197126 0.1013154517453799 0.05 0.05
0 0.29698248203285427 0.08899512320328545 0.05 0.05
0 0.4417463424024642 0.21767411019849423 0.05 0.05
0 0.44995989476386045 0.20535378165639978 0.05 0.05
0 0.330863385523614 0.3258192162902122 0.05 0.05
0 0.277475295174538 0.3326638432580424 0.05 0.05
0 0.2785019892197126 0.4189061430527037 0.05 0.05
0 0.23640753336755652 0.2820136036960986 0.05 0.05
0 0.18917960728952776 0.28748930527036276 0.05 0.05
0 0.18301944301848053 0.22041196098562638 0.05 0.05
0 0.16145886806981524 0.47092530800821364 0.05 0.05
0 0.195339771560575 0.44080894934976045 0.05 0.05
0 0.08959028490759756 0.4750320841889117 0.05 0.05
0 0.20766010010266944 0.7625064168377824 0.05 0.05
0 0.14092498716632446 0.9226706878850103 0.05 0.05
0 0.07316318018480496 0.9610005989048598 0.05 0.05
0 0.4520132828542095 0.5215755475701574 0.05 0.05
0 0.504374679158111 0.535264801505818 0.05 0.05
0 0.5546826873716634 0.5188376967830254 0.05 0.05
0 0.5659763218685833 0.49830381587953465 0.05 0.05
0 0.5474958290554415 0.4681874572210815 0.05 0.05
0 0.6049906955852157 0.587283966461328 0.05 0.05
0 0.6121775539014375 0.6078178473648187 0.05 0.05
0 0.6563253978439426 0.6009732203969885 0.05 0.05
0 0.8164896688911705 0.9007678815879535 0.05 0.05
0 0.8277833033880905 0.3778383812457221 0.05 0.05
0 0.7723418249486654 0.17797527378507874 0.05 0.05
0 0.6357915169404518 0.06572339151266249 0.05 0.05
0 0.6101241658110884 0.06572339151266249 0.05 0.05
0 0.5567360754620124 0.19303345311430534 0.05 0.05
