0 0.230972506830601 0.08391962659380721 0.05 0.05
0 0.24326758879781427 0.0802766393442622 0.05 0.05
0 0.31567196038251366 0.09667008196721305 0.05 0.05
0 0.31567196038251366 0.1330999544626593 0.05 0.05
0 0.3443604849726776 0.11488501821493623 0.05 0.05
0 0.28425119535519133 0.12217099271402544 0.05 0.05
0 0.2596610314207651 0.14585040983606562 0.05 0.05
0 0.22414190573770498 0.12217099271402544 0.05 0.05
0 0.23507086748633882 0.1330999544626593 0.05 0.05
0 0.22414190573770498 0.15495787795992713 0.05 0.05
0 0.23097250683060114 0.28792691256830594 0.05 0.05
0 0.02605447404371588 0.752407786885246 0.05 0.05
0 0.1121200478142077 0.7396573315118398 0.05 0.05
0 0.31020747950819677 0.7578722677595628 0.05 0.05
0 0.36758452868852465 0.7833731785063752 0.05 0.05
0 0.4031036543715848 0.7542292805100181 0.05 0.05
0 0.43862278005464483 0.7797301912568307 0.05 0.05
0 0.4481856215846996 0.7141564207650274 0.05 0.05
0 0.39080857240437167 0.5065061475409837 0.05 0.05
0 0.4072020150273225 0.5228995901639344 0.05 0.05
0 0.5684042008196721 0.5192566029143898 0.05 0.05
0 0.5875298838797814 0.4992201730418943 0.05 0.05
0 0.5479123975409838 0.4627903005464481 0.05 0.05
0 0.6872566598360657 0.4372893897996357 0.05 0.05
0 0.44135502049180336 0.21506716757741345 0.05 0.05
0 0.4618468237704919 0.2132456739526411 0.05 0.05
0 0.6039233265027324 0.22053164845173043 0.05 0.05
0 0.642174692622951 0.25696152094717667 0.05 0.05
0 0.631245730874317 0.1731728142076502 0.05 0.05
0 0.6531036543715848 0.17499430783242254 0.05 0.05
0 0.6804260587431694 0.15495787795992713 0.05 0.05
0 0.6735954576502733 0.18228028233151186 0.05 0.05
0 0.7364369877049182 0.16952982695810567 0.05 0.05
0 0.7787867144808743 0.3079633424408014 0.05 0.05
0 0.8211364412568306 0.3043203551912568 0.05 0.05
