0 0.28942478312302833 0.7723350420609887 0.05 0.05
0 0.17060249079915873 0.6195134507535929 0.05 0.05
0 0.11276863170347004 0.6307297143357871 0.05 0.05
0 0.13590217534174553 0.4666918594461972 0.05 0.05
0 0.1295930270767613 0.3741576848930952 0.05 0.05
0 0.19794213328075708 0.4470633981773574 0.05 0.05
0 0.3125583267613038 0.37555971784086944 0.05 0.05
0 0.38195895767613025 0.4989386172450055 0.05 0.05
0 0.41245317429022066 0.5255772432527166 0.05 0.05
0 0.44820501445846467 0.5143609796705225 0.05 0.05
0 0.5060388735541533 0.5339894409393623 0.05 0.05
0 0.5523059608307043 0.5283813091482652 0.05 0.05
0 0.5565120596740272 0.4919284525061341 0.05 0.05
0 0.5396876643007359 0.4694959253417457 0.05 0.05
0 0.6311703141430072 0.2970458727655102 0.05 0.05
0 0.663767580178759 0.2844275762355418 0.05 0.05
0 0.78469292192429 0.1680588415702772 0.05 0.05
0 0.8141356138275497 0.1722649404136 0.05 0.05
0 0.45766873685594095 0.2003055993690855 0.05 0.05
0 0.38195895767613025 0.20310966526463403 0.05 0.05
0 0.393525729495268 0.19189340168243993 0.05 0.05
0 0.4050925013144058 0.21712999474237668 0.05 0.05
0 0.33674339511041 0.22554219242902238 0.05 0.05
0 0.279961060725552 0.2241401594812481 0.05 0.05
0 0.23474549815983173 0.2409645548545394 0.05 0.05
0 0.18532383675078862 0.16525477567472865 0.05 0.05
0 0.23790007229232382 0.0713185681738525 0.05 0.05
0 0.2568275170872765 0.07552466701717529 0.05 0.05
0 0.2820641101472134 0.09515312828601499 0.05 0.05
0 0.2925793572555204 0.08533889765159515 0.05 0.05
