0 0.29972558781190023 0.7755138355726168 0.05 0.05
0 0.008938639635316704 0.5413487683941138 0.05 0.05
0 0.19799814059500961 0.325097968650032 0.05 0.05
0 0.2584587931861805 0.30718370121561095 0.05 0.05
0 0.313161288387716 0.32765714971209214 0.05 0.05
0 0.22486954174664114 0.21889195457453614 0.05 0.05
0 0.2152726127639156 0.0755778150991682 0.05 0.05
0 0.2603781789827256 0.04998600447856679 0.05 0.05
0 0.2690154150671785 0.09477167306461923 0.05 0.05
0 0.2930077375239924 0.09477167306461923 0.05 0.05
0 0.36594439779270643 0.0858145393474088 0.05 0.05
0 0.413929042706334 0.48376719449776073 0.05 0.05
0 0.3976142634357006 0.5106385956493923 0.05 0.05
0 0.4148887356046066 0.525993682021753 0.05 0.05
0 0.504140175143954 0.5298324536148432 0.05 0.05
0 0.5492457413627639 0.5208753198976327 0.05 0.05
0 0.5636411348368523 0.505520233525272 0.05 0.05
0 0.5415681981765836 0.4748100607805502 0.05 0.05
0 0.5770768354126681 0.7000179942418426 0.05 0.05
0 0.6711267394433782 0.6488343730006397 0.05 0.05
0 0.6855221329174664 0.48888555662188093 0.05 0.05
0 0.7680557221689062 0.48504678502879084 0.05 0.05
0 0.7853301943378119 0.4914447376839411 0.05 0.05
0 0.8361939179462572 0.48888555662188093 0.05 0.05
0 0.9100902711132438 0.5835752559181062 0.05 0.05
0 0.766136336372361 0.19202055342290456 0.05 0.05
0 0.7843705014395395 0.199698096609085 0.05 0.05
0 0.45039737284069103 0.2060960492642354 0.05 0.05
