0 0.23043241279069768 0.08877951021846364 0.05 0.05
0 0.2684873810782241 0.08877951021846352 0.05 0.05
0 0.2811723705073996 0.09300784002818858 0.05 0.05
0 0.2986142309725158 0.09300784002818858 0.05 0.05
0 0.33503892918088735 0.09063211035267334 0.05 0.05
0 0.34271811006825936 0.080393202502844 0.05 0.05
0 0.2986142309725158 0.1627752818886538 0.05 0.05
0 0.33825482293868925 0.15220445736434082 0.05 0.05
0 0.45717659883720935 0.1860310958421421 0.05 0.05
0 0.564999008985201 0.12049198379140218 0.05 0.05
0 0.23201803646934457 0.2642551973220576 0.05 0.05
0 0.2843436178646934 0.3001960007047214 0.05 0.05
0 0.5475571485200846 0.46721502818886523 0.05 0.05
0 0.7045338927061311 0.42916005990133876 0.05 0.05
0 0.7743013345665963 0.4312742248062013 0.05 0.05
0 0.6664789244186047 0.5729232734319942 0.05 0.05
0 0.6014683535940805 0.6152065715292458 0.05 0.05
0 0.17969245507399575 0.7483989605355884 0.05 0.05
