0 0.18862278005464475 0.08209813296903488 0.05 0.05
0 0.3129397199453553 0.09302709471766851 0.05 0.05
0 0.3949069330601093 0.1913877504553734 0.05 0.05
0 0.35802168715847 0.20595969945355191 0.05 0.05
0 0.3184042008196722 0.20231671220400724 0.05 0.05
0 0.27878671448087433 0.19685223132969037 0.05 0.05
0 0.2664916325136612 0.22599612932604743 0.05 0.05
0 0.24736594945355192 0.2241746357012751 0.05 0.05
0 0.2132129439890711 0.2241746357012751 0.05 0.05
0 0.20774846311475414 0.31707081056466296 0.05 0.05
0 0.25692879098360655 0.3626081511839708 0.05 0.05
0 0.3020107581967214 0.30067736794171224 0.05 0.05
0 0.3361637636612022 0.30067736794171224 0.05 0.05
0 0.30337687841530064 0.3571436703096539 0.05 0.05
0 0.44408726092896184 0.20960268670309645 0.05 0.05
0 0.4591145833333334 0.20960268670309645 0.05 0.05
0 0.3880763319672132 0.5010416666666667 0.05 0.05
0 0.40446977459016403 0.5374715391621129 0.05 0.05
0 0.27605447404371586 0.5702584244080147 0.05 0.05
0 0.29244791666666675 0.7615152550091076 0.05 0.05
0 0.3703167691256831 0.7888376593806922 0.05 0.05
0 0.4072020150273225 0.7542292805100181 0.05 0.05
0 0.46321294398907115 0.7906591530054645 0.05 0.05
0 0.4823386270491804 0.6941199908925318 0.05 0.05
0 0.5533768784153006 0.521078096539162 0.05 0.05
0 0.5793331625683061 0.497398679417122 0.05 0.05
0 0.5479123975409838 0.46825478142076504 0.05 0.05
0 0.6298796106557377 0.7851946721311476 0.05 0.05
0 0.7104807035519126 0.7833731785063752 0.05 0.05
0 0.8143058401639346 0.7943021402550091 0.05 0.05
0 0.8662184084699455 0.7651582422586521 0.05 0.05
0 0.6694970969945355 0.6449396630236794 0.05 0.05
0 0.7036501024590164 0.5848303734061931 0.05 0.05
0 0.7692238729508197 0.561150956284153 0.05 0.05
0 0.8184042008196721 0.5575079690346084 0.05 0.05
0 0.8826118510928962 0.561150956284153 0.05 0.05
0 0.9345244193989071 0.5174351092896176 0.05 0.05
0 0.9536501024590164 0.6139742714025501 0.05 0.05
0 0.6722293374316941 0.32071379781420767 0.05 0.05
0 0.7432675887978142 0.26242600182149356 0.05 0.05
0 0.7979123975409836 0.24421106557377048 0.05 0.05
0 0.8238686816939891 0.18956625683060105 0.05 0.05
0 0.6380763319672133 0.17681580145719486 0.05 0.05
0 0.6558358948087433 0.165886839708561 0.05 0.05
0 0.5588413592896175 0.10213456284153004 0.05 0.05
0 0.5902621243169399 0.09484858834244084 0.05 0.05
