0 0.012873784174553149 0.5409996056782337 0.05 0.05
0 0.44715348974763397 0.76953097616544 0.05 0.05
0 0.4629263604100945 0.6966252628811779 0.05 0.05
0 0.5207602195057832 0.569040264633719 0.05 0.05
0 0.5028842994216612 0.5269792762004909 0.05 0.05
0 0.4050925013144058 0.5297833420960394 0.05 0.05
0 0.3966803036277601 0.5087528478794253 0.05 0.05
0 0.41350469900105136 0.4877223536628113 0.05 0.05
0 0.5470483372765508 0.5227731773571681 0.05 0.05
0 0.5670273067823342 0.49753658429723124 0.05 0.05
0 0.5459968125657201 0.4751040571328429 0.05 0.05
0 0.6343248882754993 0.5718443305292678 0.05 0.05
0 0.7058285686119871 0.6012870224325274 0.05 0.05
0 0.7973112184542583 0.6195134507535929 0.05 0.05
0 0.7657654771293372 0.5213711444093938 0.05 0.05
0 0.8688148987907465 0.34751905888538415 0.05 0.05
0 0.8404237315983174 0.1806771381002457 0.05 0.05
0 0.7657654771293372 0.274613345601122 0.05 0.05
0 0.6826950249737116 0.2521808184367335 0.05 0.05
0 0.6984678956361722 0.2241401594812481 0.05 0.05
0 0.6437886106729755 0.2157279617946024 0.05 0.05
0 0.6574584319137747 0.2045116982124083 0.05 0.05
0 0.6606130060462669 0.135812083771469 0.05 0.05
0 0.6427370859621448 0.12319378724150051 0.05 0.05
0 0.6532523330704519 0.10496735892043496 0.05 0.05
0 0.44715348974763397 0.2157279617946024 0.05 0.05
0 0.36723761172450037 0.1400181826147918 0.05 0.05
0 0.2810125854363827 0.13721411671924327 0.05 0.05
0 0.2589305665089379 0.11618362250262919 0.05 0.05
0 0.23790007229232382 0.12599785313704903 0.05 0.05
0 0.2263333004731861 0.10216329302488643 0.05 0.05
0 0.27890953601472124 0.09935922712933791 0.05 0.05
0 0.2862702089905362 0.08954499649491794 0.05 0.05
0 0.3094037526288117 0.09375109533824073 0.05 0.05
0 0.33043424684542577 0.1035653259726607 0.05 0.05
0 0.3567223646161934 0.08954499649491794 0.05 0.05
0 0.3703921858569926 0.08814296354714367 0.05 0.05
0 0.2063543309674027 0.039071810375044196 0.05 0.05
0 0.23684854758149312 0.20170763231685976 0.05 0.05
0 0.2610336159305993 0.19890356642131124 0.05 0.05
