0 0.004140175143953928 0.5195957293666028 0.05 0.05
0 0.18072366842610368 0.7307281669865643 0.05 0.05
0 0.19415936900191944 0.7128138995521434 0.05 0.05
0 0.403372420825336 0.5349508157389635 0.05 0.05
0 0.394735184740883 0.49784269033909145 0.05 0.05
0 0.40433211372360855 0.4786488323736405 0.05 0.05
0 0.5012610964491364 0.524714091490723 0.05 0.05
0 0.5108580254318619 0.5784568937939859 0.05 0.05
0 0.5463666626679463 0.4658529270633397 0.05 0.05
0 0.8573071617082533 0.5694997600767754 0.05 0.05
0 0.8985739563339731 0.5950915706973768 0.05 0.05
0 0.8899367202495201 0.7332873480486245 0.05 0.05
0 0.9360019793666027 0.7179322616762637 0.05 0.05
0 0.8908964131477927 0.9085912507997441 0.05 0.05
0 0.913929042706334 0.943140195137556 0.05 0.05
0 0.9667121521113244 0.9469789667306462 0.05 0.05
0 0.6960787547984646 0.2879898432501599 0.05 0.05
0 0.648094109884837 0.28543066218809976 0.05 0.05
0 0.6145048584452976 0.14723488483685213 0.05 0.05
0 0.5953110004798465 0.15747160908509272 0.05 0.05
0 0.7555797144913629 0.1433961132437619 0.05 0.05
0 0.2814914227447217 0.17666546705054376 0.05 0.05
0 0.24886186420345494 0.199698096609085 0.05 0.05
0 0.18552213291746647 0.11396553103007037 0.05 0.05
0 0.27669295825335893 0.1062879878438899 0.05 0.05
0 0.30452405230326296 0.10884716890595006 0.05 0.05
0 0.3083628238963532 0.09093290147152899 0.05 0.05
0 0.3486699256238004 0.09093290147152899 0.05 0.05
0 0.38417856285988494 0.1523532469609724 0.05 0.05
0 0.4408004438579655 0.21633277351247598 0.05 0.05
