0 0.21953124999999996 0.08583187645687644 0.05 0.05
0 0.24575502622377626 0.08583187645687644 0.05 0.05
0 0.20117460664335668 0.1312864219114219 0.05 0.05
0 0.27591236888111886 0.08408362470862467 0.05 0.05
0 0.24968859265734267 0.10506264568764566 0.05 0.05
0 0.26148929195804194 0.1295381701631701 0.05 0.05
0 0.3047585227272727 0.11904865967365967 0.05 0.05
0 0.3113144667832168 0.09981789044289044 0.05 0.05
0 0.33753824300699303 0.07709061771561766 0.05 0.05
0 0.34933894230769236 0.07709061771561766 0.05 0.05
0 0.33360467657342663 0.14876893939393934 0.05 0.05
0 0.19855222902097905 0.21170600233100234 0.05 0.05
0 0.23264313811188814 0.23268502331002333 0.05 0.05
0 0.32049278846153845 0.23967803030303023 0.05 0.05
0 0.34933894230769236 0.20995775058275054 0.05 0.05
0 0.3821186625874126 0.2291885198135198 0.05 0.05
0 0.4384997814685315 0.213454254079254 0.05 0.05
0 0.448989291958042 0.20995775058275054 0.05 0.05
0 0.3703179632867133 0.31485285547785546 0.05 0.05
0 0.3073809003496504 0.353314393939394 0.05 0.05
0 0.24968859265734267 0.31485285547785546 0.05 0.05
0 0.19068509615384616 0.48093677156177156 0.05 0.05
0 0.240510270979021 0.48093677156177156 0.05 0.05
0 0.39391936188811194 0.5089087995337995 0.05 0.05
0 0.4109648164335665 0.51939831002331 0.05 0.05
0 0.4594788024475525 0.5298878205128206 0.05 0.05
0 0.5224158653846155 0.5298878205128206 0.05 0.05
0 0.5840417395104895 0.5246430652680654 0.05 0.05
0 0.5827305506993008 0.48792977855477854 0.05 0.05
0 0.546017263986014 0.46695075757575755 0.05 0.05
0 0.31393684440559444 0.7676500582750584 0.05 0.05
0 0.30869208916083923 0.8096081002331004 0.05 0.05
0 0.40965362762237767 0.7693983100233102 0.05 0.05
0 0.4332550262237763 0.7449227855477856 0.05 0.05
0 0.5696186625874127 0.6365311771561772 0.05 0.05
0 0.7912095716783218 0.7361815268065269 0.05 0.05
0 0.6968039772727274 0.4931745337995338 0.05 0.05
0 0.6548459353146854 0.3445731351981352 0.05 0.05
0 0.7702305506993008 0.304363344988345 0.05 0.05
0 0.7505627185314687 0.17674096736596734 0.05 0.05
0 0.783342438811189 0.17499271561771554 0.05 0.05
