0 0.3300965826904532 0.32360675827708135 0.05 0.05
0 0.28670217574734813 0.3351786001285761 0.05 0.05
0 0.1999133618611379 0.198888018322083 0.05 0.05
0 0.27705897420443587 0.12302816618450668 0.05 0.05
0 0.2847735354387657 0.09216992124718738 0.05 0.05
0 0.3088815392960463 0.09345568145290907 0.05 0.05
0 0.3407041043876567 0.09988448248151727 0.05 0.05
0 0.08998086427193827 0.3917520491803279 0.05 0.05
0 0.2597012114271938 0.7929092333654775 0.05 0.05
0 0.3146674602217936 0.7916234731597558 0.05 0.05
0 0.37059802917068463 0.7993380343940856 0.05 0.05
0 0.44388636089681777 0.6476183301189329 0.05 0.05
0 0.44195772058823524 0.5781872790099647 0.05 0.05
0 0.4043492345708775 0.528042630986821 0.05 0.05
0 0.39374171287367404 0.5036131870781101 0.05 0.05
0 0.5046385306171649 0.5344714320154292 0.05 0.05
0 0.5943203049662488 0.5126135085181613 0.05 0.05
0 0.5432113367888138 0.4663261411121827 0.05 0.05
0 0.6483222336065573 0.3814659675345548 0.05 0.05
0 0.7023241622468659 0.3686083654773385 0.05 0.05
0 0.822864181533269 0.35317924300867887 0.05 0.05
0 0.8672229086306654 0.43803941658630663 0.05 0.05
0 0.763076331967213 0.26703330922532953 0.05 0.05
0 0.7736838536644166 0.2503184265509483 0.05 0.05
0 0.8103280195274831 0.24646114593378338 0.05 0.05
