0 0.0636411348368522 0.4876059660908511 0.05 0.05
0 0.06556052063339732 0.43642234484964815 0.05 0.05
0 0.10394823656429945 0.417228486884197 0.05 0.05
0 0.1087467010556622 0.524714091490723 0.05 0.05
0 0.1960787547984645 0.36732445617402426 0.05 0.05
0 0.23158739203454898 0.3724428182981446 0.05 0.05
0 0.2584587931861805 0.2918286148432501 0.05 0.05
0 0.2517409428982726 0.270075575815739 0.05 0.05
0 0.30548374520153554 0.2879898432501599 0.05 0.05
0 0.3083628238963532 0.3494101887396032 0.05 0.05
0 0.3486699256238004 0.3391734644913627 0.05 0.05
0 0.3803397912667947 0.3263775591810621 0.05 0.05
0 0.403372420825336 0.5157569577735124 0.05 0.05
0 0.3976142634357006 0.4965630998080614 0.05 0.05
0 0.4120096569097889 0.4748100607805502 0.05 0.05
0 0.5108580254318619 0.5400691778630837 0.05 0.05
0 0.5396488123800385 0.47225087971849006 0.05 0.05
0 0.19703844769673706 0.7179322616762637 0.05 0.05
0 0.17112673944337814 0.7396853007037748 0.05 0.05
0 0.32563729606525915 0.2112144113883557 0.05 0.05
0 0.30452405230326296 0.12676143634037101 0.05 0.05
0 0.32563729606525915 0.12676143634037101 0.05 0.05
0 0.30932251679462575 0.09477167306461923 0.05 0.05
0 0.3477102327255279 0.09733085412667937 0.05 0.05
0 0.23158739203454898 0.1280410268714011 0.05 0.05
0 0.195119061900192 0.1280410268714011 0.05 0.05
0 0.1826430542226488 0.08965331094049904 0.05 0.05
0 0.377460712571977 0.04230846129238633 0.05 0.05
0 0.39953364923224577 0.03846968969929622 0.05 0.05
0 0.4455989083493283 0.2060960492642354 0.05 0.05
0 0.7018369121880998 0.27647352847088935 0.05 0.05
0 0.6644088891554703 0.10884716890595006 0.05 0.05
0 0.731587392034549 0.1369981605886116 0.05 0.05
0 0.7517409428982726 0.19841850607805492 0.05 0.05
0 0.703756297984645 0.18690219129878435 0.05 0.05
