0 0.44189586619348037 0.8536529530318965 0.05 0.05
0 0.49867820057833845 0.6629764721345953 0.05 0.05
0 0.5081419229758148 0.5367935068349109 0.05 0.05
0 0.5491513866982122 0.5185670785138453 0.05 0.05
0 0.5617696832281807 0.4989386172450055 0.05 0.05
0 0.5375846148790745 0.4596816947073259 0.05 0.05
0 0.41245317429022066 0.5339894409393623 0.05 0.05
0 0.3956287789169294 0.501742683140554 0.05 0.05
0 0.41876232255520496 0.48071218892393996 0.05 0.05
0 0.6500977589379598 0.76953097616544 0.05 0.05
0 0.7605078535751837 0.7835513056431828 0.05 0.05
0 0.8299084844900101 0.9742277865404837 0.05 0.05
0 0.9350609555730806 0.9349708640028042 0.05 0.05
0 0.8498874539957935 0.6209154837013672 0.05 0.05
0 0.9129789366456358 0.5886687259025589 0.05 0.05
0 0.7110861921661407 0.6125032860147216 0.05 0.05
0 0.7226529639852785 0.31246823519102734 0.05 0.05
0 0.7910020701892742 0.3194783999298986 0.05 0.05
0 0.8393722068874865 0.29424180686996165 0.05 0.05
0 0.8267539103575181 0.17927510515247141 0.05 0.05
0 0.7426319334910618 0.2199340606379253 0.05 0.05
0 0.6700767284437432 0.21432592884682813 0.05 0.05
0 0.6479947095162985 0.23395439011566807 0.05 0.05
0 0.6185520176130387 0.1077714248159835 0.05 0.05
0 0.5975215233964246 0.10636939186820922 0.05 0.05
0 0.4450504403259726 0.2087177970557311 0.05 0.05
0 0.34620711750788635 0.1750690063091485 0.05 0.05
0 0.36513456230283897 0.12179175429372625 0.05 0.05
0 0.24841531940063083 0.1750690063091485 0.05 0.05
0 0.22002415220820187 0.1750690063091485 0.05 0.05
0 0.19478755914826493 0.12459582018927477 0.05 0.05
0 0.21792110278654042 0.11057549071153201 0.05 0.05
0 0.2536729429547844 0.12038972134595198 0.05 0.05
0 0.21792110278654042 0.07552466701717529 0.05 0.05
0 0.27049733832807565 0.09375109533824073 0.05 0.05
0 0.2841671595688748 0.08954499649491794 0.05 0.05
0 0.3115068020504731 0.09795719418156364 0.05 0.05
0 0.3251766232912722 0.10076126007711217 0.05 0.05
0 0.3567223646161934 0.0909470294426922 0.05 0.05
0 0.3703921858569926 0.08674093059936941 0.05 0.05
0 0.5701818809148264 0.08814296354714367 0.05 0.05
