0 0.22477600524475522 0.14177593240093245 0.05 0.05
0 0.2444438374125874 0.22394376456876455 0.05 0.05
0 0.31262565559440564 0.09632138694638688 0.05 0.05
0 0.34016062062937064 0.07184586247086244 0.05 0.05
0 0.34933894230769236 0.07709061771561766 0.05 0.05
0 0.3073809003496504 0.19597173659673656 0.05 0.05
0 0.3047585227272727 0.21695075757575755 0.05 0.05
0 0.3388494318181819 0.2064612470862471 0.05 0.05
0 0.3637620192307693 0.20820949883449877 0.05 0.05
0 0.30869208916083923 0.34282488344988343 0.05 0.05
0 0.3676955856643357 0.3638039044289044 0.05 0.05
0 0.4529228583916085 0.20820949883449877 0.05 0.05
0 0.4594788024475525 0.21520250582750577 0.05 0.05
0 0.6482899912587413 0.10331439393939389 0.05 0.05
0 0.3952305506993007 0.512405303030303 0.05 0.05
0 0.455545236013986 0.5368808275058276 0.05 0.05
0 0.5171711101398602 0.5351325757575758 0.05 0.05
0 0.5512620192307693 0.47569201631701635 0.05 0.05
0 0.5827305506993008 0.48093677156177156 0.05 0.05
0 0.5722410402097904 0.5176500582750584 0.05 0.05
0 0.6456676136363637 0.3847829254079253 0.05 0.05
0 0.699426354895105 0.3585591491841491 0.05 0.05
0 0.678447333916084 0.4931745337995338 0.05 0.05
0 0.7492515297202799 0.49492278554778557 0.05 0.05
0 0.7846536276223777 0.6330346736596737 0.05 0.05
0 0.817433347902098 0.6889787296037296 0.05 0.05
0 0.8974158653846155 0.6994682400932402 0.05 0.05
0 0.22346481643356647 0.7501675407925409 0.05 0.05
