0 0.28053172984644914 0.8164607325655792 0.05 0.05
0 0.4052918066218811 0.5311120441458733 0.05 0.05
0 0.39953364923224577 0.5080794145873321 0.05 0.05
0 0.4158484285028791 0.48376719449776073 0.05 0.05
0 0.5118177183301345 0.5349508157389635 0.05 0.05
0 0.5492457413627639 0.5208753198976327 0.05 0.05
0 0.5655605206333973 0.49400391874600125 0.05 0.05
0 0.5386891194817659 0.4645733365323096 0.05 0.05
0 0.6442553382917466 0.4018734005118361 0.05 0.05
0 0.6279405590211133 0.36348568458093405 0.05 0.05
0 0.639456873800384 0.2150531829814459 0.05 0.05
0 0.7008772192898274 0.23168785988483678 0.05 0.05
0 0.7747735724568139 0.6027691138835573 0.05 0.05
0 0.38129948416506726 0.31230206333973126 0.05 0.05
0 0.36018624040307107 0.3494101887396032 0.05 0.05
0 0.29492712332053744 0.344291826615483 0.05 0.05
0 0.2469424784069098 0.2918286148432501 0.05 0.05
0 0.2104741482725528 0.27647352847088935 0.05 0.05
0 0.2814914227447217 0.20225727767114515 0.05 0.05
0 0.28437050143953935 0.1689879238643634 0.05 0.05
0 0.25270063579654517 0.1523532469609724 0.05 0.05
0 0.22007107725527836 0.16642874280230327 0.05 0.05
0 0.3064434380998081 0.1523532469609724 0.05 0.05
0 0.33235514635316704 0.1587511996161228 0.05 0.05
0 0.33427453214971214 0.13443897952655146 0.05 0.05
0 0.2728541866602688 0.09733085412667937 0.05 0.05
0 0.2882092730326296 0.09093290147152899 0.05 0.05
0 0.2920480446257198 0.03591050863723607 0.05 0.05
0 0.195119061900192 0.04102887076135626 0.05 0.05
0 0.36690409069097896 0.08453494881637873 0.05 0.05
