0 0.13476482289527722 0.4243818446269676 0.05 0.05
0 0.195339771560575 0.4476535763175908 0.05 0.05
0 0.1624855621149898 0.32034351471594796 0.05 0.05
0 0.1984198536960986 0.3080231861738535 0.05 0.05
0 0.21690034650924028 0.2929650068446269 0.05 0.05
0 0.23024736909650928 0.31212996235455165 0.05 0.05
0 0.2415410035934292 0.34087739561943875 0.05 0.05
0 0.2980091760780288 0.3148678131416838 0.05 0.05
0 0.3298366914784395 0.38742085900068446 0.05 0.05
0 0.38938494609856267 0.3778383812457221 0.05 0.05
0 0.3010892582135524 0.2217808863791923 0.05 0.05
0 0.4448264245379877 0.5256823237508556 0.05 0.05
0 0.46228022330595486 0.5503229808350445 0.05 0.05
0 0.5125882315195073 0.5393715776865161 0.05 0.05
0 0.5587894635523615 0.5202066221765914 0.05 0.05
0 0.5721364861396305 0.4955659650924025 0.05 0.05
0 0.5659763218685833 0.4681874572210815 0.05 0.05
0 0.6101241658110884 0.6146624743326489 0.05 0.05
0 0.6748058906570843 0.6078178473648187 0.05 0.05
0 0.6768592787474333 0.5845461156741958 0.05 0.05
0 0.8247032212525669 0.5188376967830254 0.05 0.05
0 0.8565307366529776 0.5270512491444216 0.05 0.05
0 0.32367652720739226 0.8227391341546887 0.05 0.05
0 0.6429783752566737 0.14101428815879538 0.05 0.05
0 0.6337381288501027 0.07256801848049281 0.05 0.05
0 0.615257636036961 0.06846124229979461 0.05 0.05
0 0.7004732417864477 0.11911148186173849 0.05 0.05
0 0.7097134881930186 0.1615481690622861 0.05 0.05
0 0.559816157597536 0.18892667693360715 0.05 0.05
0 0.4437997304928132 0.21356733401779604 0.05 0.05
0 0.45406667094455855 0.19987808008213553 0.05 0.05
0 0.30827611652977416 0.15059676591375773 0.05 0.05
0 0.27644860112936354 0.13964536276522932 0.05 0.05
0 0.2826087654004107 0.09583975017111565 0.05 0.05
0 0.27028843685831627 0.09857760095824777 0.05 0.05
0 0.26104819045174543 0.10542222792607797 0.05 0.05
0 0.24051430954825465 0.09994652635181384 0.05 0.05
0 0.22100712268993844 0.1259561088295688 0.05 0.05
0 0.21382026437371668 0.17113064681724843 0.05 0.05
0 0.22408720482546207 0.16291709445585217 0.05 0.05
0 0.3513972664271048 0.04382058521560571 0.05 0.05
