0 0.3120503966083151 0.11810950036469722 0.05 0.05
0 0.31369153446389497 0.09622766229029894 0.05 0.05
0 0.33830860229759296 0.09841584609773868 0.05 0.05
0 0.23163464168490155 0.17062591174325295 0.05 0.05
0 0.3596433944201313 0.15312044128373437 0.05 0.05
0 0.4449825629102845 0.19907230123997063 0.05 0.05
0 0.45318825218818387 0.2056368526622901 0.05 0.05
0 0.538527420678337 0.21657777169948922 0.05 0.05
0 0.30220356947483584 0.2603414478482858 0.05 0.05
0 0.40395411652078783 0.5032298504741065 0.05 0.05
0 0.4072363922319475 0.5294880561633843 0.05 0.05
0 0.5073458014223196 0.5316762399708241 0.05 0.05
0 0.5582210749452955 0.47697164478482856 0.05 0.05
0 0.44334142505470464 0.6476499817651349 0.05 0.05
0 0.45811166575492346 0.735177334062728 0.05 0.05
0 0.4564705278993436 0.7089191283734501 0.05 0.05
0 0.3842604622538293 0.809575583515682 0.05 0.05
0 0.30876812089715544 0.8511510758570388 0.05 0.05
0 0.2562517095185996 0.8642801787016777 0.05 0.05
0 0.2677396745076587 0.8248928701677608 0.05 0.05
0 0.22999350382932165 0.7198600474106491 0.05 0.05
0 0.22671122811816197 0.6717200036469729 0.05 0.05
0 0.07408540754923408 0.6564027169948943 0.05 0.05
0 0.11839612964989055 0.6213917760758569 0.05 0.05
0 0.12988409463894962 0.5776280999270604 0.05 0.05
0 0.02813354759299776 0.45508980671043026 0.05 0.05
0 0.6090963484682714 0.6739081874544129 0.05 0.05
0 0.7092057576586435 0.6651554522246534 0.05 0.05
0 0.7748512718818381 0.5798162837345003 0.05 0.05
0 0.8240854075492343 0.5382407913931435 0.05 0.05
