0 0.17586011435331228 0.7288720206799861 0.05 0.05
0 0.005513111198738219 0.5101548808271996 0.05 0.05
0 0.045471050210304974 0.5003406501927797 0.05 0.05
0 0.12328387881177708 0.4751040571328429 0.05 0.05
0 0.21897262749737118 0.4989386172450055 0.05 0.05
0 0.24736379468980013 0.3334987294076413 0.05 0.05
0 0.29994003023133536 0.4021983438485807 0.05 0.05
0 0.3956287789169294 0.5101548808271996 0.05 0.05
0 0.40824707544689787 0.5269792762004909 0.05 0.05
0 0.5102449723974762 0.5255772432527166 0.05 0.05
0 0.5470483372765508 0.5199691114616196 0.05 0.05
0 0.5659757820715035 0.49753658429723124 0.05 0.05
0 0.5480998619873815 0.4765060900806172 0.05 0.05
0 0.42296842139852775 0.7765411409043115 0.05 0.05
0 0.34620711750788635 0.800375701016474 0.05 0.05
0 0.34200101866456356 0.7779431738520857 0.05 0.05
0 0.6269642152996843 0.717655757097792 0.05 0.05
0 0.8751240470557307 0.5325874079915881 0.05 0.05
0 0.9392670544164033 0.5536179022082022 0.05 0.05
0 0.63537641298633 0.2928397739221874 0.05 0.05
0 0.6048821963722395 0.34892109183315845 0.05 0.05
0 0.6416855612513142 0.11618362250262919 0.05 0.05
0 0.4324321437960041 0.2087177970557311 0.05 0.05
0 0.45135958859095676 0.2003055993690855 0.05 0.05
0 0.5596666338065193 0.20310966526463403 0.05 0.05
0 0.27785801130389054 0.19469746757798845 0.05 0.05
0 0.23159092402733958 0.14702834735366313 0.05 0.05
0 0.19689060856992638 0.14422428145811458 0.05 0.05
0 0.2063543309674027 0.10496735892043496 0.05 0.05
0 0.22212720162986327 0.10496735892043496 0.05 0.05
0 0.2810125854363827 0.09515312828601499 0.05 0.05
0 0.27365191246056775 0.0671124693305296 0.05 0.05
0 0.2641881900630914 0.09655516123378938 0.05 0.05
0 0.3167644256046266 0.12599785313704903 0.05 0.05
0 0.3388464445320714 0.135812083771469 0.05 0.05
