0 0.39181307256509157 0.5113277483124398 0.05 0.05
0 0.4053135547251688 0.531899911603986 0.05 0.05
0 0.08323062319189971 0.49461286563805856 0.05 0.05
0 0.2587368912729026 0.7813373915139827 0.05 0.05
0 0.32527498191899706 0.765908269045323 0.05 0.05
0 0.3657764283992285 0.7813373915139827 0.05 0.05
0 0.44774364151398266 0.6501898505303761 0.05 0.05
0 0.5027098903085825 0.5383287126325941 0.05 0.05
0 0.5904630243490839 0.5126135085181613 0.05 0.05
0 0.5461042972516875 0.4740407023465124 0.05 0.05
0 0.659894075458052 0.4701834217293475 0.05 0.05
0 0.7322180870298939 0.46118310028929604 0.05 0.05
0 0.8546867466248795 0.4393251767920283 0.05 0.05
0 0.7688622528929605 0.31974947765991646 0.05 0.05
0 0.7871843358244938 0.29017699292831883 0.05 0.05
0 0.8421505846190935 0.3030345949855352 0.05 0.05
0 0.8768661101735777 0.5537578351012536 0.05 0.05
0 0.3628834679363549 0.2541757071681133 0.05 0.05
0 0.3108101796046287 0.27217635004821605 0.05 0.05
0 0.32334634161041464 0.1500291305046609 0.05 0.05
0 0.44774364151398266 0.2104598601735777 0.05 0.05
0 0.243307768804243 0.10631328351012546 0.05 0.05
0 0.28573785559305687 0.09602720186435233 0.05 0.05
0 0.30984585945033755 0.09602720186435233 0.05 0.05
0 0.3397397842333655 0.09988448248151727 0.05 0.05
