0 0.561869545687885 0.17386849760438056 0.05 0.05
0 0.6224444943531828 0.3148678131416838 0.05 0.05
0 0.6696724204312117 0.3244502908966461 0.05 0.05
0 0.5474958290554415 0.4654496064339494 0.05 0.05
0 0.5033479851129364 0.535264801505818 0.05 0.05
0 0.4900009625256675 0.5804393394934977 0.05 0.05
0 0.47254716375770023 0.6160313997262149 0.05 0.05
0 0.44277303644763866 0.5229444729637236 0.05 0.05
0 0.3780913116016428 0.5010416666666667 0.05 0.05
0 0.3770646175564682 0.47366315879534576 0.05 0.05
0 0.21382026437371668 0.44354680013689257 0.05 0.05
0 0.16453895020533885 0.4462846509240246 0.05 0.05
0 0.1450317633470226 0.36962482888432574 0.05 0.05
0 0.25078125000000007 0.3504598733744011 0.05 0.05
0 0.2723418249486654 0.3641491273100616 0.05 0.05
0 0.21484695841889123 0.295702857631759 0.05 0.05
0 0.23230075718685836 0.26969327515400415 0.05 0.05
0 0.23435414527720747 0.2532661704312115 0.05 0.05
0 0.24256769763860375 0.18892667693360715 0.05 0.05
0 0.18917960728952776 0.09583975017111565 0.05 0.05
0 0.22408720482546207 0.09583975017111565 0.05 0.05
0 0.26207488449691996 0.09994652635181384 0.05 0.05
0 0.2723418249486654 0.09583975017111565 0.05 0.05
0 0.28363545944558527 0.09857760095824777 0.05 0.05
0 0.29390239989733064 0.08625727241615332 0.05 0.05
0 0.2928757058521561 0.7720888945927448 0.05 0.05
0 0.838050243839836 0.6187692505133471 0.05 0.05
0 0.8503705723819304 0.4969348904859686 0.05 0.05
0 0.9099188270020535 0.49967274127310063 0.05 0.05
