0 0.2606655315814851 0.3506077225972357 0.05 0.05
0 0.2404148083413693 0.2580329877852781 0.05 0.05
0 0.2693444129701061 0.22203170202507228 0.05 0.05
0 0.1970204013982642 0.22460322243651565 0.05 0.05
0 0.19798472155255545 0.33775012054001935 0.05 0.05
0 0.26355849204435866 0.16160097235615561 0.05 0.05
0 0.22209272540983607 0.12302816618450668 0.05 0.05
0 0.22209272540983607 0.08574112021857931 0.05 0.05
0 0.3088815392960463 0.09859872227579558 0.05 0.05
0 0.34552570515911285 0.09988448248151727 0.05 0.05
0 0.4458150012054002 0.20917409996785613 0.05 0.05
0 0.3966346733365477 0.5023274268723884 0.05 0.05
0 0.4043492345708775 0.528042630986821 0.05 0.05
0 0.4487079616682738 0.6437610495017679 0.05 0.05
0 0.37349098963355837 0.7954807537769207 0.05 0.05
0 0.29345241682738665 0.783908911925426 0.05 0.05
0 0.32334634161041464 0.7826231517197043 0.05 0.05
0 0.5084958112343297 0.531899911603986 0.05 0.05
0 0.5461042972516875 0.465040380906461 0.05 0.05
0 0.6483222336065573 0.3596080440372871 0.05 0.05
0 0.68978800024108 0.38789476856316296 0.05 0.05
0 0.7302894467213115 0.26446178881388627 0.05 0.05
0 0.7833270552073289 0.26446178881388627 0.05 0.05
0 0.6271071902121503 0.11402784474445522 0.05 0.05
0 0.6415719925265189 0.10631328351012546 0.05 0.05
0 0.6512151940694311 0.08059807939569268 0.05 0.05
0 0.5817841429604629 0.10502752330440378 0.05 0.05
0 0.36770506870781094 0.03559647219543554 0.05 0.05
0 0.34745434546769527 0.03559647219543554 0.05 0.05
0 0.4053135547251688 0.0690262375441981 0.05 0.05
