0 0.3990307029540481 0.2056368526622902 0.05 0.05
0 0.45318825218818387 0.20782503646972994 0.05 0.05
0 0.3711313594091904 0.17500227935813265 0.05 0.05
0 0.38918387582056896 0.09622766229029894 0.05 0.05
0 0.413800943654267 0.13999133843909536 0.05 0.05
0 0.33830860229759296 0.12029768417213696 0.05 0.05
0 0.30876812089715544 0.09622766229029894 0.05 0.05
0 0.23655805525164114 0.06340490517870154 0.05 0.05
0 0.2562517095185996 0.07872219183078026 0.05 0.05
0 0.2792276394967178 0.10498039752005824 0.05 0.05
0 0.2923567423413567 0.1640613603209335 0.05 0.05
0 0.25132829595185996 0.2012604850474105 0.05 0.05
0 0.2234289524070022 0.21438958789204948 0.05 0.05
0 0.3580022565645514 0.2012604850474105 0.05 0.05
0 0.3497965672866521 0.22314232312180876 0.05 0.05
0 0.34159087800875276 0.29316420495988316 0.05 0.05
0 0.41215980579868716 0.2997287563822026 0.05 0.05
0 0.5434508342450767 0.21876595550692918 0.05 0.05
0 0.5615033506564553 0.2056368526622901 0.05 0.05
0 0.6173020377461708 0.14874407366885467 0.05 0.05
0 0.6583304841356675 0.1443677060539751 0.05 0.05
0 0.6944355169584246 0.1443677060539751 0.05 0.05
0 0.689512103391685 0.15749680889861406 0.05 0.05
0 0.6862298276805252 0.1728140955506928 0.05 0.05
0 0.7748512718818381 0.23627142596644776 0.05 0.05
0 0.814238580415755 0.2340832421590078 0.05 0.05
0 0.7846980990153173 0.31504604303428146 0.05 0.05
0 0.7371051012035011 0.3172342268417212 0.05 0.05
0 0.6222254513129104 0.27347055069292475 0.05 0.05
0 0.5401685585339169 0.45727799051787 0.05 0.05
0 0.5861204184901532 0.5294880561633843 0.05 0.05
0 0.5106280771334792 0.5404289752005835 0.05 0.05
0 0.39574842724288845 0.5097944018964259 0.05 0.05
0 0.4088775300875274 0.5251116885485048 0.05 0.05
0 0.25296943380743986 0.46384254194018953 0.05 0.05
0 0.01336330689277894 0.49885348285922676 0.05 0.05
0 0.029774685448577625 0.6542145331874544 0.05 0.05
0 0.07572654540481397 0.6454617979576952 0.05 0.05
0 0.10198475109409189 0.6038863056163384 0.05 0.05
0 0.23163464168490155 0.7504946207148068 0.05 0.05
0 0.23163464168490155 0.772376458789205 0.05 0.05
0 0.29892129376367615 0.8161401349380015 0.05 0.05
0 0.3333851887308534 0.8511510758570388 0.05 0.05
0 0.38918387582056896 0.8139519511305617 0.05 0.05
0 0.4778053200218819 0.7526828045222466 0.05 0.05
0 0.43513573577680525 0.6498381655725747 0.05 0.05
0 0.6304311405908096 0.7417418854850475 0.05 0.05
0 0.6813064141137857 0.735177334062728 0.05 0.05
0 0.8224442696936544 0.7680000911743253 0.05 0.05
0 0.9176302653172869 0.8161401349380015 0.05 0.05
0 0.927477092450766 0.83583378920496 0.05 0.05
0 0.2726630880743982 0.0852867432530998 0.05 0.05
0 0.2644573987964989 0.0940394784828591 0.05 0.05
