0 0.18159127892960464 0.06388319672131146 0.05 0.05
0 0.28380921528447445 0.09216992124718738 0.05 0.05
0 0.3127388199132112 0.09731296207007402 0.05 0.05
0 0.3493829857762777 0.09345568145290907 0.05 0.05
0 0.3310609028447445 0.20017377852780455 0.05 0.05
0 0.3686693888621022 0.20274529893924792 0.05 0.05
0 0.4506366019768563 0.20917409996785613 0.05 0.05
0 0.20087768201542913 0.5023274268723884 0.05 0.05
0 0.1690551169238187 0.5357571922211508 0.05 0.05
0 0.11987478905496625 0.531899911603986 0.05 0.05
0 0.0012634100771456102 0.6180458453873353 0.05 0.05
0 0.27609465405014466 0.7517649067823852 0.05 0.05
0 0.28380921528447445 0.7813373915139827 0.05 0.05
0 0.37349098963355837 0.8070525956284154 0.05 0.05
0 0.45160092213114755 0.6450468097074896 0.05 0.05
0 0.40627787487945993 0.5267568707810993 0.05 0.05
0 0.3947060330279653 0.5061847074895532 0.05 0.05
0 0.5027098903085825 0.531899911603986 0.05 0.05
0 0.5461042972516875 0.46246886049501773 0.05 0.05
0 0.5952846251205399 0.5100419881067181 0.05 0.05
0 0.5885343840405015 0.6643332127933141 0.05 0.05
0 0.565390700337512 0.7299069832851174 0.05 0.05
0 0.672430237463838 0.5409002330440373 0.05 0.05
0 0.7235392056412728 0.5653296769527484 0.05 0.05
0 0.7515044901157184 0.5820445596271296 0.05 0.05
0 0.8392576241562197 0.6141885647701705 0.05 0.05
0 0.9029027543394406 0.4663261411121827 0.05 0.05
0 0.9077243551108968 0.4226102941176471 0.05 0.05
