0 0.11276863170347004 0.4554755958640031 0.05 0.05
0 0.40824707544689787 0.5367935068349109 0.05 0.05
0 0.400886402471083 0.5157630126182968 0.05 0.05
0 0.41981384726603566 0.486320320715037 0.05 0.05
0 0.44925653916929537 0.6699866368734667 0.05 0.05
0 0.4671324592534173 0.6896150981423065 0.05 0.05
0 0.5039358241324919 0.5283813091482652 0.05 0.05
0 0.5438937631440587 0.5241752103049424 0.05 0.05
0 0.5586151090956886 0.4989386172450055 0.05 0.05
0 0.5417907137223973 0.4779081230283914 0.05 0.05
0 0.8151871385383803 0.8200041622853138 0.05 0.05
0 0.645891660094637 0.23255235716789383 0.05 0.05
0 0.6490462342271291 0.14562631440588886 0.05 0.05
0 0.6595614813354361 0.08674093059936941 0.05 0.05
0 0.7352712605152468 0.12179175429372625 0.05 0.05
0 0.24105464642481592 0.25358285138450776 0.05 0.05
0 0.22528177576235536 0.2199340606379253 0.05 0.05
0 0.24315769584647734 0.2003055993690855 0.05 0.05
0 0.27680648659305984 0.2045116982124083 0.05 0.05
0 0.22423025105152466 0.1273998860848233 0.05 0.05
0 0.18427231203995792 0.13300801787592037 0.05 0.05
0 0.19583908385909568 0.1119775236593064 0.05 0.05
0 0.21792110278654042 0.09234906239046646 0.05 0.05
0 0.2263333004731861 0.06851450227830386 0.05 0.05
0 0.27049733832807565 0.09935922712933791 0.05 0.05
0 0.2810125854363827 0.0909470294426922 0.05 0.05
0 0.29783698080967397 0.09655516123378938 0.05 0.05
0 0.3283311974237644 0.09515312828601499 0.05 0.05
0 0.3136098514721345 0.09795719418156364 0.05 0.05
0 0.3682891364353312 0.08393686470382088 0.05 0.05
0 0.3640830375920083 0.0909470294426922 0.05 0.05
0 0.5438937631440587 0.0713185681738525 0.05 0.05
