0 0.33907693788501037 0.8186323579739905 0.05 0.05
0 0.4417463424024642 0.5160998459958932 0.05 0.05
0 0.4797340220739221 0.5325269507186859 0.05 0.05
0 0.5084814553388092 0.5325269507186859 0.05 0.05
0 0.5526292992813142 0.5174687713894593 0.05 0.05
0 0.5700830980492814 0.4887213381245722 0.05 0.05
0 0.5659763218685833 0.4722942334017797 0.05 0.05
0 0.6121775539014375 0.5954975188227242 0.05 0.05
0 0.7281939810061603 0.5859150410677619 0.05 0.05
0 0.7240872048254621 0.5503229808350445 0.05 0.05
0 0.7969824820328544 0.45997390485968526 0.05 0.05
0 0.838050243839836 0.4531292778918549 0.05 0.05
0 0.6542720097535935 0.12869395961670094 0.05 0.05
0 0.6214178003080083 0.11911148186173849 0.05 0.05
0 0.6491385395277208 0.1122668548939083 0.05 0.05
0 0.615257636036961 0.06846124229979461 0.05 0.05
0 0.6306580467145791 0.07256801848049281 0.05 0.05
0 0.5557093814168379 0.17797527378507874 0.05 0.05
0 0.4437997304928132 0.20946055783709785 0.05 0.05
0 0.45509336498973313 0.19987808008213553 0.05 0.05
0 0.31546297484599595 0.2970717830253252 0.05 0.05
0 0.30827611652977416 0.45449820328542095 0.05 0.05
0 0.2600214964065709 0.4503914271047228 0.05 0.05
0 0.2518079440451746 0.38057623203285423 0.05 0.05
0 0.2014999358316222 0.3531977241615332 0.05 0.05
0 0.1850728311088296 0.3039164099931554 0.05 0.05
0 0.1624855621149898 0.3039164099931554 0.05 0.05
0 0.21690034650924028 0.2642175735797399 0.05 0.05
0 0.23948761550308012 0.28748930527036276 0.05 0.05
0 0.27028843685831627 0.295702857631759 0.05 0.05
0 0.21484695841889123 0.1875577515400411 0.05 0.05
0 0.18917960728952776 0.16291709445585217 0.05 0.05
0 0.31546297484599595 0.17797527378507874 0.05 0.05
0 0.34215702002053394 0.1519656913073238 0.05 0.05
0 0.3000625641683779 0.132800735797399 0.05 0.05
0 0.2723418249486654 0.1259561088295688 0.05 0.05
0 0.2897956237166325 0.09310189938398353 0.05 0.05
0 0.26926174281314175 0.09310189938398353 0.05 0.05
0 0.23743422741273107 0.09447082477754959 0.05 0.05
0 0.21484695841889123 0.09447082477754959 0.05 0.05
0 0.1984198536960986 0.11089792950034223 0.05 0.05
0 0.21792704055441484 0.14101428815879538 0.05 0.05
0 0.31032950462012326 0.04108273442847358 0.05 0.05
0 0.34421040811088305 0.04382058521560571 0.05 0.05
