0 0.19002950174825176 0.16100670163170167 0.05 0.05
0 0.216253277972028 0.16100670163170155 0.05 0.05
0 0.24509943181818183 0.16100670163170155 0.05 0.05
0 0.285746284965035 0.15576194638694632 0.05 0.05
0 0.292302229020979 0.11205565268065266 0.05 0.05
0 0.3237707604895105 0.10681089743589732 0.05 0.05
0 0.44702250874125876 0.20995775058275054 0.05 0.05
0 0.4548896416083917 0.20820949883449877 0.05 0.05
0 0.37097355769230766 0.22569201631701621 0.05 0.05
0 0.3513057255244755 0.2851325757575758 0.05 0.05
0 0.27263439685314683 0.20995775058275054 0.05 0.05
0 0.30410292832167835 0.2851325757575758 0.05 0.05
0 0.26738964160839157 0.3585591491841491 0.05 0.05
0 0.21100852272727275 0.33932837995338 0.05 0.05
0 0.2083861451048951 0.58932837995338 0.05 0.05
0 0.037931599650349646 0.9127549533799535 0.05 0.05
0 0.285746284965035 0.7554122960372961 0.05 0.05
0 0.3145924388111888 0.8096081002331004 0.05 0.05
0 0.34868334790209793 0.7798878205128206 0.05 0.05
0 0.4207987325174825 0.8166011072261073 0.05 0.05
0 0.40899803321678324 0.7711465617715618 0.05 0.05
0 0.4207987325174825 0.7396780303030304 0.05 0.05
0 0.5401169143356643 0.8777899184149185 0.05 0.05
0 0.39588614510489506 0.505412296037296 0.05 0.05
0 0.4063756555944056 0.5298878205128206 0.05 0.05
0 0.5597847465034965 0.5211465617715618 0.05 0.05
0 0.5846973339160839 0.5019157925407925 0.05 0.05
0 0.5453616695804195 0.4739437645687646 0.05 0.05
0 0.5820749562937063 0.6522654428904429 0.05 0.05
0 0.7131938374125875 0.4424752331002331 0.05 0.05
0 0.87578125 0.5089087995337995 0.05 0.05
0 0.9347847465034966 0.5438738344988345 0.05 0.05
0 0.7866204108391608 0.23268502331002333 0.05 0.05
0 0.7276169143356643 0.18198572261072254 0.05 0.05
0 0.7118826486013987 0.18373397435897434 0.05 0.05
