0 0.07281069269190328 0.42463087101296904 0.05 0.05
0 0.15693266955835963 0.44846543112513165 0.05 0.05
0 0.21476652865404833 0.45267152996845456 0.05 0.05
0 0.42191689668769705 0.790561470382054 0.05 0.05
0 0.5070903982649841 0.5325874079915881 0.05 0.05
0 0.5491513866982122 0.5213711444093938 0.05 0.05
0 0.5628212079390114 0.4947325184016827 0.05 0.05
0 0.5365330901682437 0.4722999912372944 0.05 0.05
0 0.40824707544689787 0.5185670785138453 0.05 0.05
0 0.3945772542060987 0.49333048545390845 0.05 0.05
0 0.41560774842271286 0.4835162548194885 0.05 0.05
0 0.34620711750788635 0.30826213634770455 0.05 0.05
0 0.2263333004731861 0.264799114966702 0.05 0.05
0 0.19373603443743423 0.13300801787592037 0.05 0.05
0 0.2031997568349106 0.08814296354714367 0.05 0.05
0 0.22843634989484748 0.08253483175604662 0.05 0.05
0 0.27575496188222914 0.09795719418156364 0.05 0.05
0 0.2841671595688748 0.0909470294426922 0.05 0.05
0 0.33043424684542577 0.09655516123378938 0.05 0.05
0 0.3146613761829652 0.09795719418156364 0.05 0.05
0 0.34831016692954775 0.08814296354714367 0.05 0.05
0 0.3588254140378548 0.08113279880827236 0.05 0.05
0 0.6669221543112511 0.1638527427269544 0.05 0.05
0 0.5859547515772869 0.21712999474237668 0.05 0.05
0 0.7405288840694004 0.2157279617946024 0.05 0.05
0 0.7121377168769714 0.3222824658254472 0.05 0.05
0 0.748941081756046 0.30265400455660735 0.05 0.05
0 0.7110861921661407 0.341910927094287 0.05 0.05
0 0.7783837736593058 0.46108372765510014 0.05 0.05
0 0.8120325644058883 0.4821142218717142 0.05 0.05
0 0.8803816706098839 0.6195134507535929 0.05 0.05
0 0.8993091154048368 0.6783988345601124 0.05 0.05
0 0.9445246779705571 0.5956788906414303 0.05 0.05
0 0.9697612710304938 0.8606631177707678 0.05 0.05
0 0.9907917652471078 0.8143960304942168 0.05 0.05
