0 0.2267889275431862 0.6398772392834293 0.05 0.05
0 0.5876334572936661 0.7844709692898273 0.05 0.05
0 0.669207353646833 0.6795445457453615 0.05 0.05
0 0.7373455494241844 0.6168446097248881 0.05 0.05
0 0.6979981405950098 0.7959872840690979 0.05 0.05
0 0.8333148392514396 0.9341830614203455 0.05 0.05
0 0.9369616722648753 0.9610544625719769 0.05 0.05
0 0.8822591770633398 0.4095509436980166 0.05 0.05
0 0.7085547624760078 0.3481305982085733 0.05 0.05
0 0.658650731765835 0.3660448656429942 0.05 0.05
0 0.5098983325335893 0.5413487683941138 0.05 0.05
0 0.5348503478886757 0.4696916986564299 0.05 0.05
0 0.403372420825336 0.47736924184261037 0.05 0.05
0 0.3937754918426104 0.5157569577735124 0.05 0.05
0 0.4235259716890596 0.5349508157389635 0.05 0.05
0 0.6884012116122842 0.25983885156749836 0.05 0.05
0 0.7344664707293667 0.2611184420985284 0.05 0.05
0 0.7335067778310942 0.1843430102367242 0.05 0.05
0 0.703756297984645 0.16770833333333332 0.05 0.05
0 0.7632572576775434 0.180504238643634 0.05 0.05
0 0.693199676103647 0.12036348368522075 0.05 0.05
0 0.4465586012476008 0.20993482085732562 0.05 0.05
0 0.3707428622840691 0.24064499360204733 0.05 0.05
0 0.31508067418426106 0.23424704094689694 0.05 0.05
0 0.2824511156429943 0.180504238643634 0.05 0.05
0 0.22966800623800387 0.15491242802303257 0.05 0.05
0 0.19799814059500961 0.17794505758157383 0.05 0.05
0 0.3102822096928983 0.09477167306461923 0.05 0.05
0 0.34099238243762003 0.09477167306461923 0.05 0.05
0 0.3448311540307102 0.03846968969929622 0.05 0.05
0 0.3726622480806142 0.04358805182341641 0.05 0.05
0 0.29492712332053744 0.04230846129238633 0.05 0.05
0 0.2757332653550864 0.04230846129238633 0.05 0.05
0 0.1884012116122841 0.04230846129238633 0.05 0.05
