0 0.21029984956236322 0.19907230123997077 0.05 0.05
0 0.22999350382932165 0.19031956601021136 0.05 0.05
0 0.25296943380743986 0.17719046316557238 0.05 0.05
0 0.28415105306345734 0.19907230123997063 0.05 0.05
0 0.32517949945295405 0.19907230123997063 0.05 0.05
0 0.30876812089715544 0.09185129467541925 0.05 0.05
0 0.44005914934354495 0.2056368526622901 0.05 0.05
0 0.4597528036105033 0.2056368526622901 0.05 0.05
0 0.33830860229759296 0.31066967541940177 0.05 0.05
0 0.39410728938730855 0.5076062180889861 0.05 0.05
0 0.4105186679431073 0.5426171590080232 0.05 0.05
0 0.5073458014223196 0.5382407913931435 0.05 0.05
0 0.5565799370897155 0.47697164478482856 0.05 0.05
0 0.5467331099562365 0.21876595550692918 0.05 0.05
0 0.5729913156455143 0.18594319839533177 0.05 0.05
0 0.7190525847921226 0.3522451677607584 0.05 0.05
0 0.7518753419037201 0.43977252005835143 0.05 0.05
0 0.7863392368708972 0.3719388220277169 0.05 0.05
0 0.4417002871991248 0.6410854303428155 0.05 0.05
0 0.4564705278993436 0.7286127826404083 0.05 0.05
0 0.40395411652078783 0.7680000911743253 0.05 0.05
0 0.39574842724288845 0.7942582968636033 0.05 0.05
0 0.38918387582056896 0.8664683625091175 0.05 0.05
0 0.32517949945295405 0.8248928701677608 0.05 0.05
0 0.3432320158643326 0.7833173778264041 0.05 0.05
0 0.1545011624726477 0.7811291940189643 0.05 0.05
0 0.18240050601750543 0.7483064369073669 0.05 0.05
0 0.05931516684901526 0.6498381655725747 0.05 0.05
0 0.11347271608315095 0.6170154084609772 0.05 0.05
0 0.1545011624726477 0.5229235047410649 0.05 0.05
0 0.02321013402625816 0.4747834609773887 0.05 0.05
