0 0.0454069697696737 0.7332873480486246 0.05 0.05
0 0.11546455134357006 0.7448036628278951 0.05 0.05
0 0.4427198296545106 0.7755138355726168 0.05 0.05
0 0.5118177183301345 0.5362304062699936 0.05 0.05
0 0.41296934980806144 0.5349508157389635 0.05 0.05
0 0.3966545705374281 0.5042406429942419 0.05 0.05
0 0.4206468929942419 0.4786488323736405 0.05 0.05
0 0.5511651271593091 0.5336712252079335 0.05 0.05
0 0.5655605206333973 0.49400391874600125 0.05 0.05
0 0.5482860484644914 0.47225087971849006 0.05 0.05
0 0.7248695417466411 0.7038567658349328 0.05 0.05
0 0.8189194457773512 0.7384057101727447 0.05 0.05
0 0.7738138795585413 0.2943877959053103 0.05 0.05
0 0.6097063939539348 0.13060020793346125 0.05 0.05
0 0.5559635916506719 0.12548184580934094 0.05 0.05
0 0.28724958013435703 0.3506897792706333 0.05 0.05
0 0.2642169505758158 0.32765714971209214 0.05 0.05
0 0.2335067778310941 0.30718370121561095 0.05 0.05
0 0.2450230926103647 0.28031230006397956 0.05 0.05
0 0.21431291986564305 0.3302163307741523 0.05 0.05
0 0.19991752639155475 0.2867102527191298 0.05 0.05
0 0.45039737284069103 0.2048164587332053 0.05 0.05
0 0.34195207533589256 0.09477167306461923 0.05 0.05
0 0.36498470489443385 0.07941658669225843 0.05 0.05
0 0.29972558781190023 0.0858145393474088 0.05 0.05
0 0.2757332653550864 0.09221249200255907 0.05 0.05
0 0.2776526511516315 0.07429822456813812 0.05 0.05
0 0.25078125000000007 0.09349208253358915 0.05 0.05
0 0.22390984884836856 0.10244921625079968 0.05 0.05
0 0.1960787547984645 0.0806961772232885 0.05 0.05
0 0.17976397552783113 0.10372880678182976 0.05 0.05
0 0.19128029030710175 0.03846968969929622 0.05 0.05
