0 0.2404148083413693 0.2850339521054323 0.05 0.05
0 0.2597012114271938 0.15645793153326912 0.05 0.05
0 0.2828448951301832 0.14745761009321764 0.05 0.05
0 0.30020265790742523 0.14360032947605272 0.05 0.05
0 0.28959513621022176 0.09345568145290907 0.05 0.05
0 0.30791721914175507 0.09988448248151727 0.05 0.05
0 0.30984585945033755 0.08574112021857931 0.05 0.05
0 0.3445613850048216 0.09345568145290907 0.05 0.05
0 0.4487079616682738 0.20917409996785613 0.05 0.05
0 0.7659692924300868 0.13202848762455802 0.05 0.05
0 0.5962489452748312 0.528042630986821 0.05 0.05
0 0.5509258980231436 0.4701834217293475 0.05 0.05
0 0.5027098903085825 0.5383287126325941 0.05 0.05
0 0.4390647601253616 0.591044881067181 0.05 0.05
0 0.4400290802796528 0.6566186515589844 0.05 0.05
0 0.40242059426229504 0.5357571922211508 0.05 0.05
0 0.39277739271938283 0.5113277483124398 0.05 0.05
0 0.37156234932497584 0.783908911925426 0.05 0.05
0 0.28959513621022176 0.7826231517197043 0.05 0.05
0 0.2722373734329797 0.7466218659594986 0.05 0.05
0 0.18641287970106074 0.03816799260687891 0.05 0.05
