0 0.270073004756871 0.09089367512332618 0.05 0.05
0 0.2827579941860465 0.09723616983791387 0.05 0.05
0 0.2986142309725158 0.09723616983791387 0.05 0.05
0 0.33984044661733626 0.09723616983791387 0.05 0.05
0 0.344597317653277 0.076094520789288 0.05 0.05
0 0.35252543604651165 0.12683447850599 0.05 0.05
0 0.37727442406143336 0.2612805745164959 0.05 0.05
0 0.37789541490486267 0.23465688865398146 0.05 0.05
0 0.45662595989761084 0.21691197383390204 0.05 0.05
0 0.4399877346416382 0.25274815130830475 0.05 0.05
0 0.45790582337883945 0.19472767349260506 0.05 0.05
0 0.26720616467576785 0.21691197383390204 0.05 0.05
0 0.26848602815699657 0.25104166666666655 0.05 0.05
0 0.17633585750853237 0.3175945676905573 0.05 0.05
0 0.18401503839590436 0.7459222127417519 0.05 0.05
0 0.7235613768498944 0.4629866983791401 0.05 0.05
0 0.5475571485200846 0.4608725334742774 0.05 0.05
0 0.785400700317125 0.5242974806201548 0.05 0.05
0 0.8266269159619452 0.5264116455250175 0.05 0.05
0 0.8171131738900635 0.4566442036645524 0.05 0.05
0 0.7314894952431291 0.2642551973220576 0.05 0.05
0 0.7933288187103595 0.26848352713178275 0.05 0.05
0 0.5760983747357294 0.17334610641296672 0.05 0.05
0 0.3969228990486259 0.2135152396053557 0.05 0.05
