0 0.7311271619496855 0.9150877882599581 0.05 0.05
0 0.8647749606918241 0.885737683438155 0.05 0.05
0 0.9449636399371071 0.9150877882599581 0.05 0.05
0 0.7625737028301888 0.6299724842767294 0.05 0.05
0 0.8521963443396228 0.6236831761006287 0.05 0.05
0 0.67452338836478 0.27986766247379435 0.05 0.05
0 0.6320705581761008 0.3008320230607964 0.05 0.05
0 0.7295548349056605 0.3427607442348005 0.05 0.05
0 0.7782969732704406 0.2882534067085951 0.05 0.05
0 0.8176051493710693 0.26728904612159304 0.05 0.05
0 0.8553409984276732 0.23374606918238972 0.05 0.05
0 0.8820705581761008 0.2693854821802932 0.05 0.05
0 0.6179196147798744 0.05764544025157197 0.05 0.05
0 0.6477938286163524 0.061838312368972484 0.05 0.05
0 0.6116303066037737 0.12263495807127853 0.05 0.05
0 0.27515231918239 0.09118841719077532 0.05 0.05
0 0.35848565251572334 0.08909198113207518 0.05 0.05
0 0.334900746855346 0.09538128930817583 0.05 0.05
0 0.21854854559748435 0.15827437106918202 0.05 0.05
0 0.2342718160377359 0.1624672431865825 0.05 0.05
0 0.2515674135220126 0.24422824947589064 0.05 0.05
0 0.36005797955974855 0.26309617400419255 0.05 0.05
0 0.4040831367924529 0.26309617400419255 0.05 0.05
0 0.42295106132075483 0.26309617400419255 0.05 0.05
0 0.43867433176100634 0.26309617400419255 0.05 0.05
0 0.10062401729559749 0.38888233752620516 0.05 0.05
0 0.18552967767295603 0.3763037211740039 0.05 0.05
0 0.3317560927672957 0.4580647274633121 0.05 0.05
0 0.3789259040880504 0.4308110587002094 0.05 0.05
0 0.3663472877358491 0.4895112683438153 0.05 0.05
0 0.40880011792452836 0.5188613731656182 0.05 0.05
0 0.21854854559748435 0.7515657756813415 0.05 0.05
0 0.02986930031446542 0.7746265723270439 0.05 0.05
0 0.32546678459119505 0.9737879979035637 0.05 0.05
0 0.40722779088050326 0.9444378930817608 0.05 0.05
0 0.5471648977987422 0.4727397798742137 0.05 0.05
0 0.29702860729386893 0.09512200493305123 0.05 0.05
