0 0.5392822766940453 0.5982353696098561 0.05 0.05
0 0.5054013732032855 0.5421094284736482 0.05 0.05
0 0.4520132828542095 0.5243133983572896 0.05 0.05
0 0.4663869994866531 0.6365652806297057 0.05 0.05
0 0.17788597279260782 0.7734578199863108 0.05 0.05
0 0.450986588809035 0.6146624743326489 0.05 0.05
0 0.5423623588295688 0.4722942334017797 0.05 0.05
0 0.36269090092402473 0.3792073066392882 0.05 0.05
0 0.33497016170431215 0.36688697809719373 0.05 0.05
0 0.35037057238193026 0.2299944387405887 0.05 0.05
0 0.437639566221766 0.21767411019849423 0.05 0.05
0 0.4458531185831623 0.2012470054757016 0.05 0.05
0 0.1963664656057495 0.3833140828199864 0.05 0.05
0 0.17685927874743332 0.3244502908966461 0.05 0.05
0 0.21279357032854213 0.17797527378507874 0.05 0.05
0 0.25488802618069817 0.17660634839151268 0.05 0.05
0 0.22511389887063657 0.05614091375770016 0.05 0.05
0 0.18199274897330597 0.07804372005475695 0.05 0.05
0 0.277475295174538 0.09857760095824777 0.05 0.05
0 0.29698248203285427 0.09173297399041758 0.05 0.05
0 0.6203911062628338 0.2751689767282683 0.05 0.05
0 0.6552987037987681 0.20261593086926766 0.05 0.05
0 0.6809660549281316 0.2039848562628336 0.05 0.05
0 0.5505759111909652 0.1902956023271732 0.05 0.05
0 0.6973931596509242 0.23957691649555102 0.05 0.05
0 0.681992748973306 0.27790682751540047 0.05 0.05
0 0.7169003465092404 0.3504598733744011 0.05 0.05
0 0.7364075333675566 0.347722022587269 0.05 0.05
0 0.7651549666324436 0.3682559034907598 0.05 0.05
0 0.7908223177618071 0.2820136036960986 0.05 0.05
0 0.7487278619096511 0.19166452772073914 0.05 0.05
0 0.7826087654004107 0.18208204996577682 0.05 0.05
0 0.838050243839836 0.4490225017111567 0.05 0.05
0 0.8729578413757701 0.3970033367556468 0.05 0.05
0 0.9232658495893226 0.4216439938398357 0.05 0.05
