0 0.08323062319189971 0.5023274268723884 0.05 0.05
0 0.11891046890067503 0.4714691819350692 0.05 0.05
0 0.28766649590163934 0.7543364271938284 0.05 0.05
0 0.31852474083895854 0.7813373915139827 0.05 0.05
0 0.3667407485535198 0.7967665139826423 0.05 0.05
0 0.4728159655255545 0.9279140549662489 0.05 0.05
0 0.3966346733365477 0.9201994937319191 0.05 0.05
0 0.4506366019768563 0.6514756107360977 0.05 0.05
0 0.42942155858244935 0.5859018402442946 0.05 0.05
0 0.4033849144165863 0.5293283911925426 0.05 0.05
0 0.39374171287367404 0.5074704676952748 0.05 0.05
0 0.5056028507714562 0.5357571922211508 0.05 0.05
0 0.5923916646576664 0.5164707891353263 0.05 0.05
0 0.5489972577145612 0.475326462552234 0.05 0.05
0 0.6878593599324976 0.3403216409514626 0.05 0.05
0 0.6868950397782063 0.38018020732883323 0.05 0.05
0 0.6184283088235294 0.15517217132754743 0.05 0.05
0 0.577926862343298 0.15902945194471235 0.05 0.05
0 0.21823544479267118 0.24646114593378338 0.05 0.05
0 0.21630680448408873 0.2104598601735777 0.05 0.05
0 0.24909368972999033 0.22203170202507228 0.05 0.05
0 0.2645228121986499 0.20788833976213444 0.05 0.05
0 0.2587368912729026 0.15388641112182586 0.05 0.05
0 0.2336645672613308 0.12945696721311475 0.05 0.05
0 0.20377064247830284 0.1333142478302797 0.05 0.05
0 0.23752184787849567 0.06388319672131146 0.05 0.05
0 0.2847735354387657 0.09859872227579558 0.05 0.05
0 0.31177449975891997 0.09988448248151727 0.05 0.05
0 0.3397397842333655 0.1088848039215686 0.05 0.05
0 0.329132262536162 0.1911734570877532 0.05 0.05
0 0.3628834679363549 0.20145953873352623 0.05 0.05
0 0.39181307256509157 0.1873161764705883 0.05 0.05
0 0.44388636089681777 0.20531681935069107 0.05 0.05
0 0.7466828893442623 0.24903266634522664 0.05 0.05
0 0.7785054544358727 0.2606045081967213 0.05 0.05
0 0.8055064187560269 0.2696048296367728 0.05 0.05
0 0.7939345769045323 0.3287497990999679 0.05 0.05
0 0.8643299481677916 0.4213245339119254 0.05 0.05
0 0.8932595527965285 0.40332389103182265 0.05 0.05
