0 0.32220982142857146 0.08966600529100527 0.05 0.05
0 0.20713045634920624 0.15844907407407405 0.05 0.05
0 0.19720982142857138 0.2192956349206348 0.05 0.05
0 0.24482886904761897 0.2113591269841269 0.05 0.05
0 0.2686383928571428 0.20077711640211635 0.05 0.05
0 0.4412574404761903 0.2113591269841269 0.05 0.05
0 0.45713045634920624 0.2113591269841269 0.05 0.05
0 0.4333209325396824 0.41241732804232806 0.05 0.05
0 0.5444320436507935 0.21400462962962952 0.05 0.05
0 0.6357018849206348 0.2854332010582011 0.05 0.05
0 0.732924107142857 0.20871362433862425 0.05 0.05
0 0.7785590277777776 0.3621527777777777 0.05 0.05
0 0.7031622023809523 0.3647982804232804 0.05 0.05
0 0.7607018849206347 0.5896660052910053 0.05 0.05
0 0.7051463293650791 0.5711474867724867 0.05 0.05
0 0.5821304563492062 0.5076554232804232 0.05 0.05
0 0.5484002976190474 0.4679728835978835 0.05 0.05
0 0.5503844246031745 0.5314649470899471 0.05 0.05
0 0.38967013888888885 0.5103009259259258 0.05 0.05
0 0.40752728174603164 0.5367559523809523 0.05 0.05
0 0.4333209325396824 0.7457506613756613 0.05 0.05
0 0.3956225198412698 0.7563326719576718 0.05 0.05
0 0.3737971230158729 0.7854332010582009 0.05 0.05
0 0.3440352182539682 0.8145337301587301 0.05 0.05
0 0.30236855158730147 0.7827876984126984 0.05 0.05
0 0.29443204365079356 0.7483961640211639 0.05 0.05
0 0.10593998015873012 0.777496693121693 0.05 0.05
0 0.7805431547619046 0.978554894179894 0.05 0.05
0 0.8718129960317457 0.9838458994708994 0.05 0.05
