0 0.1295179905978785 0.5640439167470267 0.05 0.05
0 0.14108983244937318 0.49075558502089367 0.05 0.05
0 0.28091625482160076 0.7479076261652202 0.05 0.05
0 0.3108101796046287 0.765908269045323 0.05 0.05
0 0.37156234932497584 0.8006237945998073 0.05 0.05
0 0.4525652422854387 0.6489040903246545 0.05 0.05
0 0.4072421950337512 0.5241853503696561 0.05 0.05
0 0.3966346733365477 0.5036131870781101 0.05 0.05
0 0.49595964922854385 0.5383287126325941 0.05 0.05
0 0.5952846251205399 0.5074704676952748 0.05 0.05
0 0.54803293756027 0.4727549421407907 0.05 0.05
0 0.6705015971552555 0.4984701462552234 0.05 0.05
0 0.7891129761330762 0.5254711105753778 0.05 0.05
0 0.3783125904050144 0.22588898264223733 0.05 0.05
0 0.3146674602217936 0.22074594181935073 0.05 0.05
0 0.3146674602217936 0.20531681935069107 0.05 0.05
0 0.2568082509643202 0.21817442140790747 0.05 0.05
0 0.19798472155255545 0.11017056412729029 0.05 0.05
0 0.1950917610896818 0.06388319672131146 0.05 0.05
0 0.20666360294117644 0.06388319672131146 0.05 0.05
0 0.2500580098842816 0.1088848039215686 0.05 0.05
0 0.290559456364513 0.1088848039215686 0.05 0.05
0 0.28670217574734813 0.09088416104146582 0.05 0.05
0 0.3127388199132112 0.09216992124718738 0.05 0.05
0 0.3435970648505304 0.09859872227579558 0.05 0.05
0 0.45642252290260366 0.20660257955641276 0.05 0.05
0 0.5885343840405015 0.15902945194471235 0.05 0.05
0 0.5904630243490839 0.08831264063002256 0.05 0.05
0 0.6116780677434909 0.09216992124718738 0.05 0.05
0 0.6242142297492768 0.15517217132754743 0.05 0.05
0 0.8112923396817744 0.174458574413372 0.05 0.05
0 0.8354003435390549 0.17831585503053685 0.05 0.05
0 0.36963370901639336 0.20660257955641276 0.05 0.05
