0 0.20510817307692303 0.068349358974359 0.05 0.05
0 0.20510817307692308 0.10681089743589732 0.05 0.05
0 0.23919908216783217 0.13303467365967367 0.05 0.05
0 0.31262565559440564 0.08408362470862467 0.05 0.05
0 0.34147180944055944 0.07184586247086244 0.05 0.05
0 0.3506501311188811 0.07534236596736589 0.05 0.05
0 0.23264313811188814 0.1994682400932401 0.05 0.05
0 0.24968859265734267 0.2991185897435898 0.05 0.05
0 0.3152480332167832 0.29212558275058265 0.05 0.05
0 0.44374453671328684 0.20995775058275054 0.05 0.05
0 0.45030048076923085 0.20995775058275054 0.05 0.05
0 0.18544034090909092 0.4372304778554779 0.05 0.05
0 0.12119208916083916 0.7746430652680654 0.05 0.05
0 0.19592985139860142 0.7291885198135198 0.05 0.05
0 0.3899857954545455 0.5036640442890443 0.05 0.05
0 0.39654173951048954 0.5228948135198136 0.05 0.05
0 0.45816761363636366 0.5508668414918415 0.05 0.05
0 0.5315941870629372 0.547370337995338 0.05 0.05
0 0.5696186625874127 0.51939831002331 0.05 0.05
0 0.5932200611888112 0.4931745337995338 0.05 0.05
0 0.5433948863636363 0.46170600233100234 0.05 0.05
0 0.8515242569930072 0.7519157925407925 0.05 0.05
0 0.6836920891608393 0.33058712121212125 0.05 0.05
0 0.7322060751748254 0.33932837995338 0.05 0.05
0 0.6351781031468532 0.22394376456876455 0.05 0.05
