0 0.16728796785028793 0.32765714971209214 0.05 0.05
0 0.15097318857965453 0.3481305982085733 0.05 0.05
0 0.16920735364683304 0.3916366762635956 0.05 0.05
0 0.13657779510556622 0.5848548464491363 0.05 0.05
0 0.24214401391554707 0.42746521113243763 0.05 0.05
0 0.2814914227447217 0.28926943378118997 0.05 0.05
0 0.19703844769673706 0.26751639475367883 0.05 0.05
0 0.20759506957773516 0.07813699616122835 0.05 0.05
0 0.30740313099808064 0.09605126359564929 0.05 0.05
0 0.34962961852207297 0.09861044465770945 0.05 0.05
0 0.35826685460652596 0.1741062859884837 0.05 0.05
0 0.5050998680422266 0.525993682021753 0.05 0.05
0 0.4100902711132438 0.5336712252079335 0.05 0.05
0 0.39953364923224577 0.5004018714011517 0.05 0.05
0 0.41296934980806144 0.4658529270633397 0.05 0.05
0 0.5386891194817659 0.4607345649392194 0.05 0.05
0 0.7095144553742803 0.4313039827255279 0.05 0.05
0 0.7555797144913629 0.45049784069097887 0.05 0.05
0 0.7901286588291747 0.325097968650032 0.05 0.05
0 0.8400326895393475 0.3199796065259117 0.05 0.05
0 0.7075950695777352 0.17794505758157383 0.05 0.05
0 0.6711267394433782 0.1638695617402431 0.05 0.05
0 0.5962706933781191 0.18306341970569412 0.05 0.05
0 0.4484779870441459 0.21249400191938578 0.05 0.05
0 0.669207353646833 0.8804402591170825 0.05 0.05
0 0.7527006357965452 0.8420525431861805 0.05 0.05
0 0.8352342250479847 0.8945157549584134 0.05 0.05
0 0.3908964131477927 0.21249400191938578 0.05 0.05
