0 0.18395735062893084 0.11215277777777762 0.05 0.05
0 0.2610013757861636 0.11844208595387802 0.05 0.05
0 0.22169319968553464 0.1624672431865825 0.05 0.05
0 0.27515231918239 0.09328485324947558 0.05 0.05
0 0.28458628144654097 0.09328485324947558 0.05 0.05
0 0.6194919418238996 0.11215277777777738 0.05 0.05
0 0.6399321933962265 0.1708529874213833 0.05 0.05
0 0.6682340801886795 0.10586346960167686 0.05 0.05
0 0.6918189858490568 0.08909198113207518 0.05 0.05
0 0.7185485455974845 0.15408149895178175 0.05 0.05
0 0.7562843946540883 0.13731001048217994 0.05 0.05
0 0.8773535770440253 0.2840605345911946 0.05 0.05
0 0.8962215015723272 0.27986766247379435 0.05 0.05
0 0.6116303066037737 0.2693854821802932 0.05 0.05
0 0.6588001179245284 0.2568068658280919 0.05 0.05
0 0.7421334512578619 0.4790290880503142 0.05 0.05
0 0.7971648977987422 0.5712722746331235 0.05 0.05
0 0.883642885220126 0.6236831761006287 0.05 0.05
0 0.47326552672955985 0.6299724842767294 0.05 0.05
0 0.20125294811320762 0.30292845911949656 0.05 0.05
0 0.24842275943396236 0.30712133123689705 0.05 0.05
0 0.24527810534591202 0.3406643081761004 0.05 0.05
0 0.30030955188679254 0.3364714360586999 0.05 0.05
0 0.215403891509434 0.3721108490566035 0.05 0.05
0 0.12892590408805032 0.37840015723270415 0.05 0.05
0 0.15722779088050318 0.3909787735849054 0.05 0.05
0 0.10062401729559749 0.39307520964360554 0.05 0.05
0 0.061315841194968565 0.5125720649895177 0.05 0.05
0 0.13678753930817616 0.5314399895178195 0.05 0.05
0 0.1525108097484277 0.4853183962264148 0.05 0.05
0 0.17452338836477993 0.5041863207547167 0.05 0.05
0 0.5455925707547171 0.4706433438155134 0.05 0.05
0 0.3773535770440253 0.44548611111111086 0.05 0.05
0 0.0786114386792453 0.63626179245283 0.05 0.05
0 0.3985085227272728 0.11203532417195182 0.05 0.05
0 0.4286353726215645 0.11203532417195182 0.05 0.05
