0 0.4053135547251688 0.4727549421407907 0.05 0.05
0 0.3908487524108003 0.5061847074895532 0.05 0.05
0 0.4072421950337512 0.528042630986821 0.05 0.05
0 0.44388636089681777 0.6514756107360977 0.05 0.05
0 0.39759899349083894 0.7491933863709419 0.05 0.05
0 0.3387754640790742 0.7967665139826423 0.05 0.05
0 0.2953810571359692 0.765908269045323 0.05 0.05
0 0.25391529050144646 0.37889444712311166 0.05 0.05
0 0.19316312078109935 0.39046628897460633 0.05 0.05
0 0.16037623553519767 0.39689509000321443 0.05 0.05
0 0.2307716067984571 0.2606045081967213 0.05 0.05
0 0.28188057497589203 0.22846050305368049 0.05 0.05
0 0.28670217574734813 0.198888018322083 0.05 0.05
0 0.32238202145612344 0.21431714079074263 0.05 0.05
0 0.38409851133076184 0.20660257955641276 0.05 0.05
0 0.4506366019768563 0.20660257955641276 0.05 0.05
0 0.5075314910800386 0.531899911603986 0.05 0.05
0 0.5933559848119575 0.5074704676952748 0.05 0.05
0 0.5432113367888138 0.4637546207007394 0.05 0.05
0 0.6955739211668274 0.24903266634522664 0.05 0.05
0 0.6348217514464802 0.12817120700739318 0.05 0.05
0 0.6463935932979749 0.12045664577306331 0.05 0.05
0 0.2847735354387657 0.09088416104146582 0.05 0.05
0 0.31177449975891997 0.09474144165863076 0.05 0.05
0 0.3435970648505304 0.09988448248151727 0.05 0.05
0 0.24137912849566057 0.07802655898424954 0.05 0.05
0 0.21630680448408873 0.06645471713275483 0.05 0.05
