0 0.457748463114754 0.7068704462659382 0.05 0.05
0 0.43862278005464483 0.7779086976320584 0.05 0.05
0 0.41813097677595634 0.7542292805100181 0.05 0.05
0 0.37578125000000007 0.7742657103825137 0.05 0.05
0 0.3225025614754099 0.7505862932604737 0.05 0.05
0 0.18452441939890715 0.7797301912568307 0.05 0.05
0 0.1872566598360656 0.8216245446265938 0.05 0.05
0 0.013759392076502763 0.5647939435336976 0.05 0.05
0 0.1913550204918033 0.4500398451730419 0.05 0.05
0 0.39627305327868856 0.5010416666666667 0.05 0.05
0 0.3935408128415301 0.532007058287796 0.05 0.05
0 0.5629397199453553 0.5283640710382513 0.05 0.05
0 0.5725025614754099 0.4992201730418943 0.05 0.05
0 0.5479123975409838 0.4718977686703097 0.05 0.05
0 0.7951801571038253 0.5830088797814208 0.05 0.05
0 0.8511910860655739 0.43182490892531883 0.05 0.05
0 0.7897156762295083 0.3735371129326047 0.05 0.05
0 0.7227757855191257 0.1859232695810564 0.05 0.05
0 0.7500981898907104 0.2004952185792349 0.05 0.05
0 0.22687414617486343 0.28792691256830594 0.05 0.05
0 0.2528304303278689 0.2314606102003643 0.05 0.05
0 0.28698343579234975 0.2241746357012751 0.05 0.05
0 0.3703167691256831 0.25149704007285983 0.05 0.05
0 0.40583589480874327 0.21688866120218578 0.05 0.05
0 0.41676485655737705 0.2587830145719489 0.05 0.05
0 0.4481856215846996 0.21688866120218578 0.05 0.05
0 0.5861637636612024 0.11852800546448089 0.05 0.05
0 0.24326758879781427 0.10031306921675771 0.05 0.05
0 0.2651255122950821 0.09120560109289617 0.05 0.05
0 0.2719561133879782 0.0802766393442622 0.05 0.05
0 0.2255080259562842 0.03838228597449908 0.05 0.05
0 0.311573599726776 0.08574112021857919 0.05 0.05
