0 0.45154711433260386 0.2056368526622902 0.05 0.05
0 0.3842604622538293 0.15312044128373437 0.05 0.05
0 0.351437705142232 0.13780315463165552 0.05 0.05
0 0.33010291301969363 0.10060402990517853 0.05 0.05
0 0.31697381017505466 0.07872219183078026 0.05 0.05
0 0.30384470733041574 0.09185129467541925 0.05 0.05
0 0.2743042259299781 0.0765340080233404 0.05 0.05
0 0.18732391958424505 0.1224858679795768 0.05 0.05
0 0.19881188457330415 0.11154494894237767 0.05 0.05
0 0.2070175738512035 0.15312044128373437 0.05 0.05
0 0.30056243161925605 0.1224858679795768 0.05 0.05
0 0.5500153856673962 0.21657777169948922 0.05 0.05
0 0.5664267642231948 0.19688411743253093 0.05 0.05
0 0.6189431756017506 0.2428359773887672 0.05 0.05
0 0.6960766548140045 0.14655588986141493 0.05 0.05
0 0.7239759983588623 0.2472123450036469 0.05 0.05
0 0.7223348605032824 0.2603414478482858 0.05 0.05
0 0.8109563047045955 0.20782503646972994 0.05 0.05
0 0.8076740289934357 0.406949762946754 0.05 0.05
0 0.8815252324945296 0.4222670495988329 0.05 0.05
0 0.8634727160831511 0.7308009664478483 0.05 0.05
0 0.9324005060175058 0.7461182530999272 0.05 0.05
0 0.7206937226477025 0.6323326951130561 0.05 0.05
0 0.7288994119256018 0.70673094456601 0.05 0.05
0 0.651765932713348 0.7198600474106491 0.05 0.05
0 0.50242238785558 0.5360526075857038 0.05 0.05
0 0.5467331099562365 0.4660307257476294 0.05 0.05
0 0.39574842724288845 0.5010416666666666 0.05 0.05
0 0.40231297866520793 0.5185471371261852 0.05 0.05
0 0.44334142505470464 0.6476499817651349 0.05 0.05
0 0.4991401121444202 0.7220482312180889 0.05 0.05
0 0.39410728938730855 0.8073873997082421 0.05 0.05
0 0.3333851887308534 0.8030110320933626 0.05 0.05
0 0.2890744666301969 0.7876937454412837 0.05 0.05
0 0.18568278172866517 0.7701882749817651 0.05 0.05
0 0.19388847100656453 0.735177334062728 0.05 0.05
0 0.09049678610503278 0.809575583515682 0.05 0.05
0 0.02156899617067827 0.6432736141502552 0.05 0.05
0 0.04126265043763671 0.6432736141502552 0.05 0.05
0 0.0576740289934354 0.43539615244347174 0.05 0.05
0 0.0839322346827133 0.47915982859226836 0.05 0.05
0 0.11183157822757109 0.5032298504741065 0.05 0.05
0 0.10854930251641134 0.5973217541940189 0.05 0.05
0 0.1906061952954048 0.5163589533187455 0.05 0.05
0 0.25296943380743986 0.41351431436907354 0.05 0.05
0 0.32025608588621446 0.42007886579139303 0.05 0.05
0 0.2578928473741794 0.5448053428154632 0.05 0.05
