0 0.22414190573770484 0.04748975409836097 0.05 0.05
0 0.21184682377049185 0.07663365209471766 0.05 0.05
0 0.23370474726775964 0.08209813296903452 0.05 0.05
0 0.30610911885245906 0.08756261384335152 0.05 0.05
0 0.31020747950819677 0.1330999544626593 0.05 0.05
0 0.2555626707650274 0.1330999544626593 0.05 0.05
0 0.2132129439890711 0.14402891621129327 0.05 0.05
0 0.2050162226775957 0.21688866120218578 0.05 0.05
0 0.24463370901639353 0.1913877504553734 0.05 0.05
0 0.27605447404371586 0.1913877504553734 0.05 0.05
0 0.3252348019125683 0.19503073770491805 0.05 0.05
0 0.3552894467213115 0.19503073770491805 0.05 0.05
0 0.44545338114754107 0.2132456739526411 0.05 0.05
0 0.45501622267759567 0.21142418032786878 0.05 0.05
0 0.41266649590163934 0.26971197632058286 0.05 0.05
0 0.37304900956284165 0.3261782786885246 0.05 0.05
0 0.288349556010929 0.3243567850637523 0.05 0.05
0 0.16676485655737708 0.3498576958105647 0.05 0.05
0 0.06430584016393448 0.46825478142076504 0.05 0.05
0 0.13261185109289625 0.4755407559198543 0.05 0.05
0 0.08343152322404376 0.6085097905282332 0.05 0.05
0 0.08206540300546453 0.6431181693989071 0.05 0.05
0 0.23370474726775964 0.6613331056466303 0.05 0.05
0 0.28698343579234975 0.5520434881602915 0.05 0.05
0 0.3949069330601093 0.5083276411657559 0.05 0.05
0 0.40037141393442627 0.5338285519125684 0.05 0.05
0 0.3225025614754099 0.7596937613843352 0.05 0.05
0 0.37578125000000007 0.7924806466302369 0.05 0.05
0 0.41676485655737705 0.7615152550091076 0.05 0.05
0 0.4563823428961749 0.7068704462659381 0.05 0.05
0 0.44408726092896184 0.7961236338797815 0.05 0.05
0 0.5465462773224046 0.5265425774134791 0.05 0.05
0 0.5752348019125684 0.4882912112932605 0.05 0.05
0 0.5492785177595628 0.4627903005464481 0.05 0.05
0 0.7009178620218579 0.26424749544626586 0.05 0.05
0 0.7255080259562842 0.25696152094717667 0.05 0.05
0 0.7924479166666668 0.2769979508196722 0.05 0.05
0 0.6531036543715848 0.497398679417122 0.05 0.05
0 0.7350708674863389 0.497398679417122 0.05 0.05
0 0.7733222336065575 0.4718977686703097 0.05 0.05
0 0.7692238729508197 0.56661543715847 0.05 0.05
0 0.8566555669398908 0.5374715391621129 0.05 0.05
0 0.8785134904371585 0.5556864754098361 0.05 0.05
0 0.9126664959016393 0.6285462204007286 0.05 0.05
