0 0.2333274512320329 0.046558436002737597 0.05 0.05
0 0.20458001796714584 0.08215049623545513 0.05 0.05
0 0.2014999358316222 0.050665212183436024 0.05 0.05
0 0.18404613706365508 0.08078157084188907 0.05 0.05
0 0.19944654774127316 0.2861203798767967 0.05 0.05
0 0.1881529132443532 0.3395084702258727 0.05 0.05
0 0.12141780030800824 0.43807109856262844 0.05 0.05
0 0.19123299537987687 0.4777699349760438 0.05 0.05
0 0.27336851899383985 0.4668185318275154 0.05 0.05
0 0.3010892582135524 0.23957691649555102 0.05 0.05
0 0.2815820713552362 0.09036404859685139 0.05 0.05
0 0.29390239989733064 0.08762619780971939 0.05 0.05
0 0.30827611652977416 0.09310189938398353 0.05 0.05
0 0.3411303259753594 0.1013154517453799 0.05 0.05
0 0.3832247818275155 0.5051484428473648 0.05 0.05
0 0.40991882700205345 0.5229444729637236 0.05 0.05
0 0.4437997304928132 0.5202066221765914 0.05 0.05
0 0.4869208803901438 0.5147309206023272 0.05 0.05
0 0.5146416196098563 0.5325269507186859 0.05 0.05
0 0.5485225231006161 0.5174687713894593 0.05 0.05
0 0.5670030159137578 0.4955659650924025 0.05 0.05
0 0.5700830980492814 0.4681874572210815 0.05 0.05
0 0.46022683521560587 0.750186088295688 0.05 0.05
0 0.6881529132443533 0.8651758213552363 0.05 0.05
0 0.7692617428131419 0.8282148357289529 0.05 0.05
0 0.7620748844969201 0.8638068959616702 0.05 0.05
0 0.7692617428131419 0.7282832819986312 0.05 0.05
0 0.8606375128336756 0.7145940280629707 0.05 0.05
0 0.788768929671458 0.4038479637234771 0.05 0.05
0 0.8329167736139631 0.4243818446269678 0.05 0.05
0 0.8719311473305955 0.35593557494866535 0.05 0.05
0 0.63989829312115 0.16428601984941824 0.05 0.05
0 0.6542720097535935 0.1013154517453799 0.05 0.05
0 0.6501652335728954 0.06709231690622867 0.05 0.05
0 0.7631015785420946 0.11911148186173849 0.05 0.05
0 0.5587894635523615 0.1971402292950034 0.05 0.05
0 0.450986588809035 0.1971402292950034 0.05 0.05
