0 0.11066558228180864 0.5409996056782337 0.05 0.05
0 0.23579702287066243 0.4021983438485807 0.05 0.05
0 0.3073007032071503 0.4274349369085177 0.05 0.05
0 0.40824707544689787 0.5255772432527166 0.05 0.05
0 0.3956287789169294 0.5059487819838768 0.05 0.05
0 0.41771079784437426 0.48491828776726276 0.05 0.05
0 0.5102449723974762 0.5353914738871366 0.05 0.05
0 0.5544090102523658 0.5185670785138453 0.05 0.05
0 0.5638727326498421 0.48912438661058555 0.05 0.05
0 0.5386361395899052 0.4596816947073259 0.05 0.05
0 0.3924742047844373 0.7625208114265687 0.05 0.05
0 0.3598769387486855 0.8115919645986682 0.05 0.05
0 0.3115068020504731 0.7891594374342799 0.05 0.05
0 0.4671324592534173 0.6924191640378551 0.05 0.05
0 0.6826950249737116 0.33490076235541555 0.05 0.05
0 0.7047770439011564 0.31106620224325304 0.05 0.05
0 0.6932102720820187 0.11898768839817772 0.05 0.05
0 0.30099155494216606 0.23816048895899086 0.05 0.05
0 0.26944581361724496 0.23675845601121662 0.05 0.05
0 0.24946684411146158 0.2241401594812481 0.05 0.05
0 0.23790007229232382 0.19049136873466566 0.05 0.05
0 0.2568275170872765 0.1750690063091485 0.05 0.05
0 0.20845738038906408 0.187687302839117 0.05 0.05
0 0.18427231203995792 0.11618362250262919 0.05 0.05
0 0.2042512815457413 0.09655516123378938 0.05 0.05
0 0.23159092402733958 0.12319378724150051 0.05 0.05
0 0.27680648659305984 0.09655516123378938 0.05 0.05
0 0.2915278325446897 0.08674093059936941 0.05 0.05
0 0.3125583267613038 0.09795719418156364 0.05 0.05
0 0.326228148002103 0.09234906239046646 0.05 0.05
0 0.36723761172450037 0.08674093059936941 0.05 0.05
0 0.38301048238696095 0.08954499649491794 0.05 0.05
0 0.5575635843848579 0.20591373116018255 0.05 0.05
