0 0.21887565559440558 0.15751019813519823 0.05 0.05
0 0.26083369755244756 0.15051719114219111 0.05 0.05
0 0.24116586538461543 0.20471299533799533 0.05 0.05
0 0.2057637674825175 0.21869900932400935 0.05 0.05
0 0.18871831293706293 0.3445731351981352 0.05 0.05
0 0.25558894230769236 0.34107663170163177 0.05 0.05
0 0.09037915209790211 0.9040136946386946 0.05 0.05
0 0.21231971153846158 0.9494682400932403 0.05 0.05
0 0.292302229020979 0.7676500582750584 0.05 0.05
0 0.292302229020979 0.825342365967366 0.05 0.05
0 0.3578616695804196 0.7693983100233102 0.05 0.05
0 0.41162041083916084 0.7746430652680654 0.05 0.05
0 0.42342111013986017 0.7396780303030304 0.05 0.05
0 0.4339106206293707 0.811356351981352 0.05 0.05
0 0.5401169143356643 0.9005171911421912 0.05 0.05
0 0.3971973339160839 0.5089087995337995 0.05 0.05
0 0.41555397727272725 0.533384324009324 0.05 0.05
0 0.4496448863636364 0.5508668414918415 0.05 0.05
0 0.31197006118881115 0.09632138694638688 0.05 0.05
0 0.3722847465034965 0.061356351981352 0.05 0.05
0 0.3932637674825175 0.056111596736596665 0.05 0.05
0 0.44046656468531464 0.22044726107226112 0.05 0.05
0 0.5886309003496504 0.20471299533799533 0.05 0.05
0 0.6082987325174826 0.20121649184149176 0.05 0.05
0 0.6502567744755245 0.18023747086247088 0.05 0.05
0 0.5492952360139861 0.4634542540792541 0.05 0.05
0 0.5833861451048952 0.48618152680652676 0.05 0.05
0 0.5650295017482517 0.5106570512820513 0.05 0.05
0 0.6528791520979021 0.3690486596736597 0.05 0.05
0 0.709260270979021 0.3847829254079253 0.05 0.05
0 0.8049770541958043 0.311356351981352 0.05 0.05
0 0.8679141171328671 0.297370337995338 0.05 0.05
0 0.9151169143356643 0.4005171911421911 0.05 0.05
0 0.8325120192307693 0.533384324009324 0.05 0.05
0 0.7826868444055946 0.5281395687645688 0.05 0.05
0 0.5283162150349651 0.5928248834498835 0.05 0.05
0 0.5532288024475525 0.631286421911422 0.05 0.05
0 0.5715854458041958 0.6452724358974359 0.05 0.05
0 0.6594350961538462 0.6207969114219114 0.05 0.05
0 0.8194001311188812 0.6522654428904429 0.05 0.05
0 0.8810260052447554 0.6225451631701632 0.05 0.05
0 0.28050152972027975 0.9634542540792541 0.05 0.05
