0 0.10348134643201543 0.8147671568627451 0.05 0.05
0 0.1256607099807136 0.4984701462552234 0.05 0.05
0 0.1999133618611379 0.4663261411121827 0.05 0.05
0 0.22884296648987465 0.4868983044037287 0.05 0.05
0 0.17773399831243972 0.42646757473481195 0.05 0.05
0 0.19027016031822563 0.3403216409514626 0.05 0.05
0 0.28766649590163934 0.23617506428801036 0.05 0.05
0 0.32623930207328833 0.2271747428479589 0.05 0.05
0 0.3590261873191899 0.2156029009964642 0.05 0.05
0 0.4496722818225651 0.2104598601735777 0.05 0.05
0 0.346490025313404 0.09602720186435233 0.05 0.05
0 0.3050242586788814 0.09859872227579558 0.05 0.05
0 0.28573785559305687 0.09216992124718738 0.05 0.05
0 0.24234344864995175 0.12431392639022824 0.05 0.05
0 0.1999133618611379 0.12559968659594994 0.05 0.05
0 0.41784971673095467 0.04331103342976542 0.05 0.05
0 0.39759899349083894 0.04973983445837362 0.05 0.05
0 0.6396433522179363 0.18603041626486672 0.05 0.05
0 0.6174639886692381 0.18345889585342334 0.05 0.05
0 0.552854538331726 0.11788512536162017 0.05 0.05
0 0.7322180870298939 0.2876054725168757 0.05 0.05
0 0.7659692924300868 0.2683190694310511 0.05 0.05
0 0.8730088295564127 0.2503184265509483 0.05 0.05
0 0.5943203049662488 0.5087562279009965 0.05 0.05
0 0.5432113367888138 0.46889766152362594 0.05 0.05
0 0.5036742104628736 0.5357571922211508 0.05 0.05
0 0.4043492345708775 0.5254711105753778 0.05 0.05
0 0.39567035318225646 0.5048989472838316 0.05 0.05
0 0.4053135547251688 0.46246886049501773 0.05 0.05
0 0.44774364151398266 0.6514756107360977 0.05 0.05
0 0.2982740175988428 0.7710513098682096 0.05 0.05
0 0.3426327446962391 0.794194993571199 0.05 0.05
0 0.38602715163934426 0.7761943506910961 0.05 0.05
0 0.290559456364513 0.44446821761491484 0.05 0.05
0 0.2548796106557377 0.3184637174541949 0.05 0.05
