0 0.19937340017064842 0.07868671786120605 0.05 0.05
0 0.18529490187713304 0.08380617178612036 0.05 0.05
0 0.27872493600682585 0.09063211035267334 0.05 0.05
0 0.2928034343003412 0.09063211035267334 0.05 0.05
0 0.367035516211604 0.08209968714448218 0.05 0.05
0 0.22881026023890771 0.13841368031854367 0.05 0.05
0 0.21089217150170642 0.25445463594994305 0.05 0.05
0 0.23392971416382244 0.2885843287827074 0.05 0.05
0 0.2556873933447098 0.3124751137656427 0.05 0.05
0 0.30304234215017056 0.3841474687144481 0.05 0.05
0 0.16225735921501694 0.3227140216154721 0.05 0.05
0 0.4412675981228668 0.21349900455062557 0.05 0.05
0 0.45790582337883945 0.19984712741751973 0.05 0.05
0 0.3811140145051194 0.46947170079635936 0.05 0.05
0 0.36959524317406134 0.5018949089874857 0.05 0.05
0 0.44766691552901017 0.5223727246871444 0.05 0.05
0 0.5142198165529009 0.534318117178612 0.05 0.05
0 0.5462164035836177 0.4677652161547211 0.05 0.05
0 0.4860628199658702 0.6111099260523322 0.05 0.05
0 0.2928034343003412 0.7954102673492603 0.05 0.05
0 0.6857215230375425 0.37561504550625696 0.05 0.05
0 0.7381959257679179 0.36196316837315123 0.05 0.05
0 0.8418648677474401 0.31076862912400444 0.05 0.05
0 0.8469843216723548 0.2629870591581341 0.05 0.05
0 0.5705338097269623 0.17424985779294638 0.05 0.05
0 0.6370867107508532 0.1657174345847552 0.05 0.05
0 0.6998000213310579 0.19472767349260506 0.05 0.05
0 0.6639638438566552 0.09404507963594971 0.05 0.05
0 0.6831617960750853 0.08551265642775867 0.05 0.05
