0 0.3122891865079366 0.08702050264550264 0.05 0.05
0 0.23093998015873005 0.203422619047619 0.05 0.05
0 0.19324156746031737 0.21665013227513227 0.05 0.05
0 0.19720982142857138 0.2801421957671958 0.05 0.05
0 0.22498759920634911 0.2854332010582011 0.05 0.05
0 0.2686383928571428 0.24310515873015864 0.05 0.05
0 0.28252728174603164 0.2060681216931216 0.05 0.05
0 0.32220982142857135 0.21400462962962952 0.05 0.05
0 0.361892361111111 0.2695601851851851 0.05 0.05
0 0.4412574404761903 0.203422619047619 0.05 0.05
0 0.4531622023809523 0.203422619047619 0.05 0.05
0 0.5503844246031745 0.21400462962962952 0.05 0.05
0 0.21506696428571423 0.4468088624338625 0.05 0.05
0 0.18133680555555548 0.449454365079365 0.05 0.05
0 0.14959077380952374 0.6637400793650793 0.05 0.05
0 0.2170510912698412 0.650512566137566 0.05 0.05
0 0.3857018849206348 0.5103009259259258 0.05 0.05
0 0.4174479166666666 0.5367559523809523 0.05 0.05
0 0.4412574404761903 0.7272321428571428 0.05 0.05
0 0.4234002976190475 0.7219411375661374 0.05 0.05
0 0.3777653769841269 0.7669146825396825 0.05 0.05
0 0.361892361111111 0.7854332010582009 0.05 0.05
0 0.3162574404761904 0.7616236772486772 0.05 0.05
0 0.2904637896825396 0.7880787037037036 0.05 0.05
0 0.5523685515873015 0.5235284391534392 0.05 0.05
0 0.5860987103174602 0.49442791005291004 0.05 0.05
0 0.5523685515873015 0.4706183862433862 0.05 0.05
0 0.73093998015873 0.41241732804232806 0.05 0.05
0 0.8182415674603172 0.41241732804232806 0.05 0.05
0 0.8777653769841267 0.33305224867724864 0.05 0.05
0 0.7249875992063491 0.5711474867724867 0.05 0.05
0 0.7110987103174602 0.6716765873015872 0.05 0.05
0 0.7190352182539681 0.7695601851851851 0.05 0.05
0 0.6634796626984125 0.7748511904761904 0.05 0.05
