0 0.31328124999999996 0.09457313519813522 0.05 0.05
0 0.33294908216783214 0.07534236596736589 0.05 0.05
0 0.34868334790209793 0.07534236596736589 0.05 0.05
0 0.4391553758741259 0.2064612470862471 0.05 0.05
0 0.4535784527972028 0.2064612470862471 0.05 0.05
0 0.23592111013986017 0.3375801282051282 0.05 0.05
0 0.28705747377622376 0.325342365967366 0.05 0.05
0 0.007774256993006978 0.603314393939394 0.05 0.05
0 0.07333369755244756 0.6190486596736596 0.05 0.05
0 0.14413789335664334 0.7606570512820513 0.05 0.05
0 0.2791903409090909 0.7746430652680654 0.05 0.05
0 0.30803649475524475 0.8096081002331004 0.05 0.05
0 0.361795236013986 0.7798878205128206 0.05 0.05
0 0.410309222027972 0.7693983100233102 0.05 0.05
0 0.4273546765734266 0.7396780303030304 0.05 0.05
0 0.3971973339160839 0.5071605477855478 0.05 0.05
0 0.40899803321678324 0.5211465617715618 0.05 0.05
0 0.45095607517482517 0.5211465617715618 0.05 0.05
0 0.5152043269230769 0.540377331002331 0.05 0.05
0 0.5715854458041958 0.5246430652680654 0.05 0.05
0 0.5964980332167833 0.49492278554778557 0.05 0.05
0 0.5506064248251749 0.4634542540792541 0.05 0.05
0 0.5755190122377623 0.6207969114219114 0.05 0.05
0 0.5401169143356643 0.9057619463869464 0.05 0.05
0 0.44308894230769236 0.811356351981352 0.05 0.05
0 0.5951868444055944 0.9494682400932403 0.05 0.05
0 0.9242952360139862 0.9809367715617717 0.05 0.05
0 0.6725469842657343 0.11555215617715611 0.05 0.05
0 0.6725469842657343 0.13478292540792533 0.05 0.05
0 0.7472847465034965 0.1365311771561771 0.05 0.05
0 0.7354840472027974 0.21520250582750577 0.05 0.05
0 0.7839980332167833 0.20995775058275054 0.05 0.05
0 0.8180889423076924 0.20121649184149176 0.05 0.05
