0 0.3083209325396825 0.09760251322751318 0.05 0.05
0 0.2626860119047619 0.1558035714285714 0.05 0.05
0 0.29443204365079356 0.1478670634920635 0.05 0.05
0 0.1912574404761904 0.2325231481481481 0.05 0.05
0 0.23887648809523804 0.24310515873015864 0.05 0.05
0 0.2686383928571428 0.25633267195767195 0.05 0.05
0 0.2666542658730158 0.3092427248677248 0.05 0.05
0 0.29443204365079356 0.34098875661375655 0.05 0.05
0 0.25474950396825385 0.3436342592592593 0.05 0.05
0 0.23093998015873005 0.3383432539682539 0.05 0.05
0 0.16347966269841263 0.40712632275132266 0.05 0.05
0 0.13173363095238091 0.42564484126984115 0.05 0.05
0 0.008717757936507909 0.666385582010582 0.05 0.05
0 0.22300347222222214 0.5976025132275132 0.05 0.05
0 0.24681299603174595 0.6346395502645502 0.05 0.05
0 0.29641617063492054 0.4547453703703702 0.05 0.05
0 0.3460193452380952 0.3436342592592593 0.05 0.05
0 0.3857018849206348 0.2827876984126983 0.05 0.05
0 0.4452256944444444 0.21400462962962952 0.05 0.05
0 0.4610987103174602 0.20077711640211635 0.05 0.05
0 0.4333209325396824 0.31982473544973544 0.05 0.05
0 0.3956225198412698 0.5076554232804232 0.05 0.05
0 0.4114955357142856 0.5261739417989417 0.05 0.05
0 0.40752728174603164 0.7483961640211639 0.05 0.05
0 0.4432415674603174 0.7431051587301586 0.05 0.05
0 0.3777653769841269 0.7933697089947089 0.05 0.05
0 0.32419394841269833 0.7669146825396825 0.05 0.05
0 0.3559399801587301 0.8013062169312168 0.05 0.05
0 0.2924479166666666 0.8118882275132274 0.05 0.05
0 0.609908234126984 0.9626818783068782 0.05 0.05
0 0.6654637896825395 0.9653273809523809 0.05 0.05
0 0.8916542658730157 0.9097718253968253 0.05 0.05
0 0.5722098214285712 0.5288194444444444 0.05 0.05
0 0.5801463293650793 0.5076554232804232 0.05 0.05
0 0.5404637896825395 0.4653273809523809 0.05 0.05
0 0.5523685515873015 0.2192956349206348 0.05 0.05
0 0.5880828373015872 0.08172949735449725 0.05 0.05
0 0.8261780753968251 0.1769675925925925 0.05 0.05
0 0.8063368055555553 0.3542162698412698 0.05 0.05
0 0.7567336309523808 0.3383432539682539 0.05 0.05
0 0.732924107142857 0.3039517195767195 0.05 0.05
