0 0.03390427839116724 0.5732463634770419 0.05 0.05
0 0.14010827418506835 0.578854495268139 0.05 0.05
0 0.4608233109884331 0.7008313617245007 0.05 0.05
0 0.4650294098317559 0.6798008675078866 0.05 0.05
0 0.40929860015772856 0.5339894409393623 0.05 0.05
0 0.3945772542060987 0.5087528478794253 0.05 0.05
0 0.41245317429022066 0.4737020241850686 0.05 0.05
0 0.5112964971083069 0.5311853750438137 0.05 0.05
0 0.5533574855415351 0.5297833420960394 0.05 0.05
0 0.5670273067823342 0.4947325184016827 0.05 0.05
0 0.5470483372765508 0.4737020241850686 0.05 0.05
0 0.7363227852260775 0.6419459779179812 0.05 0.05
0 0.8109810396950575 0.6643785050823696 0.05 0.05
0 0.9298033320189273 0.6783988345601124 0.05 0.05
0 0.801517317297581 0.9041261391517702 0.05 0.05
0 0.6658706296004204 0.8985180073606731 0.05 0.05
0 0.7205499145636169 0.42883696985629194 0.05 0.05
0 0.6038306716614088 0.274613345601122 0.05 0.05
0 0.6311703141430072 0.25358285138450776 0.05 0.05
0 0.6826950249737116 0.15964664388363162 0.05 0.05
0 0.7005709450578336 0.11618362250262919 0.05 0.05
0 0.7131892415878021 0.10917345776375775 0.05 0.05
0 0.2263333004731861 0.3601373554153525 0.05 0.05
0 0.17691163906414298 0.3769617507886437 0.05 0.05
0 0.16849944137749734 0.3363027953031898 0.05 0.05
0 0.13695370005257623 0.34751905888538415 0.05 0.05
0 0.38195895767613025 0.25077878548895927 0.05 0.05
0 0.45135958859095676 0.21432592884682813 0.05 0.05
0 0.27470343717139845 0.16525477567472865 0.05 0.05
0 0.24526074526813874 0.1750690063091485 0.05 0.05
0 0.19478755914826493 0.11618362250262919 0.05 0.05
0 0.21792110278654042 0.07272060112162677 0.05 0.05
0 0.27470343717139845 0.09515312828601499 0.05 0.05
0 0.2831156348580441 0.08814296354714367 0.05 0.05
0 0.3051976537854889 0.11898768839817772 0.05 0.05
0 0.3125583267613038 0.09515312828601499 0.05 0.05
0 0.3293827221345951 0.09935922712933791 0.05 0.05
0 0.3598769387486855 0.08954499649491794 0.05 0.05
