0 0.28117237050739957 0.08877951021846364 0.05 0.05
0 0.2906861125792812 0.09089367512332605 0.05 0.05
0 0.21299055232558137 0.1395194679351654 0.05 0.05
0 0.33984044661733626 0.09300784002818858 0.05 0.05
0 0.35411105972515855 0.08877951021846352 0.05 0.05
0 0.41912163054968293 0.20505857998590535 0.05 0.05
0 0.45876222251585624 0.22197189922480595 0.05 0.05
0 0.46193346987315015 0.1923735905567298 0.05 0.05
0 0.6442801929175477 0.16911777660324154 0.05 0.05
0 0.6886776559196618 0.16066111698379118 0.05 0.05
0 0.5459715248414377 0.46510086328400274 0.05 0.05
0 0.18603494978858348 0.6257773960535588 0.05 0.05
0 0.22091867071881605 0.6553757047216349 0.05 0.05
0 0.27641549947145877 0.7547414552501761 0.05 0.05
0 0.5507283958773785 0.8667921952078927 0.05 0.05
0 0.6664789244186047 0.8879338442565187 0.05 0.05
