0 0.09267036704312116 0.4777699349760438 0.05 0.05
0 0.04544244096509241 0.48461456194387414 0.05 0.05
0 0.0721364861396304 0.5667500855578371 0.05 0.05
0 0.115257636036961 0.5749636379192336 0.05 0.05
0 0.22408720482546207 0.776195670773443 0.05 0.05
0 0.4797340220739221 0.6269828028747433 0.05 0.05
0 0.4941077387063656 0.5927596680355921 0.05 0.05
0 0.49924120893223833 0.5448472792607804 0.05 0.05
0 0.4479065066735114 0.535264801505818 0.05 0.05
0 0.4129989091375771 0.4941970396988365 0.05 0.05
0 0.36269090092402473 0.509255219028063 0.05 0.05
0 0.7672083547227928 0.39837226214921295 0.05 0.05
0 0.7805553773100617 0.4175372176591376 0.05 0.05
0 0.7302473690965093 0.3928965605749487 0.05 0.05
0 0.7312740631416839 0.3039164099931554 0.05 0.05
0 0.8226498331622178 0.2970717830253252 0.05 0.05
0 0.9520132828542096 0.7898849247091034 0.05 0.05
0 0.5433890528747434 0.4750320841889117 0.05 0.05
0 0.43866626026694056 0.2258876625598905 0.05 0.05
0 0.4520132828542095 0.21356733401779604 0.05 0.05
0 0.3359968557494867 0.1615481690622861 0.05 0.05
0 0.2856888475359344 0.18071312457221086 0.05 0.05
0 0.25488802618069817 0.18345097535934302 0.05 0.05
0 0.18712621919917866 0.17523742299794662 0.05 0.05
0 0.20355332392197129 0.07393694387405887 0.05 0.05
0 0.27542190708418895 0.09857760095824777 0.05 0.05
0 0.29082231776180706 0.09310189938398353 0.05 0.05
0 0.5546826873716634 0.1902956023271732 0.05 0.05
