0 0.09575044917864478 0.5530608316221766 0.05 0.05
0 0.025935254106776197 0.6132935489390829 0.05 0.05
0 0.005401373203285431 0.6091867727583847 0.05 0.05
0 0.21587365246406573 0.6913222963723478 0.05 0.05
0 0.4684403875770021 0.6187692505133471 0.05 0.05
0 0.4910276565708419 0.5941285934291581 0.05 0.05
0 0.5002679029774127 0.5434783538672143 0.05 0.05
0 0.45406667094455855 0.5297890999315538 0.05 0.05
0 0.5382555826488706 0.4777699349760438 0.05 0.05
0 0.615257636036961 0.5256823237508556 0.05 0.05
0 0.7702884368583163 0.6488856091718003 0.05 0.05
0 0.7261405929158112 0.3682559034907598 0.05 0.05
0 0.6984198536960987 0.27790682751540047 0.05 0.05
0 0.6727525025667351 0.28885823066392885 0.05 0.05
0 0.6717258085215606 0.24779046885694728 0.05 0.05
0 0.6450317633470226 0.32992599247091037 0.05 0.05
0 0.855504042607803 0.30254748459958936 0.05 0.05
0 0.5505759111909652 0.18071312457221086 0.05 0.05
0 0.4592001411704313 0.20672270704996573 0.05 0.05
0 0.4458531185831623 0.22041196098562638 0.05 0.05
0 0.2815820713552362 0.14238321355236133 0.05 0.05
0 0.25488802618069817 0.13416966119096507 0.05 0.05
0 0.21690034650924028 0.16017924366872005 0.05 0.05
0 0.1984198536960986 0.13143181040383295 0.05 0.05
0 0.19225968942505137 0.07256801848049281 0.05 0.05
0 0.27644860112936354 0.09994652635181384 0.05 0.05
0 0.29184901180698153 0.09857760095824777 0.05 0.05
