0 0.04441952549947429 0.5143609796705225 0.05 0.05
0 0.1253869282334385 0.43023900280406624 0.05 0.05
0 0.18427231203995792 0.4414552663862603 0.05 0.05
0 0.26839428890641426 0.4176207062740977 0.05 0.05
0 0.18427231203995792 0.7723350420609887 0.05 0.05
0 0.3577738893270241 0.3334987294076413 0.05 0.05
0 0.3893196306519452 0.34331296004206124 0.05 0.05
0 0.3924742047844373 0.31527230108657583 0.05 0.05
0 0.3956287789169294 0.5059487819838768 0.05 0.05
0 0.41245317429022066 0.5255772432527166 0.05 0.05
0 0.41771079784437426 0.4835162548194885 0.05 0.05
0 0.5060388735541533 0.5353914738871366 0.05 0.05
0 0.5470483372765508 0.5297833420960394 0.05 0.05
0 0.5617696832281807 0.5003406501927797 0.05 0.05
0 0.5470483372765508 0.4765060900806172 0.05 0.05
0 0.6217065917455308 0.6545642744479497 0.05 0.05
0 0.6995194203470029 0.6587703732912725 0.05 0.05
0 0.898257590694006 0.7204598229933405 0.05 0.05
0 0.9066697883806516 0.4106105415352263 0.05 0.05
0 0.8067749408517347 0.4274349369085177 0.05 0.05
0 0.7605078535751837 0.38817801437083804 0.05 0.05
0 0.7226529639852785 0.3951881791097094 0.05 0.05
0 0.6890041732386958 0.4021983438485807 0.05 0.05
0 0.8604027011041004 0.24236658780231365 0.05 0.05
0 0.887742343585699 0.24657268664563645 0.05 0.05
0 0.6343248882754993 0.12459582018927477 0.05 0.05
0 0.663767580178759 0.12319378724150051 0.05 0.05
0 0.44820501445846467 0.21011983000350534 0.05 0.05
0 0.3346403456887486 0.15824461093585734 0.05 0.05
0 0.308352227917981 0.18207917104801996 0.05 0.05
0 0.2578790417981072 0.19750153347353697 0.05 0.05
0 0.21266347923238693 0.1806771381002457 0.05 0.05
0 0.23579702287066243 0.10496735892043496 0.05 0.05
0 0.21371500394321763 0.09375109533824073 0.05 0.05
0 0.21897262749737118 0.05169010690501257 0.05 0.05
0 0.27575496188222914 0.10496735892043496 0.05 0.05
0 0.2641881900630914 0.08393686470382088 0.05 0.05
0 0.2915278325446897 0.09795719418156364 0.05 0.05
0 0.33148577155625647 0.09795719418156364 0.05 0.05
0 0.3619799881703469 0.09234906239046646 0.05 0.05
0 0.34831016692954775 0.09655516123378938 0.05 0.05
