0 0.19724104020979016 0.131286421911422 0.05 0.05
0 0.23133194930069928 0.08758012820512823 0.05 0.05
0 0.24706621503496504 0.08233537296037288 0.05 0.05
0 0.23788789335664337 0.10681089743589732 0.05 0.05
0 0.27197880244755246 0.09457313519813511 0.05 0.05
0 0.282468312937063 0.09632138694638688 0.05 0.05
0 0.30869208916083923 0.09107663170163166 0.05 0.05
0 0.34409418706293715 0.08932837995337989 0.05 0.05
0 0.3454053758741259 0.07534236596736589 0.05 0.05
0 0.35458369755244756 0.08932837995337989 0.05 0.05
0 0.3467165646853147 0.15051719114219111 0.05 0.05
0 0.3178704108391609 0.15401369463869466 0.05 0.05
0 0.26017810314685313 0.19072698135198132 0.05 0.05
0 0.24706621503496504 0.1994682400932401 0.05 0.05
0 0.21690887237762238 0.2536640442890442 0.05 0.05
0 0.2706676136363636 0.19597173659673656 0.05 0.05
0 0.31655922202797204 0.19597173659673656 0.05 0.05
0 0.35196131993006996 0.21869900932400935 0.05 0.05
0 0.3834298513986015 0.20820949883449877 0.05 0.05
0 0.43718859265734267 0.20296474358974356 0.05 0.05
0 0.45161166958041965 0.2064612470862471 0.05 0.05
0 0.3008249562937063 0.20121649184149176 0.05 0.05
0 0.11332495629370629 0.38128642191142187 0.05 0.05
0 0.19592985139860142 0.3882794289044289 0.05 0.05
0 0.25493334790209793 0.3900276806526807 0.05 0.05
0 0.2864018793706294 0.40751019813519823 0.05 0.05
0 0.2837795017482518 0.43198572261072266 0.05 0.05
0 0.22215362762237761 0.4354822261072261 0.05 0.05
0 0.22346481643356647 0.7204472610722611 0.05 0.05
0 0.25755572552447553 0.7571605477855479 0.05 0.05
0 0.30344733391608397 0.7711465617715618 0.05 0.05
0 0.4607899912587413 0.5368808275058276 0.05 0.05
0 0.5197934877622379 0.547370337995338 0.05 0.05
0 0.5473284527972029 0.47744026806526807 0.05 0.05
0 0.5774857954545455 0.6575101981351982 0.05 0.05
0 0.6141990821678321 0.6190486596736596 0.05 0.05
0 0.747940340909091 0.4302374708624709 0.05 0.05
0 0.8266116695804197 0.4424752331002331 0.05 0.05
0 0.8921711101398604 0.26590180652680645 0.05 0.05
0 0.8069438374125875 0.22044726107226112 0.05 0.05
0 0.8003878933566435 0.17324446386946377 0.05 0.05
0 0.747940340909091 0.227440268065268 0.05 0.05
0 0.705982298951049 0.1592584498834499 0.05 0.05
0 0.5984648164335665 0.18548222610722612 0.05 0.05
0 0.5683074737762238 0.15401369463869466 0.05 0.05
0 0.6128878933566435 0.1784892191142191 0.05 0.05
0 0.6469788024475525 0.16275495337995333 0.05 0.05
0 0.7112270541958043 0.09457313519813511 0.05 0.05
