0 0.0507286737644585 0.7190577900455662 0.05 0.05
0 0.011822259463722451 0.7765411409043115 0.05 0.05
0 0.0023585370662461136 0.6826049334034352 0.05 0.05
0 0.060192396161934836 0.6181114178058187 0.05 0.05
0 0.0812228903785489 0.5339894409393623 0.05 0.05
0 0.08963508806519456 0.7485004819488259 0.05 0.05
0 0.11382015641430074 0.7485004819488259 0.05 0.05
0 0.11171710699263933 0.7835513056431828 0.05 0.05
0 0.17375706493165088 0.8957139414651246 0.05 0.05
0 0.3073007032071503 0.7779431738520857 0.05 0.05
0 0.5260178430599367 0.7961696021731512 0.05 0.05
0 0.4345351932176655 0.5185670785138453 0.05 0.05
0 0.4040409766035751 0.5255772432527166 0.05 0.05
0 0.3914226800736066 0.5045467490361025 0.05 0.05
0 0.45135958859095676 0.5522158692604279 0.05 0.05
0 0.5133995465299683 0.5339894409393623 0.05 0.05
0 0.5470483372765508 0.5185670785138453 0.05 0.05
0 0.5617696832281807 0.49753658429723124 0.05 0.05
0 0.5302239419032595 0.4512694970206802 0.05 0.05
0 0.6490462342271291 0.6685846039256924 0.05 0.05
0 0.7478895570452153 0.5648341657903962 0.05 0.05
0 0.76997157597266 0.2563869172800563 0.05 0.05
0 0.8183417126708725 0.1750690063091485 0.05 0.05
0 0.56071815851735 0.18207917104801996 0.05 0.05
0 0.4450504403259726 0.19609950052576272 0.05 0.05
0 0.290476307833859 0.19329543463021417 0.05 0.05
0 0.26944581361724496 0.1834812039957942 0.05 0.05
0 0.19478755914826493 0.31527230108657583 0.05 0.05
0 0.19058146030494214 0.23255235716789383 0.05 0.05
0 0.2063543309674027 0.09795719418156364 0.05 0.05
0 0.24841531940063083 0.10496735892043496 0.05 0.05
0 0.2946824066771818 0.09515312828601499 0.05 0.05
0 0.27680648659305984 0.09655516123378938 0.05 0.05
0 0.32202204915878013 0.10636939186820922 0.05 0.05
0 0.354619315194532 0.08253483175604662 0.05 0.05
0 0.2810125854363827 0.04327790921836699 0.05 0.05
0 0.3051976537854889 0.04187587627059273 0.05 0.05
0 0.41981384726603566 0.044679942166141254 0.05 0.05
0 0.3987833530494215 0.04748400806168978 0.05 0.05
