0 0.40929860015772856 0.5255772432527166 0.05 0.05
0 0.4050925013144058 0.4947325184016827 0.05 0.05
0 0.42401994610935845 0.4765060900806172 0.05 0.05
0 0.5070903982649841 0.5339894409393623 0.05 0.05
0 0.5480998619873815 0.5199691114616196 0.05 0.05
0 0.5649242573606728 0.5045467490361025 0.05 0.05
0 0.5459968125657201 0.4694959253417457 0.05 0.05
0 0.4765961816508937 0.6769968016123381 0.05 0.05
0 0.45872026156677165 0.640543944970207 0.05 0.05
0 0.023389031282860195 0.7611187784787944 0.05 0.05
0 0.08858356335436383 0.5199691114616196 0.05 0.05
0 0.19899365799158777 0.29424180686996165 0.05 0.05
0 0.2263333004731861 0.30826213634770455 0.05 0.05
0 0.33043424684542577 0.22554219242902238 0.05 0.05
0 0.25577599237644577 0.2241401594812481 0.05 0.05
0 0.2589305665089379 0.17086290746582572 0.05 0.05
0 0.27890953601472124 0.33490076235541555 0.05 0.05
0 0.3556708399053627 0.22834625832457103 0.05 0.05
0 0.3251766232912722 0.19329543463021417 0.05 0.05
0 0.2946824066771818 0.1119775236593064 0.05 0.05
0 0.27680648659305984 0.09234906239046646 0.05 0.05
0 0.290476307833859 0.08533889765159515 0.05 0.05
0 0.2831156348580441 0.06150433753943254 0.05 0.05
0 0.21476652865404833 0.06991653522607813 0.05 0.05
0 0.6795404508412195 0.30686010339993014 0.05 0.05
0 0.7447349829127232 0.264799114966702 0.05 0.05
0 0.7363227852260775 0.28723164213109037 0.05 0.05
0 0.7825898725026286 0.2704072467577992 0.05 0.05
0 0.9255972331756042 0.4582796617595516 0.05 0.05
0 0.9928948146687695 0.7751391079565372 0.05 0.05
0 0.6196035423238694 0.06430840343498107 0.05 0.05
0 0.45661721214511025 0.20170763231685976 0.05 0.05
