0 0.2732442521141649 0.086665345313601 0.05 0.05
0 0.2811723705073996 0.09512200493305123 0.05 0.05
0 0.2938573599365751 0.09089367512332605 0.05 0.05
0 0.33508357558139534 0.08666534531360087 0.05 0.05
0 0.35569668340380556 0.08032285059901317 0.05 0.05
0 0.2510455206131078 0.12894864341085252 0.05 0.05
0 0.21457617600422835 0.19871608527131765 0.05 0.05
0 0.25421676797040166 0.19871608527131765 0.05 0.05
0 0.25421676797040166 0.22408606412966858 0.05 0.05
0 0.18762057346723043 0.27905435165609566 0.05 0.05
0 0.295442983615222 0.24311354827343182 0.05 0.05
0 0.2906861125792812 0.27271185694150796 0.05 0.05
0 0.32556983350951374 0.22831439393939376 0.05 0.05
0 0.33666919926004224 0.21774356941508088 0.05 0.05
0 0.34301169397463005 0.287511011275546 0.05 0.05
0 0.5475571485200846 0.47355752290345293 0.05 0.05
0 0.36045355443974636 0.5327541402396052 0.05 0.05
0 0.40485101744186053 0.5475532945736432 0.05 0.05
0 0.25421676797040166 0.5116124911909794 0.05 0.05
0 0.2986142309725158 0.46721502818886523 0.05 0.05
0 0.22091867071881605 0.46510086328400274 0.05 0.05
0 0.11943875528541223 0.7631981148696264 0.05 0.05
0 0.19871993921775896 0.7526272903453134 0.05 0.05
0 0.27324425211416487 0.7441706307258632 0.05 0.05
0 0.21457617600422835 0.9281029774489077 0.05 0.05
0 0.2986142309725158 0.8815913495419309 0.05 0.05
0 0.804428184460888 0.5496674594785059 0.05 0.05
0 0.8345550343551797 0.5390966349541929 0.05 0.05
0 0.8900518631078226 0.5369824700493304 0.05 0.05
0 0.8630962605708247 0.6109782417195206 0.05 0.05
0 0.9360349497885837 0.6025215821000703 0.05 0.05
0 0.6236670850951376 0.14374779774489058 0.05 0.05
0 0.5935402352008458 0.15220445736434082 0.05 0.05
