0 0.2599820912197686 0.7625208114265687 0.05 0.05
0 0.3251766232912722 0.7667269102698915 0.05 0.05
0 0.3893196306519452 0.8186021293375396 0.05 0.05
0 0.3987833530494215 0.7835513056431828 0.05 0.05
0 0.006564635909568928 0.5367935068349109 0.05 0.05
0 0.24210617113564664 0.4218268051174205 0.05 0.05
0 0.22423025105152466 0.3825698825797409 0.05 0.05
0 0.2936308819663511 0.43023900280406624 0.05 0.05
0 0.34620711750788635 0.3615393883631268 0.05 0.05
0 0.21476652865404833 0.26760318086225054 0.05 0.05
0 0.24631226997896943 0.29143774097441316 0.05 0.05
0 0.22843634989484748 0.23535642306344234 0.05 0.05
0 0.19689060856992638 0.1750690063091485 0.05 0.05
0 0.27680648659305984 0.2199340606379253 0.05 0.05
0 0.3409494939537328 0.2241401594812481 0.05 0.05
0 0.3882681059411145 0.23956252190676514 0.05 0.05
0 0.40929860015772856 0.5297833420960394 0.05 0.05
0 0.3966803036277601 0.5087528478794253 0.05 0.05
0 0.41876232255520496 0.4779081230283914 0.05 0.05
0 0.5049873488433226 0.5339894409393623 0.05 0.05
0 0.5480998619873815 0.5199691114616196 0.05 0.05
0 0.5638727326498421 0.496134551349457 0.05 0.05
0 0.5396876643007359 0.47089795828951997 0.05 0.05
0 0.7478895570452153 0.28723164213109037 0.05 0.05
0 0.6679736790220818 0.25077878548895927 0.05 0.05
0 0.6700767284437432 0.17086290746582572 0.05 0.05
0 0.6963648462145108 0.18207917104801996 0.05 0.05
0 0.7394773593585697 0.21853202769015106 0.05 0.05
0 0.8162386632492111 0.22834625832457103 0.05 0.05
0 0.8330630586225023 0.31667433403435014 0.05 0.05
0 0.45346263801261816 0.19890356642131124 0.05 0.05
0 0.3051976537854889 0.14282224851034034 0.05 0.05
0 0.29678545609884327 0.15964664388363162 0.05 0.05
0 0.19163298501577283 0.13441005082369462 0.05 0.05
0 0.2031997568349106 0.07412263406940103 0.05 0.05
0 0.22212720162986327 0.07832873291272383 0.05 0.05
0 0.21476652865404833 0.04187587627059273 0.05 0.05
0 0.18847841088328074 0.04047384332281846 0.05 0.05
0 0.27680648659305984 0.09935922712933791 0.05 0.05
0 0.28837325841219763 0.08674093059936941 0.05 0.05
0 0.5554605349631965 0.20310966526463403 0.05 0.05
