0 0.1759252039347409 0.742244481765835 0.05 0.05
0 0.20375629798464495 0.7217710332693539 0.05 0.05
0 0.12506148032629558 0.48504678502879084 0.05 0.05
0 0.16248950335892517 0.48504678502879084 0.05 0.05
0 0.15001349568138198 0.3519693698016634 0.05 0.05
0 0.19415936900191944 0.33277551183621246 0.05 0.05
0 0.2085547624760077 0.3609265035188739 0.05 0.05
0 0.24022462811900197 0.362206094049904 0.05 0.05
0 0.2776526511516315 0.36348568458093405 0.05 0.05
0 0.3755413267754319 0.2943877959053103 0.05 0.05
0 0.4158484285028791 0.2879898432501599 0.05 0.05
0 0.4321632077735125 0.2649572136916187 0.05 0.05
0 0.4446392154510558 0.21761236404350606 0.05 0.05
0 0.4120096569097889 0.48504678502879084 0.05 0.05
0 0.3956948776391555 0.505520233525272 0.05 0.05
0 0.41296934980806144 0.5221549104286628 0.05 0.05
0 0.5137371041266795 0.5157569577735124 0.05 0.05
0 0.5386891194817659 0.4658529270633397 0.05 0.05
0 0.7603781789827256 0.3826795425463852 0.05 0.05
0 0.6903205974088292 0.15619201855406264 0.05 0.05
0 0.6711267394433782 0.11524512156110044 0.05 0.05
0 0.7622975647792708 0.15619201855406264 0.05 0.05
0 0.7728541866602687 0.11140634996801022 0.05 0.05
0 0.2536603286948177 0.15747160908509272 0.05 0.05
0 0.2805317298464492 0.11396553103007037 0.05 0.05
0 0.3112419025911709 0.09733085412667937 0.05 0.05
0 0.34099238243762003 0.1011696257197696 0.05 0.05
0 0.18456244001919392 0.07429822456813812 0.05 0.05
0 0.2584587931861805 0.11396553103007037 0.05 0.05
0 0.35922654750479854 0.03974928023032618 0.05 0.05
0 0.34003268953934745 0.03974928023032618 0.05 0.05
