0 0.2143781641755063 0.24131810511089688 0.05 0.05
0 0.27705897420443587 0.23103202346512386 0.05 0.05
0 0.24620072926711672 0.4817552635808422 0.05 0.05
0 0.17966263862102216 0.5023274268723884 0.05 0.05
0 0.06297989995178399 0.546043273866924 0.05 0.05
0 0.016692532545805206 0.5704727177756349 0.05 0.05
0 0.25102233003857277 0.780051631308261 0.05 0.05
0 0.28670217574734813 0.7569079476052717 0.05 0.05
0 0.37156234932497584 0.780051631308261 0.05 0.05
0 0.4101351554966248 0.528042630986821 0.05 0.05
0 0.39567035318225646 0.5023274268723884 0.05 0.05
0 0.4429220407425265 0.5846160800385729 0.05 0.05
0 0.4429220407425265 0.6463325699132112 0.05 0.05
0 0.49788828953712627 0.531899911603986 0.05 0.05
0 0.5509258980231436 0.4701834217293475 0.05 0.05
0 0.6087851072806172 0.5306141513982643 0.05 0.05
0 0.6174639886692381 0.27860515107682426 0.05 0.05
0 0.6627870359209258 0.2940342735454839 0.05 0.05
0 0.6946096010125362 0.29017699292831883 0.05 0.05
0 0.7495758498071359 0.25546146737383485 0.05 0.05
0 0.745718569189971 0.21431714079074263 0.05 0.05
0 0.7553617707328832 0.18860193667630984 0.05 0.05
0 0.8112923396817744 0.1924592172934748 0.05 0.05
0 0.7891129761330762 0.3274640388942463 0.05 0.05
0 0.3387754640790742 0.17317281420765032 0.05 0.05
0 0.4506366019768563 0.20917409996785613 0.05 0.05
0 0.28573785559305687 0.09602720186435233 0.05 0.05
0 0.3108101796046287 0.09731296207007402 0.05 0.05
0 0.33588250361620064 0.09731296207007402 0.05 0.05
