0 0.2719561133879781 0.07845514571949022 0.05 0.05
0 0.31430584016393454 0.09667008196721305 0.05 0.05
0 0.2596610314207651 0.1130635245901639 0.05 0.05
0 0.28151895491803286 0.14402891621129327 0.05 0.05
0 0.2992785177595629 0.14220742258652094 0.05 0.05
0 0.24326758879781427 0.17863729508196718 0.05 0.05
0 0.22277578551912575 0.18410177595628407 0.05 0.05
0 0.18452441939890715 0.2314606102003643 0.05 0.05
0 0.25692879098360655 0.19503073770491805 0.05 0.05
0 0.293814036885246 0.2332821038251365 0.05 0.05
0 0.35938780737704923 0.2132456739526411 0.05 0.05
0 0.43589053961748636 0.22235314207650275 0.05 0.05
0 0.44955174180327884 0.21142418032786878 0.05 0.05
0 0.4591145833333334 0.20960268670309645 0.05 0.05
0 0.3539233265027323 0.3498576958105647 0.05 0.05
0 0.293814036885246 0.39539503642987245 0.05 0.05
0 0.19955174180327875 0.4300034153005465 0.05 0.05
0 0.04381403688524595 0.5083276411657559 0.05 0.05
0 0.09299436475409842 0.5338285519125684 0.05 0.05
0 0.016491632513661238 0.5593294626593808 0.05 0.05
0 0.23233862704918037 0.6759050546448088 0.05 0.05
0 0.2897156762295082 0.5520434881602915 0.05 0.05
0 0.39080857240437167 0.4992201730418943 0.05 0.05
0 0.41130037568306027 0.5228995901639344 0.05 0.05
0 0.2897156762295082 0.7924806466302369 0.05 0.05
0 0.34982496584699463 0.7979451275045537 0.05 0.05
0 0.37304900956284165 0.7779086976320584 0.05 0.05
0 0.40856813524590174 0.7505862932604737 0.05 0.05
0 0.5533768784153006 0.5174351092896176 0.05 0.05
0 0.5738686816939891 0.4901127049180328 0.05 0.05
0 0.5424479166666668 0.46643328779599263 0.05 0.05
0 0.6039233265027324 0.34621470856102005 0.05 0.05
0 0.6927211407103826 0.36442964480874307 0.05 0.05
0 0.7227757855191257 0.34075022768670304 0.05 0.05
0 0.6899889002732241 0.2132456739526411 0.05 0.05
0 0.724141905737705 0.1986737249544627 0.05 0.05
0 0.7719561133879782 0.44093237704918026 0.05 0.05
0 0.8170380806010928 0.43364640255009107 0.05 0.05
0 0.8785134904371585 0.4646117941712204 0.05 0.05
