0 0.21457617600422835 0.12894864341085252 0.05 0.05
0 0.23677490750528546 0.12472031360112736 0.05 0.05
0 0.27007300475687107 0.09300784002818858 0.05 0.05
0 0.2795867468287526 0.09300784002818858 0.05 0.05
0 0.2891004889006343 0.08877951021846352 0.05 0.05
0 0.33666919926004224 0.09089367512332605 0.05 0.05
0 0.35569668340380556 0.09512200493305123 0.05 0.05
0 0.23518928382663845 0.22408606412966858 0.05 0.05
0 0.2589736390063425 0.2304285588442563 0.05 0.05
0 0.36203917811839326 0.22831439393939376 0.05 0.05
0 0.6078108483086682 0.15854695207892863 0.05 0.05
0 0.6252527087737845 0.16066111698379118 0.05 0.05
0 0.6522083113107823 0.14374779774489058 0.05 0.05
0 0.6823351612050741 0.14586196264975312 0.05 0.05
0 0.6759926664904864 0.17334610641296672 0.05 0.05
0 0.6458658165961946 0.23888521846370664 0.05 0.05
0 0.6759926664904864 0.23888521846370664 0.05 0.05
0 0.7283182478858352 0.23888521846370664 0.05 0.05
0 0.75685947410148 0.22831439393939376 0.05 0.05
0 0.8012569371035942 0.20294441508104283 0.05 0.05
0 0.6981913979915435 0.4207034002818884 0.05 0.05
0 0.9947030258985203 0.8097097427766031 0.05 0.05
0 0.5428002774841438 0.47567168780831554 0.05 0.05
0 0.1907918208245243 0.7420564658210006 0.05 0.05
