0 0.1279405590211132 0.4709712891874601 0.05 0.05
0 0.30452405230326296 0.9495381477927064 0.05 0.05
0 0.5022207893474089 0.888117802303263 0.05 0.05
0 0.4446392154510558 0.834375 0.05 0.05
0 0.6039482365642994 0.8330954094689699 0.05 0.05
0 0.5060595609404991 0.5426283589251439 0.05 0.05
0 0.5463666626679463 0.5272732725527831 0.05 0.05
0 0.5617217490403072 0.5029610524632118 0.05 0.05
0 0.5454069697696737 0.4799284229046705 0.05 0.05
0 0.4072111924184261 0.525993682021753 0.05 0.05
0 0.3976142634357006 0.506799824056302 0.05 0.05
0 0.41104996401151633 0.48376719449776073 0.05 0.05
0 0.6260211732245682 0.3724428182981446 0.05 0.05
0 0.675925203934741 0.3570877319257837 0.05 0.05
0 0.7114338411708254 0.32765714971209214 0.05 0.05
0 0.7306276991362765 0.30206533909149064 0.05 0.05
0 0.7584587931861806 0.308463291746641 0.05 0.05
0 0.7690154150671786 0.36860404670505437 0.05 0.05
0 0.6183436300383878 0.10372880678182976 0.05 0.05
0 0.3937754918426104 0.2048164587332053 0.05 0.05
0 0.45231675863723614 0.21249400191938578 0.05 0.05
0 0.36402501199616133 0.1792246481126039 0.05 0.05
0 0.33811330374280235 0.1843430102367242 0.05 0.05
0 0.2853301943378119 0.17026751439539348 0.05 0.05
0 0.2661363363723609 0.15747160908509272 0.05 0.05
0 0.2267889275431862 0.1523532469609724 0.05 0.05
0 0.19799814059500961 0.1126859404990403 0.05 0.05
0 0.1884012116122841 0.06790027191298785 0.05 0.05
0 0.24310370681381963 0.08453494881637873 0.05 0.05
0 0.2670960292706334 0.09989003518873953 0.05 0.05
0 0.2882092730326296 0.09605126359564929 0.05 0.05
0 0.30548374520153554 0.07173904350607797 0.05 0.05
0 0.32755668186180426 0.08197576775431857 0.05 0.05
0 0.34675053982725534 0.07685740563019827 0.05 0.05
0 0.36402501199616133 0.08453494881637873 0.05 0.05
0 0.3985739563339732 0.04358805182341641 0.05 0.05
