0 0.3335888209779179 0.7709330091132143 0.05 0.05
0 0.393525729495268 0.800375701016474 0.05 0.05
0 0.42507147082018915 0.7583147125832459 0.05 0.05
0 0.7058285686119871 0.892909875569576 0.05 0.05
0 0.78469292192429 0.9658155888538381 0.05 0.05
0 0.8425267810199788 0.9574033911671925 0.05 0.05
0 0.9014121648264982 0.9461871275849983 0.05 0.05
0 0.7825898725026286 0.5858646600070103 0.05 0.05
0 0.7079316180336486 0.6601724062390468 0.05 0.05
0 0.5523059608307043 0.5213711444093938 0.05 0.05
0 0.5554605349631965 0.4989386172450055 0.05 0.05
0 0.5438937631440587 0.4722999912372944 0.05 0.05
0 0.514451071240799 0.5367935068349109 0.05 0.05
0 0.4797507557833858 0.6391419120224328 0.05 0.05
0 0.41455622371188217 0.5283813091482652 0.05 0.05
0 0.3987833530494215 0.5073508149316511 0.05 0.05
0 0.41455622371188217 0.48071218892393996 0.05 0.05
0 0.18111773790746583 0.38958004731861234 0.05 0.05
0 0.10120185988433231 0.5339894409393623 0.05 0.05
0 0.21686957807570972 0.15263647914476028 0.05 0.05
0 0.22843634989484748 0.16525477567472865 0.05 0.05
0 0.21371500394321763 0.06851450227830386 0.05 0.05
0 0.2641881900630914 0.10636939186820922 0.05 0.05
0 0.27785801130389054 0.09515312828601499 0.05 0.05
0 0.290476307833859 0.08674093059936941 0.05 0.05
0 0.2852186842797055 0.0671124693305296 0.05 0.05
0 0.674282827287066 0.08253483175604662 0.05 0.05
0 0.6069852457939009 0.1035653259726607 0.05 0.05
0 0.5985730481072553 0.11478158955485493 0.05 0.05
0 0.5628212079390114 0.1400181826147918 0.05 0.05
0 0.44925653916929537 0.20170763231685976 0.05 0.05
0 0.18952993559411144 0.04047384332281846 0.05 0.05
