0 0.16920735364683304 0.37500199936020473 0.05 0.05
0 0.18744151871401155 0.17282669545745363 0.05 0.05
0 0.24022462811900197 0.1792246481126039 0.05 0.05
0 0.21719199856046068 0.12676143634037101 0.05 0.05
0 0.1960787547984645 0.08197576775431857 0.05 0.05
0 0.21815169145873323 0.03974928023032618 0.05 0.05
0 0.29588681621881 0.09349208253358915 0.05 0.05
0 0.3457908469289828 0.09477167306461923 0.05 0.05
0 0.36018624040307107 0.08709412987843888 0.05 0.05
0 0.4455989083493283 0.20865523032629554 0.05 0.05
0 0.4158484285028791 0.4799284229046705 0.05 0.05
0 0.3918561060460653 0.5029610524632118 0.05 0.05
0 0.413929042706334 0.5272732725527831 0.05 0.05
0 0.5060595609404991 0.5336712252079335 0.05 0.05
0 0.5492457413627639 0.5221549104286628 0.05 0.05
0 0.5588426703454895 0.4914447376839411 0.05 0.05
0 0.5242937260076777 0.47097128918746 0.05 0.05
0 0.3006852807101728 0.8087831893793986 0.05 0.05
0 0.7200710772552784 0.1587511996161228 0.05 0.05
