0 0.20471599088291753 0.17282669545745363 0.05 0.05
0 0.1884012116122841 0.0602227287268074 0.05 0.05
0 0.222950155950096 0.07173904350607797 0.05 0.05
0 0.1432956453934741 0.614285428662828 0.05 0.05
0 0.01949526151631479 0.742244481765835 0.05 0.05
0 0.24598278550863725 0.7575995681381957 0.05 0.05
0 0.413929042706334 0.5195957293666027 0.05 0.05
0 0.403372420825336 0.4927243282149712 0.05 0.05
0 0.4216065858925145 0.4824876039667307 0.05 0.05
0 0.5204549544145874 0.5298324536148432 0.05 0.05
0 0.5492457413627639 0.5170365483045425 0.05 0.05
0 0.5607620561420347 0.49016514715291104 0.05 0.05
0 0.5530845129558541 0.4645733365323096 0.05 0.05
0 0.721030770153551 0.1536328374920025 0.05 0.05
0 0.4446392154510558 0.20353686820217523 0.05 0.05
0 0.3457908469289828 0.10500839731285984 0.05 0.05
0 0.3083628238963532 0.09605126359564929 0.05 0.05
0 0.36114593330134365 0.08325535828534865 0.05 0.05
