0 0.251569893533123 0.939176962846127 0.05 0.05
0 0.17796316377497368 0.9686196547493867 0.05 0.05
0 0.3125583267613038 0.7765411409043115 0.05 0.05
0 0.34936169164037845 0.8200041622853138 0.05 0.05
0 0.40824707544689787 0.794767569225377 0.05 0.05
0 0.2273848251840168 0.34892109183315845 0.05 0.05
0 0.1516750460042061 0.3741576848930952 0.05 0.05
0 0.3893196306519452 0.5031447160883283 0.05 0.05
0 0.40614402602523647 0.5297833420960394 0.05 0.05
0 0.44084434148264967 0.5199691114616196 0.05 0.05
0 0.5133995465299683 0.5381955397826851 0.05 0.05
0 0.5491513866982122 0.5227731773571681 0.05 0.05
0 0.5596666338065193 0.5003406501927797 0.05 0.05
0 0.5417907137223973 0.4694959253417457 0.05 0.05
0 0.798362743165089 0.30265400455660735 0.05 0.05
0 0.3146613761829652 0.17366697336137424 0.05 0.05
0 0.25577599237644577 0.1806771381002457 0.05 0.05
0 0.22948787460567818 0.2129238958990539 0.05 0.05
0 0.19268450972660353 0.12038972134595198 0.05 0.05
0 0.19899365799158777 0.08533889765159515 0.05 0.05
0 0.21686957807570972 0.08113279880827236 0.05 0.05
0 0.24315769584647734 0.0713185681738525 0.05 0.05
0 0.2641881900630914 0.06430840343498107 0.05 0.05
0 0.2810125854363827 0.08814296354714367 0.05 0.05
0 0.45766873685594095 0.20310966526463403 0.05 0.05
0 0.5638727326498421 0.19329543463021417 0.05 0.05
0 0.19899365799158777 0.039071810375044196 0.05 0.05
