0 0.21897262749737118 0.7709330091132143 0.05 0.05
0 0.016028358307045264 0.6279256484402385 0.05 0.05
0 0.031801228969505824 0.5045467490361025 0.05 0.05
0 0.5796456033123026 0.9503932264283211 0.05 0.05
0 0.7173953404311249 0.944785094637224 0.05 0.05
0 0.7941566443217662 0.9461871275849983 0.05 0.05
0 0.19478755914826493 0.29984993866105886 0.05 0.05
0 0.24105464642481592 0.29564383981773595 0.05 0.05
0 0.24210617113564664 0.25077878548895927 0.05 0.05
0 0.22212720162986327 0.2199340606379253 0.05 0.05
0 0.21056042981072554 0.11478158955485493 0.05 0.05
0 0.18952993559411144 0.08113279880827236 0.05 0.05
0 0.2589305665089379 0.10636939186820922 0.05 0.05
0 0.2915278325446897 0.10636939186820922 0.05 0.05
0 0.2915278325446897 0.08954499649491794 0.05 0.05
0 0.3840620070977917 0.5087528478794253 0.05 0.05
0 0.4050925013144058 0.5241752103049424 0.05 0.05
0 0.439792816771819 0.517165045566071 0.05 0.05
0 0.5070903982649841 0.5297833420960394 0.05 0.05
0 0.5417907137223973 0.5213711444093938 0.05 0.05
0 0.56071815851735 0.4989386172450055 0.05 0.05
0 0.5375846148790745 0.4624857606028744 0.05 0.05
0 0.44189586619348037 0.3054580704521559 0.05 0.05
0 0.4303290943743427 0.2774174114966705 0.05 0.05
0 0.41876232255520496 0.25919098317560496 0.05 0.05
0 0.36723761172450037 0.23255235716789383 0.05 0.05
0 0.3356918703995793 0.2521808184367335 0.05 0.05
0 0.29678545609884327 0.25919098317560496 0.05 0.05
0 0.3851135318086224 0.23956252190676514 0.05 0.05
0 0.45766873685594095 0.19750153347353697 0.05 0.05
0 0.6900556979495265 0.14702834735366313 0.05 0.05
0 0.7258075381177705 0.14702834735366313 0.05 0.05
0 0.5617696832281807 0.19189340168243993 0.05 0.05
0 0.20214823212407987 0.05309213985278684 0.05 0.05
