0 0.17688489683301345 0.5042406429942419 0.05 0.05
0 0.3937754918426104 0.5119181861804223 0.05 0.05
0 0.40625149952015366 0.524714091490723 0.05 0.05
0 0.4177678142994242 0.4760896513115803 0.05 0.05
0 0.2498215571017275 0.7703954734484966 0.05 0.05
0 0.5079789467370441 0.5285528630838132 0.05 0.05
0 0.5550038987523993 0.5221549104286628 0.05 0.05
0 0.5617217490403072 0.49784269033909145 0.05 0.05
0 0.5502054342610365 0.47097128918746 0.05 0.05
0 0.7517409428982726 0.5285528630838132 0.05 0.05
0 0.8064434380998081 0.5439079494561739 0.05 0.05
0 0.757499100287908 0.25344089891234794 0.05 0.05
0 0.5924319217850289 0.11140634996801022 0.05 0.05
0 0.4484779870441459 0.20865523032629554 0.05 0.05
0 0.34675053982725534 0.25983885156749836 0.05 0.05
0 0.3083628238963532 0.2419245841330774 0.05 0.05
0 0.28437050143953935 0.2611184420985284 0.05 0.05
0 0.23446647072936666 0.28031230006397956 0.05 0.05
0 0.22199046305182346 0.2841510716570697 0.05 0.05
0 0.1903205974088292 0.1587511996161228 0.05 0.05
0 0.22966800623800387 0.11140634996801022 0.05 0.05
0 0.2392649352207294 0.09349208253358915 0.05 0.05
0 0.2267889275431862 0.08709412987843888 0.05 0.05
0 0.20663537667946258 0.04102887076135626 0.05 0.05
0 0.1903205974088292 0.03974928023032618 0.05 0.05
0 0.2661363363723609 0.11140634996801022 0.05 0.05
0 0.2795720369481766 0.0755778150991682 0.05 0.05
0 0.3064434380998081 0.10500839731285984 0.05 0.05
0 0.33523422504798467 0.07941658669225843 0.05 0.05
0 0.3573071617082534 0.07813699616122835 0.05 0.05
0 0.368823476487524 0.08197576775431857 0.05 0.05
0 0.24790217130518238 0.14851447536788218 0.05 0.05
