0 0.3202256944444445 0.08966600529100527 0.05 0.05
0 0.2507812499999999 0.21665013227513227 0.05 0.05
0 0.18728918650793644 0.2325231481481481 0.05 0.05
0 0.20713045634920624 0.26426917989417986 0.05 0.05
0 0.23292410714285702 0.25368716931216917 0.05 0.05
0 0.28847966269841263 0.20077711640211635 0.05 0.05
0 0.28847966269841263 0.2192956349206348 0.05 0.05
0 0.3341145833333332 0.22987764550264547 0.05 0.05
0 0.43927331349206333 0.24310515873015864 0.05 0.05
0 0.44720982142857135 0.20871362433862425 0.05 0.05
0 0.5424479166666665 0.2113591269841269 0.05 0.05
0 0.5464161706349204 0.10553902116402109 0.05 0.05
0 0.2527653769841269 0.3886078042328042 0.05 0.05
0 0.28649553571428565 0.38596230158730144 0.05 0.05
0 0.008717757936507909 0.539401455026455 0.05 0.05
0 0.06427331349206347 0.5341104497354496 0.05 0.05
0 0.19919394841269836 0.6161210317460316 0.05 0.05
0 0.21308283730158725 0.6558035714285713 0.05 0.05
0 0.3956225198412698 0.5129464285714285 0.05 0.05
0 0.4114955357142856 0.5341104497354496 0.05 0.05
0 0.5682415674603173 0.5235284391534392 0.05 0.05
0 0.5841145833333332 0.5050099206349206 0.05 0.05
0 0.5404637896825395 0.4706183862433862 0.05 0.05
0 0.7289558531746031 0.3436342592592593 0.05 0.05
0 0.7785590277777776 0.3436342592592593 0.05 0.05
0 0.8995907738095236 0.3700892857142856 0.05 0.05
0 0.6952256944444442 0.6610945767195767 0.05 0.05
0 0.8896701388888886 0.9309358465608465 0.05 0.05
0 0.8281622023809521 0.9150628306878306 0.05 0.05
0 0.6892733134920633 0.9362268518518518 0.05 0.05
0 0.6734002976190475 0.8277612433862434 0.05 0.05
0 0.611892361111111 0.9229993386243385 0.05 0.05
0 0.42935267857142845 0.7140046296296295 0.05 0.05
0 0.4432415674603174 0.7378141534391534 0.05 0.05
0 0.3559399801587301 0.8092427248677247 0.05 0.05
0 0.37181299603174595 0.7880787037037036 0.05 0.05
0 0.33014632936507926 0.7827876984126984 0.05 0.05
0 0.28252728174603164 0.7986607142857143 0.05 0.05
