0 0.19871993921775896 0.04861037702607464 0.05 0.05
0 0.2748298757928119 0.09089367512332605 0.05 0.05
0 0.2938573599365751 0.09512200493305123 0.05 0.05
0 0.3081279730443975 0.09512200493305123 0.05 0.05
0 0.33825482293868925 0.09089367512332605 0.05 0.05
0 0.344597317653277 0.07820868569415064 0.05 0.05
0 0.4444916094080339 0.21562940451021836 0.05 0.05
0 0.35886793076109946 0.26214103241719494 0.05 0.05
0 0.25580239164904867 0.26848352713178275 0.05 0.05
0 0.20347681025369982 0.19871608527131765 0.05 0.05
0 0.246288649577167 0.3001960007047214 0.05 0.05
0 0.2447030258985201 0.3911050916138123 0.05 0.05
0 0.2748298757928119 0.39321925651867495 0.05 0.05
0 0.33508357558139534 0.4524158738548272 0.05 0.05
0 0.36996729651162796 0.42916005990133876 0.05 0.05
0 0.09724002378435515 0.5412107998590555 0.05 0.05
0 0.1352949920718816 0.7251431465821 0.05 0.05
0 0.15115122885835094 0.7716547744890767 0.05 0.05
0 0.20189118657505284 0.7357139711064129 0.05 0.05
0 0.45876222251585624 0.5369824700493304 0.05 0.05
0 0.5174302986257928 0.5475532945736432 0.05 0.05
0 0.5443859011627907 0.47355752290345293 0.05 0.05
0 0.5919546115221987 0.7082298273431993 0.05 0.05
0 0.6823351612050741 0.739942300916138 0.05 0.05
0 0.9249355840380551 0.7927964235377025 0.05 0.05
0 0.8932231104651164 0.5200691508104298 0.05 0.05
0 0.8884662394291756 0.27905435165609566 0.05 0.05
0 0.8139419265327696 0.16066111698379118 0.05 0.05
0 0.6537939349894293 0.1860310958421421 0.05 0.05
0 0.610982095665962 0.21562940451021836 0.05 0.05
0 0.6331808271670191 0.12472031360112736 0.05 0.05
