0 0.18544034090909087 0.12079691142191144 0.05 0.05
0 0.20773055069930071 0.2641535547785548 0.05 0.05
0 0.2772235576923077 0.11380390442890445 0.05 0.05
0 0.27591236888111886 0.10156614219114223 0.05 0.05
0 0.282468312937063 0.09981789044289044 0.05 0.05
0 0.310003277972028 0.08583187645687644 0.05 0.05
0 0.3624508304195805 0.07359411421911423 0.05 0.05
0 0.3834298513986015 0.07184586247086244 0.05 0.05
0 0.33622705419580423 0.2064612470862471 0.05 0.05
0 0.3821186625874126 0.1295381701631701 0.05 0.05
0 0.3912969842657343 0.20121649184149176 0.05 0.05
0 0.442433347902098 0.2064612470862471 0.05 0.05
0 0.45030048076923085 0.21520250582750577 0.05 0.05
0 0.16839488636363636 0.4652025058275058 0.05 0.05
0 0.030720061188811165 0.51939831002331 0.05 0.05
0 0.0700557255244755 0.5159018065268065 0.05 0.05
0 0.06612215909090909 0.6382794289044289 0.05 0.05
0 0.09759069055944054 0.6697479603729605 0.05 0.05
0 0.25493334790209793 0.47569201631701635 0.05 0.05
0 0.2903354458041958 0.48618152680652676 0.05 0.05
0 0.2706676136363636 0.7571605477855479 0.05 0.05
0 0.31262565559440564 0.7711465617715618 0.05 0.05
0 0.34802775349650356 0.9319857226107227 0.05 0.05
0 0.4384997814685315 0.7659018065268065 0.05 0.05
0 0.5420836975524477 0.867300407925408 0.05 0.05
0 0.4621011800699302 0.540377331002331 0.05 0.05
0 0.5263494318181818 0.540377331002331 0.05 0.05
0 0.5447060751748252 0.4721955128205128 0.05 0.05
0 0.7177829982517483 0.21170600233100234 0.05 0.05
0 0.7649857954545455 0.22569201631701621 0.05 0.05
0 0.8698809003496505 0.24492278554778554 0.05 0.05
0 0.831856424825175 0.16974796037296033 0.05 0.05
