0 0.22084243881118878 0.11380390442890445 0.05 0.05
0 0.2509997814685315 0.09457313519813511 0.05 0.05
0 0.2772235576923077 0.09282488344988345 0.05 0.05
0 0.3191815996503497 0.09457313519813511 0.05 0.05
0 0.34016062062937064 0.08233537296037288 0.05 0.05
0 0.34933894230769236 0.08058712121212111 0.05 0.05
0 0.30869208916083923 0.08932837995337989 0.05 0.05
0 0.2942690122377623 0.11030740093240089 0.05 0.05
0 0.21297530594405595 0.15751019813519812 0.05 0.05
0 0.21035292832167835 0.18373397435897434 0.05 0.05
0 0.24837740384615387 0.14876893939393934 0.05 0.05
0 0.282468312937063 0.19597173659673656 0.05 0.05
0 0.29558020104895105 0.14527243589743588 0.05 0.05
0 0.3191815996503497 0.1592584498834499 0.05 0.05
0 0.3218039772727273 0.2064612470862471 0.05 0.05
0 0.2287095716783217 0.25191579254079244 0.05 0.05
0 0.2706676136363636 0.23792977855477856 0.05 0.05
0 0.3349158653846154 0.23792977855477856 0.05 0.05
0 0.386052229020979 0.2851325757575758 0.05 0.05
0 0.442433347902098 0.25716054778554776 0.05 0.05
0 0.4450557255244755 0.20820949883449877 0.05 0.05
0 0.45685642482517486 0.21170600233100234 0.05 0.05
0 0.3296711101398601 0.367300407925408 0.05 0.05
0 0.36900677447552455 0.367300407925408 0.05 0.05
0 0.38867460664335673 0.5036640442890443 0.05 0.05
0 0.40309768356643366 0.5298878205128206 0.05 0.05
0 0.45423404720279714 0.5368808275058276 0.05 0.05
0 0.5263494318181818 0.5508668414918415 0.05 0.05
0 0.5696186625874127 0.5141535547785547 0.05 0.05
0 0.5905976835664337 0.4984192890442891 0.05 0.05
0 0.5525732080419582 0.4721955128205128 0.05 0.05
0 0.7453179632867133 0.17674096736596734 0.05 0.05
0 0.7807200611888113 0.17499271561771554 0.05 0.05
0 0.6876256555944057 0.4232444638694639 0.05 0.05
0 0.7636746066433568 0.3952724358974359 0.05 0.05
0 0.8095662150349652 0.4092584498834499 0.05 0.05
0 0.7440067744755247 0.6330346736596737 0.05 0.05
0 0.490947333916084 0.7099577505827507 0.05 0.05
0 0.400475305944056 0.7711465617715618 0.05 0.05
0 0.3191815996503497 0.8026150932400934 0.05 0.05
0 0.3218039772727273 0.7606570512820513 0.05 0.05
