0 0.18216236888111886 0.06660110722610733 0.05 0.05
0 0.21231971153846158 0.06310460372960366 0.05 0.05
0 0.22149803321678324 0.1435241841491841 0.05 0.05
0 0.23854348776223774 0.16275495337995333 0.05 0.05
0 0.31590362762237756 0.19771998834498833 0.05 0.05
0 0.33950502622377626 0.2676500582750582 0.05 0.05
0 0.2791903409090909 0.27289481351981354 0.05 0.05
0 0.015641389860139833 0.45296474358974353 0.05 0.05
0 0.11004698426573427 0.5106570512820513 0.05 0.05
0 0.14807145979020978 0.5089087995337995 0.05 0.05
0 0.20969733391608392 0.5805871212121212 0.05 0.05
0 0.2752567744755245 0.7641535547785547 0.05 0.05
0 0.30410292832167835 0.8131046037296038 0.05 0.05
0 0.355239291958042 0.7781395687645688 0.05 0.05
0 0.42604348776223777 0.8008668414918415 0.05 0.05
0 0.41555397727272725 0.7431745337995339 0.05 0.05
0 0.46406796328671335 0.7431745337995339 0.05 0.05
0 0.39195257867132866 0.5019157925407925 0.05 0.05
0 0.41293159965034965 0.533384324009324 0.05 0.05
0 0.5624071241258741 0.5246430652680654 0.05 0.05
0 0.5873197115384616 0.49667103729603734 0.05 0.05
0 0.5414281031468532 0.4704472610722611 0.05 0.05
0 0.5768302010489511 0.6487689393939394 0.05 0.05
0 0.5204490821678321 0.8830346736596738 0.05 0.05
0 0.6489455856643358 0.8917759324009324 0.05 0.05
0 0.9151169143356643 0.5386290792540792 0.05 0.05
0 0.911183347902098 0.5036640442890443 0.05 0.05
0 0.6528791520979021 0.24492278554778554 0.05 0.05
0 0.6214106206293707 0.16974796037296033 0.05 0.05
0 0.3106588723776224 0.07359411421911423 0.05 0.05
0 0.44308894230769236 0.21520250582750577 0.05 0.05
