0 0.34745434546769527 0.048454074252651934 0.05 0.05
0 0.3426327446962391 0.09345568145290907 0.05 0.05
0 0.3011669780617165 0.09345568145290907 0.05 0.05
0 0.27416601374156224 0.09474144165863076 0.05 0.05
0 0.18448423939247832 0.0741692783670846 0.05 0.05
0 0.21727112463837991 0.07674079877852785 0.05 0.05
0 0.234628887415622 0.08831264063002256 0.05 0.05
0 0.26355849204435866 0.16545825297332056 0.05 0.05
0 0.2924880966730955 0.1628867325618773 0.05 0.05
0 0.28670217574734813 0.24646114593378338 0.05 0.05
0 0.6001062258919961 0.531899911603986 0.05 0.05
0 0.5056028507714562 0.5357571922211508 0.05 0.05
0 0.5412826964802314 0.4766122227579557 0.05 0.05
0 0.44388636089681777 0.5833303198328512 0.05 0.05
0 0.4082065151880424 0.5331856718097076 0.05 0.05
0 0.3947060330279653 0.5100419881067181 0.05 0.05
0 0.2982740175988428 0.7466218659594986 0.05 0.05
0 0.32334634161041464 0.7774801108968178 0.05 0.05
0 0.37059802917068463 0.7813373915139827 0.05 0.05
0 0.4467793213596914 0.6579044117647059 0.05 0.05
0 0.6261428700578592 0.6630474525875925 0.05 0.05
0 0.7505401699614271 0.5949021616843458 0.05 0.05
0 0.7553617707328832 0.6489040903246545 0.05 0.05
0 0.8980811535679847 0.857197243651559 0.05 0.05
0 0.8768661101735777 0.5486147942783671 0.05 0.05
0 0.7206462451783991 0.9870590244294439 0.05 0.05
0 0.7351110474927676 0.12817120700739318 0.05 0.05
0 0.7032884824011572 0.14360032947605272 0.05 0.05
0 0.4506366019768563 0.2040310591449695 0.05 0.05
