0 0.198552229020979 0.04387383449883456 0.05 0.05
0 0.2706676136363636 0.09806963869463867 0.05 0.05
0 0.2877130681818182 0.09632138694638688 0.05 0.05
0 0.23657670454545454 0.14876893939393934 0.05 0.05
0 0.27197880244755246 0.14876893939393934 0.05 0.05
0 0.3467165646853147 0.1295381701631701 0.05 0.05
0 0.4398109702797203 0.20820949883449877 0.05 0.05
0 0.448989291958042 0.20820949883449877 0.05 0.05
0 0.3178704108391609 0.08758012820512823 0.05 0.05
0 0.34933894230769236 0.08758012820512823 0.05 0.05
0 0.34016062062937064 0.07709061771561766 0.05 0.05
0 0.6233774038461538 0.13827942890442887 0.05 0.05
0 0.5984648164335665 0.12778991841491844 0.05 0.05
0 0.21035292832167835 0.34981789044289047 0.05 0.05
0 0.0346536276223776 0.5246430652680654 0.05 0.05
0 0.07661166958041958 0.5089087995337995 0.05 0.05
0 0.24575502622377626 0.37778991841491844 0.05 0.05
0 0.34933894230769236 0.304363344988345 0.05 0.05
0 0.35196131993006996 0.3603074009324009 0.05 0.05
0 0.4621011800699302 0.5456220862470862 0.05 0.05
0 0.5263494318181818 0.5456220862470862 0.05 0.05
0 0.5696186625874127 0.5316360722610723 0.05 0.05
0 0.5905976835664337 0.5001675407925408 0.05 0.05
0 0.5473284527972029 0.46695075757575755 0.05 0.05
0 0.27197880244755246 0.7606570512820513 0.05 0.05
0 0.25493334790209793 0.9040136946386946 0.05 0.05
0 0.24575502622377626 0.9791885198135198 0.05 0.05
0 0.3454053758741259 0.9424752331002332 0.05 0.05
0 0.34147180944055944 0.7903773310023311 0.05 0.05
0 0.39654173951048954 0.804363344988345 0.05 0.05
0 0.705982298951049 0.5858318764568764 0.05 0.05
0 0.7938319493006996 0.6068108974358974 0.05 0.05
0 0.34982496584699463 0.18774476320582872 0.05 0.05
