0 0.09594423633017876 0.9531972923238697 0.05 0.05
0 0.16744791666666664 0.9027241062039959 0.05 0.05
0 0.31991899973711874 0.77934520679986 0.05 0.05
0 0.34936169164037845 0.8115919645986682 0.05 0.05
0 0.41140164957938996 0.76953097616544 0.05 0.05
0 0.44925653916929537 0.5297833420960394 0.05 0.05
0 0.41245317429022066 0.5353914738871366 0.05 0.05
0 0.3966803036277601 0.5059487819838768 0.05 0.05
0 0.5123480218191376 0.5269792762004909 0.05 0.05
0 0.5459968125657201 0.517165045566071 0.05 0.05
0 0.5596666338065193 0.496134551349457 0.05 0.05
0 0.5480998619873815 0.4722999912372944 0.05 0.05
0 0.7878474960567821 0.25358285138450776 0.05 0.05
0 0.16744791666666664 0.4106105415352263 0.05 0.05
0 0.08963508806519456 0.4274349369085177 0.05 0.05
0 0.17586011435331228 0.22834625832457103 0.05 0.05
0 0.19899365799158777 0.21853202769015106 0.05 0.05
0 0.2536729429547844 0.2241401594812481 0.05 0.05
0 0.2852186842797055 0.17787307220469703 0.05 0.05
0 0.2589305665089379 0.06851450227830386 0.05 0.05
0 0.23159092402733958 0.0671124693305296 0.05 0.05
0 0.279961060725552 0.0629063704872068 0.05 0.05
0 0.20214823212407987 0.12880191903259758 0.05 0.05
0 0.19899365799158777 0.15824461093585734 0.05 0.05
0 0.18427231203995792 0.13300801787592037 0.05 0.05
0 0.19058146030494214 0.06991653522607813 0.05 0.05
0 0.31886747502628804 0.2003055993690855 0.05 0.05
0 0.45241111330178746 0.20310966526463403 0.05 0.05
0 0.3882681059411145 0.13861614966701755 0.05 0.05
0 0.568078831493165 0.19469746757798845 0.05 0.05
0 0.2831156348580441 0.0909470294426922 0.05 0.05
