0 0.27357999213836476 0.09328485324947569 0.05 0.05
0 0.2877309355345913 0.09328485324947558 0.05 0.05
0 0.35376867138364787 0.08489910901467468 0.05 0.05
0 0.32861143867924536 0.15198506289308136 0.05 0.05
0 0.254712067610063 0.11844208595387802 0.05 0.05
0 0.215403891509434 0.11844208595387802 0.05 0.05
0 0.1933913128930818 0.13731001048217994 0.05 0.05
0 0.2798693003144655 0.21697458071278794 0.05 0.05
0 0.23269948899371076 0.2882534067085951 0.05 0.05
0 0.30030955188679254 0.2714819182389935 0.05 0.05
0 0.36163030660377365 0.28615697064989487 0.05 0.05
0 0.4213787342767296 0.24842112159329113 0.05 0.05
0 0.39307684748427685 0.14988862683438123 0.05 0.05
0 0.31131584119496863 0.33018212788259926 0.05 0.05
0 0.18081269654088056 0.3804965932914044 0.05 0.05
0 0.20754225628930825 0.747372903563941 0.05 0.05
0 0.27357999213836487 0.755758647798742 0.05 0.05
0 0.4591145833333335 0.6446475366876308 0.05 0.05
0 0.6462215015723272 0.25890330188679217 0.05 0.05
0 0.7657183569182392 0.22116745283018843 0.05 0.05
0 0.8034542059748431 0.23584250524108985 0.05 0.05
0 0.4714472119450318 0.20294441508104283 0.05 0.05
