0 0.06334697029442696 0.43304306869961473 0.05 0.05
0 0.10751100814931651 0.43023900280406624 0.05 0.05
0 0.21476652865404833 0.26620114791447624 0.05 0.05
0 0.2536729429547844 0.26620114791447624 0.05 0.05
0 0.23579702287066243 0.22834625832457103 0.05 0.05
0 0.26629123948475286 0.22133609358569958 0.05 0.05
0 0.2852186842797055 0.2521808184367335 0.05 0.05
0 0.3293827221345951 0.264799114966702 0.05 0.05
0 0.38090743296529955 0.2788194444444448 0.05 0.05
0 0.38090743296529955 0.2157279617946024 0.05 0.05
0 0.44610196503680327 0.22133609358569958 0.05 0.05
0 0.40929860015772856 0.5283813091482652 0.05 0.05
0 0.3977318283385908 0.5045467490361025 0.05 0.05
0 0.41350469900105136 0.4905264195583598 0.05 0.05
0 0.5039358241324919 0.5367935068349109 0.05 0.05
0 0.5438937631440587 0.5269792762004909 0.05 0.05
0 0.5586151090956886 0.49333048545390845 0.05 0.05
0 0.5281208924815981 0.4737020241850686 0.05 0.05
0 0.4671324592534173 0.6798008675078866 0.05 0.05
0 0.4303290943743427 0.7148516912022435 0.05 0.05
0 0.7279105875394319 0.8284163599719594 0.05 0.05
0 0.7426319334910618 0.594276857693656 0.05 0.05
0 0.8257023856466873 0.5662361987381705 0.05 0.05
0 0.937164004994742 0.6433480108657555 0.05 0.05
0 0.8824847200315453 0.3727556519453209 0.05 0.05
0 0.838320682176656 0.38537394847528944 0.05 0.05
0 0.8393722068874865 0.29844790571328456 0.05 0.05
0 0.8067749408517347 0.29424180686996165 0.05 0.05
0 0.7163438157202942 0.38397191552751514 0.05 0.05
0 0.7247560134069398 0.2451706536978622 0.05 0.05
0 0.6522008083596212 0.23115032422011955 0.05 0.05
0 0.6448401353838062 0.1722649404136 0.05 0.05
0 0.7047770439011564 0.1722649404136 0.05 0.05
0 0.5964699986855939 0.15403851209253455 0.05 0.05
0 0.5722849303364878 0.15544054504030883 0.05 0.05
0 0.27890953601472124 0.12599785313704903 0.05 0.05
0 0.27785801130389054 0.09795719418156364 0.05 0.05
0 0.2831156348580441 0.0909470294426922 0.05 0.05
0 0.2536729429547844 0.044679942166141254 0.05 0.05
0 0.22423025105152466 0.1035653259726607 0.05 0.05
0 0.3136098514721345 0.10076126007711217 0.05 0.05
0 0.3335888209779179 0.09795719418156364 0.05 0.05
0 0.3588254140378548 0.08674093059936941 0.05 0.05
0 0.37459828470031536 0.08814296354714367 0.05 0.05
0 0.21056042981072554 0.3503231247809327 0.05 0.05
