0 0.19339131289308176 0.13102070230607954 0.05 0.05
0 0.24213345125786173 0.12892426624737918 0.05 0.05
0 0.2767246462264151 0.08699554507337494 0.05 0.05
0 0.28458628144654097 0.09328485324947558 0.05 0.05
0 0.3317560927672957 0.09118841719077532 0.05 0.05
0 0.35376867138364787 0.08070623689727428 0.05 0.05
0 0.22169319968553464 0.2274567610062891 0.05 0.05
0 0.2798693003144655 0.23164963312368947 0.05 0.05
0 0.31760514937106926 0.24842112159329113 0.05 0.05
0 0.4512529481132076 0.20439596436058666 0.05 0.05
0 0.08961772798742142 0.4999934486373164 0.05 0.05
0 0.3380454009433963 0.466450471698113 0.05 0.05
0 0.3804982311320756 0.4412932389937104 0.05 0.05
0 0.41666175314465426 0.5146685010482178 0.05 0.05
0 0.2908755896226416 0.787205188679245 0.05 0.05
0 0.6132026336477989 0.6299724842767294 0.05 0.05
0 0.6635170990566039 0.5985259433962261 0.05 0.05
0 0.7326994889937108 0.6215867400419285 0.05 0.05
0 0.7704353380503146 0.42871462264150917 0.05 0.05
0 0.8380454009433965 0.4140395702306077 0.05 0.05
0 0.8946491745283021 0.277771226415094 0.05 0.05
0 0.7295548349056605 0.24422824947589064 0.05 0.05
0 0.6525108097484278 0.1750458595387838 0.05 0.05
0 0.6069133254716983 0.19601022012578587 0.05 0.05
0 0.7012529481132077 0.08699554507337494 0.05 0.05
0 0.7326994889937108 0.09538128930817583 0.05 0.05
0 0.5455925707547171 0.4685469077568131 0.05 0.05
