0 0.1812780787526427 0.0930078400281887 0.05 0.05
0 0.18920619714587736 0.04861037702607452 0.05 0.05
0 0.2066480576109936 0.116263653981677 0.05 0.05
0 0.2288467891120507 0.21140107470049305 0.05 0.05
0 0.27165862843551797 0.12894864341085252 0.05 0.05
0 0.27324425211416487 0.09300784002818858 0.05 0.05
0 0.28592924154334043 0.09300784002818858 0.05 0.05
0 0.2938573599365751 0.08877951021846352 0.05 0.05
0 0.33349795190274845 0.09089367512332605 0.05 0.05
0 0.34142607029598315 0.07820868569415064 0.05 0.05
0 0.37472416754756877 0.21774356941508088 0.05 0.05
0 0.44132036205074004 0.207172744890768 0.05 0.05
0 0.45717659883720935 0.1923735905567298 0.05 0.05
0 0.45876222251585624 0.20928690979563053 0.05 0.05
0 0.5412146538054969 0.47144335799859044 0.05 0.05
0 0.4476628567653277 0.6278915609584212 0.05 0.05
0 0.18444932610993658 0.7779972692036645 0.05 0.05
