0 0.05500389875239923 0.4389815259117083 0.05 0.05
0 0.07515744961612286 0.46841210812539985 0.05 0.05
0 0.10778700815738965 0.46841210812539985 0.05 0.05
0 0.1289002519193858 0.5336712252079335 0.05 0.05
0 0.177844589731286 0.44665906909788866 0.05 0.05
0 0.22486954174664114 0.4568957933461293 0.05 0.05
0 0.21143384117082537 0.5016814619321817 0.05 0.05
0 0.25270063579654517 0.5426283589251439 0.05 0.05
0 0.3966545705374281 0.506799824056302 0.05 0.05
0 0.413929042706334 0.5272732725527831 0.05 0.05
0 0.4158484285028791 0.47353047024952016 0.05 0.05
0 0.5079789467370441 0.5349508157389635 0.05 0.05
0 0.5482860484644914 0.5221549104286628 0.05 0.05
0 0.5732380638195778 0.5093590051183622 0.05 0.05
0 0.5425278910748561 0.4696916986564299 0.05 0.05
0 0.3899367202495202 0.8113423704414587 0.05 0.05
0 0.3553877759117083 0.30206533909149064 0.05 0.05
0 0.3573071617082534 0.22528990722968653 0.05 0.05
0 0.22774862044145877 0.30206533909149064 0.05 0.05
0 0.23638585652591174 0.199698096609085 0.05 0.05
0 0.2622975647792707 0.17026751439539348 0.05 0.05
0 0.222950155950096 0.14595529430582205 0.05 0.05
0 0.21143384117082537 0.12548184580934094 0.05 0.05
0 0.19415936900191944 0.0806961772232885 0.05 0.05
0 0.22582923464491364 0.0755778150991682 0.05 0.05
0 0.24886186420345494 0.12164307421625083 0.05 0.05
0 0.2757332653550864 0.12548184580934094 0.05 0.05
0 0.28916896593090213 0.09093290147152899 0.05 0.05
0 0.27477357245681383 0.07173904350607797 0.05 0.05
0 0.36498470489443385 0.08325535828534865 0.05 0.05
0 0.3736219409788868 0.06790027191298785 0.05 0.05
0 0.4465586012476008 0.20865523032629554 0.05 0.05
0 0.6173839371401153 0.1587511996161228 0.05 0.05
0 0.6442553382917466 0.1689879238643634 0.05 0.05
0 0.7152726127639156 0.41083053422904664 0.05 0.05
