0 0.08515926350048215 0.3994666104146577 0.05 0.05
0 0.2597012114271938 0.363465324654452 0.05 0.05
0 0.204734962632594 0.2580329877852781 0.05 0.05
0 0.22787864633558338 0.2567472275795564 0.05 0.05
0 0.28091625482160076 0.27346211025393763 0.05 0.05
0 0.3243106617647059 0.300463074574092 0.05 0.05
0 0.32334634161041464 0.19631649791063974 0.05 0.05
0 0.3243106617647059 0.2323177836708454 0.05 0.05
0 0.3570975470106075 0.18474465605914503 0.05 0.05
0 0.38602715163934426 0.2271747428479589 0.05 0.05
0 0.4487079616682738 0.2104598601735777 0.05 0.05
0 0.6184283088235294 0.81862443747991 0.05 0.05
0 0.5036742104628736 0.5370429524268725 0.05 0.05
0 0.4053135547251688 0.5241853503696561 0.05 0.05
0 0.3966346733365477 0.5023274268723884 0.05 0.05
0 0.4130281159594985 0.4740407023465124 0.05 0.05
0 0.7389683281099325 0.6424752892960464 0.05 0.05
0 0.7833270552073289 0.8867697283831565 0.05 0.05
0 0.8122566598360657 0.3673226052716169 0.05 0.05
0 0.8643299481677916 0.3840374879459982 0.05 0.05
0 0.2529509703471552 0.6309034474445517 0.05 0.05
0 0.8074350590646094 0.19374497749919636 0.05 0.05
0 0.7621120118129218 0.20145953873352623 0.05 0.05
0 0.6917166405496624 0.20788833976213444 0.05 0.05
0 0.6483222336065573 0.20017377852780455 0.05 0.05
0 0.582748463114754 0.2747478704596593 0.05 0.05
0 0.6242142297492768 0.14360032947605272 0.05 0.05
0 0.7119673637897782 0.11788512536162017 0.05 0.05
0 0.2693444129701061 0.11017056412729029 0.05 0.05
0 0.24137912849566057 0.12302816618450668 0.05 0.05
0 0.18351991923818708 0.1088848039215686 0.05 0.05
0 0.28573785559305687 0.09859872227579558 0.05 0.05
0 0.3108101796046287 0.09859872227579558 0.05 0.05
0 0.3445613850048216 0.10117024268723883 0.05 0.05
0 0.34552570515911285 0.04716831404693025 0.05 0.05
0 0.35806186716489874 0.04716831404693025 0.05 0.05
