0 0.20641936188811183 0.09282488344988356 0.05 0.05
0 0.21297530594405595 0.14527243589743588 0.05 0.05
0 0.25755572552447553 0.15751019813519812 0.05 0.05
0 0.3060697115384615 0.1225451631701631 0.05 0.05
0 0.310003277972028 0.09806963869463867 0.05 0.05
0 0.3454053758741259 0.07883886946386945 0.05 0.05
0 0.35196131993006996 0.07883886946386945 0.05 0.05
0 0.35196131993006996 0.20471299533799533 0.05 0.05
0 0.3008249562937063 0.22569201631701621 0.05 0.05
0 0.4384997814685315 0.21170600233100234 0.05 0.05
0 0.448989291958042 0.21170600233100234 0.05 0.05
0 0.21690887237762238 0.276391317016317 0.05 0.05
0 0.14085992132867134 0.7554122960372961 0.05 0.05
0 0.20510817307692308 0.7519157925407925 0.05 0.05
0 0.3952305506993007 0.5019157925407925 0.05 0.05
0 0.40178649475524486 0.5351325757575758 0.05 0.05
0 0.45161166958041965 0.5351325757575758 0.05 0.05
0 0.518482298951049 0.5386290792540792 0.05 0.05
0 0.5696186625874127 0.5211465617715618 0.05 0.05
0 0.5932200611888112 0.48268502331002333 0.05 0.05
0 0.5525732080419582 0.46170600233100234 0.05 0.05
