0 0.2104741482725528 0.058943138195777324 0.05 0.05
0 0.2267889275431862 0.058943138195777324 0.05 0.05
0 0.23158739203454898 0.2048164587332053 0.05 0.05
0 0.23158739203454898 0.14851447536788218 0.05 0.05
0 0.19895783349328217 0.15491242802303257 0.05 0.05
0 0.2661363363723609 0.19713891554702484 0.05 0.05
0 0.31220159548944343 0.17026751439539348 0.05 0.05
0 0.3457908469289828 0.17154710492642355 0.05 0.05
0 0.3112419025911709 0.09733085412667937 0.05 0.05
0 0.33907299664107493 0.1062879878438899 0.05 0.05
0 0.3534683901151632 0.22912867882277677 0.05 0.05
0 0.2814914227447217 0.23040826935380684 0.05 0.05
0 0.23638585652591174 0.2611184420985284 0.05 0.05
0 0.09339161468330136 0.46841210812539985 0.05 0.05
0 0.12794055902111326 0.46841210812539985 0.05 0.05
0 0.011817718330134364 0.6782649552143314 0.05 0.05
0 0.16632827495201535 0.7294485764555342 0.05 0.05
0 0.20567568378119003 0.725609804862444 0.05 0.05
0 0.4072111924184261 0.525993682021753 0.05 0.05
0 0.3918561060460653 0.5042406429942419 0.05 0.05
0 0.41104996401151633 0.47225087971849006 0.05 0.05
0 0.5031804822456815 0.5298324536148432 0.05 0.05
0 0.5434875839731287 0.47097128918746 0.05 0.05
0 0.675925203934741 0.22912867882277677 0.05 0.05
0 0.6701670465451056 0.10756757837491998 0.05 0.05
0 0.703756297984645 0.13060020793346125 0.05 0.05
0 0.7296680062380039 0.30206533909149064 0.05 0.05
0 0.8045240523032631 0.3468510076775432 0.05 0.05
0 0.8457908469289828 0.3506897792706333 0.05 0.05
0 0.4465586012476008 0.21377359245041586 0.05 0.05
