0 0.05388324789695061 0.5353914738871366 0.05 0.05
0 0.1253869282334385 0.5115569137749739 0.05 0.05
0 0.17586011435331228 0.5157630126182968 0.05 0.05
0 0.09909881046267088 0.41201257448300055 0.05 0.05
0 0.41140164957938996 0.5269792762004909 0.05 0.05
0 0.3966803036277601 0.5045467490361025 0.05 0.05
0 0.41981384726603566 0.4821142218717142 0.05 0.05
0 0.5091934476866455 0.5283813091482652 0.05 0.05
0 0.5470483372765508 0.5199691114616196 0.05 0.05
0 0.5638727326498421 0.501742683140554 0.05 0.05
0 0.5438937631440587 0.4638877935506487 0.05 0.05
0 0.3619799881703469 0.8746834472485105 0.05 0.05
0 0.5954184739747632 0.25919098317560496 0.05 0.05
0 0.6238096411671922 0.2732113126533477 0.05 0.05
0 0.6553553824921133 0.15824461093585734 0.05 0.05
0 0.6795404508412195 0.1400181826147918 0.05 0.05
0 0.7089831427444793 0.13020395198037182 0.05 0.05
0 0.7089831427444793 0.15684257798808307 0.05 0.05
0 0.7363227852260775 0.20591373116018255 0.05 0.05
0 0.22423025105152466 0.12038972134595198 0.05 0.05
0 0.2505183688222923 0.1119775236593064 0.05 0.05
0 0.27890953601472124 0.09375109533824073 0.05 0.05
0 0.22843634989484748 0.06010230459165828 0.05 0.05
0 0.34200101866456356 0.07692669996494957 0.05 0.05
0 0.3556708399053627 0.08393686470382088 0.05 0.05
0 0.36513456230283897 0.08113279880827236 0.05 0.05
0 0.2631366653522607 0.09655516123378938 0.05 0.05
