0 0.1528925743761996 0.35580814139475386 0.05 0.05
0 0.19128029030710175 0.3506897792706333 0.05 0.05
0 0.19895783349328217 0.7281689859245042 0.05 0.05
0 0.17688489683301345 0.7358465291106846 0.05 0.05
0 0.2267889275431862 0.8817198496481126 0.05 0.05
0 0.4148887356046066 0.5323916346769034 0.05 0.05
0 0.4024127279270634 0.5016814619321817 0.05 0.05
0 0.4158484285028791 0.4812080134357006 0.05 0.05
0 0.5003014035508638 0.5426283589251439 0.05 0.05
0 0.5425278910748561 0.4658529270633397 0.05 0.05
0 0.613545165547025 0.3187000159948816 0.05 0.05
0 0.6490538027831094 0.3148612444017914 0.05 0.05
0 0.6768848968330136 0.29310820537428023 0.05 0.05
0 0.6893609045105566 0.3929162667946257 0.05 0.05
0 0.8246776031669866 0.398034628918746 0.05 0.05
0 0.8976142634357005 0.4095509436980166 0.05 0.05
0 0.6941593690019194 0.1280410268714011 0.05 0.05
0 0.6711267394433782 0.1062879878438899 0.05 0.05
0 0.38417856285988494 0.2662368042226487 0.05 0.05
0 0.3477102327255279 0.2649572136916187 0.05 0.05
0 0.33619391794625725 0.1907409628918746 0.05 0.05
0 0.3697831693857966 0.2048164587332053 0.05 0.05
0 0.4436795225527832 0.21249400191938578 0.05 0.05
0 0.268055722168906 0.21889195457453614 0.05 0.05
0 0.24022462811900197 0.17538587651951368 0.05 0.05
0 0.2008772192898273 0.17026751439539348 0.05 0.05
0 0.19223998320537433 0.13187979846449133 0.05 0.05
0 0.21623230566218812 0.13443897952655146 0.05 0.05
0 0.21143384117082537 0.1011696257197696 0.05 0.05
0 0.22199046305182346 0.07813699616122835 0.05 0.05
0 0.23830524232245684 0.07429822456813812 0.05 0.05
0 0.2930077375239924 0.03591050863723607 0.05 0.05
0 0.3112419025911709 0.09221249200255907 0.05 0.05
0 0.3457908469289828 0.09605126359564929 0.05 0.05
