0 0.3087681208971554 0.09403947848285922 0.05 0.05
0 0.44334142505470464 0.2056368526622901 0.05 0.05
0 0.4564705278993436 0.2100132202771698 0.05 0.05
0 0.19717074671772425 0.12029768417213696 0.05 0.05
0 0.238199193107221 0.2756587345003646 0.05 0.05
0 0.2628162609409191 0.31066967541940177 0.05 0.05
0 0.2939978801969366 0.28878783734500346 0.05 0.05
0 0.5467331099562365 0.20782503646972994 0.05 0.05
0 0.5713501777899344 0.17719046316557238 0.05 0.05
0 0.5467331099562365 0.4616543581327497 0.05 0.05
0 0.5171926285557988 0.533864423778264 0.05 0.05
0 0.39903070295404813 0.49885348285922676 0.05 0.05
0 0.4088775300875274 0.5229235047410649 0.05 0.05
0 0.13316637035010936 0.5798162837345003 0.05 0.05
0 0.11839612964989055 0.6192035922684173 0.05 0.05
0 0.010081031181619194 0.6826609226841721 0.05 0.05
0 0.044544926148796446 0.6476499817651349 0.05 0.05
0 0.22671122811816197 0.7001663931436907 0.05 0.05
0 0.22999350382932165 0.732989150255288 0.05 0.05
0 0.4466237007658644 0.6454617979576952 0.05 0.05
0 0.4564705278993436 0.735177334062728 0.05 0.05
0 0.43185346006564557 0.7395537016776076 0.05 0.05
0 0.3842604622538293 0.8051992159008025 0.05 0.05
0 0.3711313594091904 0.8511510758570388 0.05 0.05
0 0.32025608588621446 0.7745646425966448 0.05 0.05
0 0.2923567423413567 0.8445865244347193 0.05 0.05
0 0.6845886898249454 0.5995099380014587 0.05 0.05
0 0.8027506154266961 0.7242364150255288 0.05 0.05
0 0.8634727160831511 0.6213917760758569 0.05 0.05
