0 0.16219029311251312 0.5494118033648793 0.05 0.05
0 0.1506235212933754 0.38817801437083804 0.05 0.05
0 0.18532383675078862 0.3741576848930952 0.05 0.05
0 0.18637536146161932 0.3250865317209957 0.05 0.05
0 0.34410406808622496 0.3741576848930952 0.05 0.05
0 0.393525729495268 0.5073508149316511 0.05 0.05
0 0.41245317429022066 0.5241752103049424 0.05 0.05
0 0.41350469900105136 0.4821142218717142 0.05 0.05
0 0.49972972528916915 0.5311853750438137 0.05 0.05
0 0.5512544361198736 0.5185670785138453 0.05 0.05
0 0.5649242573606728 0.49753658429723124 0.05 0.05
0 0.5470483372765508 0.4722999912372944 0.05 0.05
0 0.26523971477392216 0.7779431738520857 0.05 0.05
0 0.3115068020504731 0.77934520679986 0.05 0.05
0 0.37459828470031536 0.800375701016474 0.05 0.05
0 0.4040409766035751 0.7877574044865056 0.05 0.05
0 0.7300136369610933 0.2788194444444448 0.05 0.05
0 0.8225478115141953 0.3180763669821244 0.05 0.05
0 0.8498874539957935 0.3292926305643185 0.05 0.05
0 0.5480998619873815 0.20591373116018255 0.05 0.05
0 0.45030806388012606 0.20591373116018255 0.05 0.05
0 0.36723761172450037 0.16104867683140586 0.05 0.05
0 0.3388464445320714 0.15964664388363162 0.05 0.05
0 0.3030946043638275 0.14702834735366313 0.05 0.05
0 0.23474549815983173 0.14702834735366313 0.05 0.05
0 0.2074058556782334 0.06150433753943254 0.05 0.05
0 0.27785801130389054 0.09935922712933791 0.05 0.05
0 0.2862702089905362 0.0909470294426922 0.05 0.05
0 0.36723761172450037 0.09935922712933791 0.05 0.05
0 0.37459828470031536 0.08393686470382088 0.05 0.05
