0 0.16616215646094504 0.6116170443587271 0.05 0.05
0 0.1420541526036644 0.4560400594664095 0.05 0.05
0 0.20569928278688526 0.4483254982320798 0.05 0.05
0 0.2722373734329797 0.4393251767920283 0.05 0.05
0 0.5036742104628736 0.5357571922211508 0.05 0.05
0 0.39374171287367404 0.5087562279009965 0.05 0.05
0 0.54803293756027 0.46761190131790425 0.05 0.05
0 0.6406076723722276 0.4470397380263582 0.05 0.05
0 0.7245035257955641 0.5100419881067181 0.05 0.05
0 0.7254678459498554 0.3017488347798135 0.05 0.05
0 0.7746481738187079 0.2927485133397622 0.05 0.05
0 0.8016491381388621 0.4174672532947606 0.05 0.05
0 0.8247928218418515 0.3081776358084217 0.05 0.05
0 0.28380921528447445 0.20017377852780455 0.05 0.05
0 0.25391529050144646 0.18345889585342334 0.05 0.05
0 0.22787864633558338 0.17703009482481516 0.05 0.05
0 0.18544855954676953 0.17188705400192864 0.05 0.05
0 0.2307716067984571 0.10245600289296052 0.05 0.05
0 0.2307716067984571 0.07674079877852785 0.05 0.05
0 0.2722373734329797 0.09345568145290907 0.05 0.05
0 0.2982740175988428 0.11017056412729029 0.05 0.05
0 0.3243106617647059 0.17574433461909358 0.05 0.05
0 0.28670217574734813 0.09474144165863076 0.05 0.05
0 0.3387754640790742 0.10117024268723883 0.05 0.05
0 0.3590261873191899 0.03816799260687891 0.05 0.05
0 0.34552570515911285 0.03816799260687891 0.05 0.05
0 0.004156370540019283 0.5743299983927999 0.05 0.05
0 0.28766649590163934 0.7851946721311476 0.05 0.05
0 0.3272036222275796 0.7813373915139827 0.05 0.05
0 0.3686693888621022 0.7993380343940856 0.05 0.05
0 0.4487079616682738 0.6514756107360977 0.05 0.05
0 0.38409851133076184 0.5434717534554806 0.05 0.05
0 0.4467793213596914 0.20917409996785613 0.05 0.05
