0 0.6490538027831094 0.15235324696097266 0.05 0.05
0 0.6663282749520154 0.14467570377479197 0.05 0.05
0 0.7296680062380039 0.10244921625079968 0.05 0.05
0 0.6855221329174664 0.30078574856046053 0.05 0.05
0 0.7565394073896354 0.308463291746641 0.05 0.05
0 0.8640250119961612 0.33277551183621246 0.05 0.05
0 0.7517409428982726 0.4005938099808061 0.05 0.05
0 0.9148887356046066 0.7089751279590532 0.05 0.05
0 0.5511651271593091 0.5336712252079335 0.05 0.05
0 0.5607620561420347 0.505520233525272 0.05 0.05
0 0.5444472768714013 0.47225087971849006 0.05 0.05
0 0.49934171065259125 0.5387895873320537 0.05 0.05
0 0.4100902711132438 0.5234345009596929 0.05 0.05
0 0.39953364923224577 0.5016814619321817 0.05 0.05
0 0.4187275071976968 0.4824876039667307 0.05 0.05
0 0.35442808301343576 0.7895893314139476 0.05 0.05
0 0.16824766074856048 0.7678362923864364 0.05 0.05
0 0.08379468570057583 0.6961792226487523 0.05 0.05
0 0.01949526151631479 0.7716750639795266 0.05 0.05
0 0.08283499280230328 0.5618222168905951 0.05 0.05
0 0.12794055902111326 0.36860404670505437 0.05 0.05
0 0.20663537667946258 0.32381837811900194 0.05 0.05
0 0.3026046665067179 0.1280410268714011 0.05 0.05
0 0.2546200215930903 0.09733085412667937 0.05 0.05
0 0.30740313099808064 0.09733085412667937 0.05 0.05
0 0.3448311540307102 0.09861044465770945 0.05 0.05
0 0.3573071617082534 0.09733085412667937 0.05 0.05
0 0.44943767994241846 0.2048164587332053 0.05 0.05
0 0.20183691218809985 0.03974928023032618 0.05 0.05
