0 0.21756446678321675 0.14002768065268067 0.05 0.05
0 0.25296656468531464 0.1435241841491841 0.05 0.05
0 0.2516553758741259 0.1592584498834499 0.05 0.05
0 0.21363090034965032 0.17324446386946377 0.05 0.05
0 0.30803649475524475 0.08233537296037288 0.05 0.05
0 0.3381938374125874 0.11555215617715611 0.05 0.05
0 0.3578616695804196 0.11555215617715611 0.05 0.05
0 0.38015187937062944 0.20820949883449877 0.05 0.05
0 0.361795236013986 0.24667103729603734 0.05 0.05
0 0.2936134178321678 0.26065705128205136 0.05 0.05
0 0.44833369755244756 0.20121649184149176 0.05 0.05
0 0.3945749562937063 0.5019157925407925 0.05 0.05
0 0.25296656468531464 0.39702068764568765 0.05 0.05
0 0.18478474650349652 0.3882794289044289 0.05 0.05
0 0.21756446678321684 0.5770906177156178 0.05 0.05
0 0.40506446678321684 0.5228948135198136 0.05 0.05
0 0.5650295017482517 0.5246430652680654 0.05 0.05
0 0.5833861451048952 0.505412296037296 0.05 0.05
0 0.5506064248251749 0.48093677156177156 0.05 0.05
0 0.41948754370629376 0.7309367715617715 0.05 0.05
0 0.40768684440559444 0.7641535547785547 0.05 0.05
0 0.40768684440559444 0.7938738344988345 0.05 0.05
0 0.32770432692307694 0.7571605477855479 0.05 0.05
0 0.28443509615384616 0.7571605477855479 0.05 0.05
0 0.2818127185314685 0.8131046037296038 0.05 0.05
0 0.5414281031468532 0.9040136946386946 0.05 0.05
0 0.5820749562937063 0.6872304778554779 0.05 0.05
0 0.7197497814685315 0.5036640442890443 0.05 0.05
0 0.8495574737762238 0.48792977855477854 0.05 0.05
0 0.9347847465034966 0.5001675407925408 0.05 0.05
0 0.8167777534965035 0.23967803030303023 0.05 0.05
0 0.7761309003496504 0.17324446386946377 0.05 0.05
