0 0.5418096963894967 0.20782503646973005 0.05 0.05
0 0.563144488512035 0.2012604850474105 0.05 0.05
0 0.7518753419037201 0.2865996535375637 0.05 0.05
0 0.7781335475929979 0.2428359773887672 0.05 0.05
0 0.815879718271335 0.24940052881108662 0.05 0.05
0 0.7994683397155362 0.29316420495988316 0.05 0.05
0 0.6731007248358863 0.6148272246535375 0.05 0.05
0 0.7338228254923413 0.6016981218088986 0.05 0.05
0 0.8339322346827135 0.6016981218088986 0.05 0.05
0 0.5483742478118162 0.4725952771699489 0.05 0.05
0 0.5106280771334792 0.5251116885485048 0.05 0.05
0 0.40395411652078783 0.533864423778264 0.05 0.05
0 0.400671840809628 0.5097944018964259 0.05 0.05
0 0.4778053200218819 0.5688753646973013 0.05 0.05
0 0.43677687363238515 0.6388972465353755 0.05 0.05
0 0.5007812500000001 0.7154836797957694 0.05 0.05
0 0.5237571799781182 0.8533392596644785 0.05 0.05
0 0.41872435722100665 0.7986346644784829 0.05 0.05
0 0.3678490836980306 0.8314574215900803 0.05 0.05
0 0.20045302242888402 0.7701882749817651 0.05 0.05
0 0.1922473331509847 0.7308009664478483 0.05 0.05
0 0.09049678610503278 0.7548709883296865 0.05 0.05
0 0.06259744256017502 0.7745646425966448 0.05 0.05
0 0.05931516684901526 0.6520263493800146 0.05 0.05
0 0.11183157822757109 0.6126390408460978 0.05 0.05
0 0.19717074671772425 0.5951335703865792 0.05 0.05
0 0.31369153446389497 0.28441146973012377 0.05 0.05
0 0.2677396745076587 0.28222328592268403 0.05 0.05
0 0.4449825629102845 0.2100132202771698 0.05 0.05
0 0.4055952543763676 0.19688411743253093 0.05 0.05
0 0.31369153446389497 0.17719046316557238 0.05 0.05
0 0.2398403309628009 0.08309855944565996 0.05 0.05
0 0.18404164387308533 0.05027580233406255 0.05 0.05
0 0.2693808123632385 0.06996945660102097 0.05 0.05
0 0.38754273796498906 0.059028537563821835 0.05 0.05
0 0.39903070295404813 0.059028537563821835 0.05 0.05
