0 0.2095144553742802 0.17026751439539362 0.05 0.05
0 0.2267889275431862 0.1011696257197696 0.05 0.05
0 0.20759506957773516 0.06917986244401793 0.05 0.05
0 0.30932251679462575 0.09861044465770945 0.05 0.05
0 0.34675053982725534 0.09861044465770945 0.05 0.05
0 0.38321886996161236 0.06406150031989763 0.05 0.05
0 0.4465586012476008 0.2112144113883557 0.05 0.05
0 0.4052918066218811 0.06534109085092771 0.05 0.05
0 0.7507812500000001 0.20097768714011507 0.05 0.05
0 0.7786123440499041 0.21249400191938578 0.05 0.05
0 0.6634491962571978 0.10884716890595006 0.05 0.05
0 0.6010691578694819 0.48504678502879084 0.05 0.05
0 0.6356181022072938 0.5119181861804223 0.05 0.05
0 0.5454069697696737 0.4748100607805502 0.05 0.05
0 0.4983820177543187 0.5387895873320537 0.05 0.05
0 0.40817088531669865 0.5208753198976327 0.05 0.05
0 0.4004933421305183 0.5029610524632118 0.05 0.05
0 0.4168081214011517 0.47736924184261037 0.05 0.05
0 0.2901286588291747 0.7639975207933462 0.05 0.05
0 0.2008772192898273 0.7537607965451055 0.05 0.05
0 0.20375629798464495 0.19202055342290456 0.05 0.05
