0 0.19002950174825176 0.04911858974358978 0.05 0.05
0 0.20445257867132866 0.047370337995338 0.05 0.05
0 0.23198754370629376 0.09806963869463867 0.05 0.05
0 0.2306763548951049 0.04911858974358966 0.05 0.05
0 0.26083369755244756 0.047370337995338 0.05 0.05
0 0.2975469842657342 0.11555215617715611 0.05 0.05
0 0.3237707604895105 0.1085591491841491 0.05 0.05
0 0.45095607517482517 0.21520250582750577 0.05 0.05
0 0.32901551573426574 0.27114656177156177 0.05 0.05
0 0.30541411713286715 0.27114656177156177 0.05 0.05
0 0.17822880244755243 0.353314393939394 0.05 0.05
0 0.22543159965034967 0.4372304778554779 0.05 0.05
0 0.14151551573426574 0.42149621212121213 0.05 0.05
0 0.13233719405594407 0.4704472610722611 0.05 0.05
0 0.3893302010489511 0.5071605477855478 0.05 0.05
0 0.3971973339160839 0.5298878205128206 0.05 0.05
0 0.563718312937063 0.5246430652680654 0.05 0.05
0 0.5768302010489511 0.5036640442890443 0.05 0.05
0 0.5545399912587412 0.47569201631701635 0.05 0.05
0 0.7079490821678321 0.43198572261072266 0.05 0.05
0 0.7879315996503496 0.4092584498834499 0.05 0.05
0 0.8534910402097904 0.4302374708624709 0.05 0.05
0 0.7105714597902099 0.582335372960373 0.05 0.05
0 0.7538406905594407 0.5700976107226108 0.05 0.05
0 0.5388057255244756 0.7344332750582752 0.05 0.05
0 0.6804141171328671 0.895272435897436 0.05 0.05
0 0.45095607517482517 0.7886290792540793 0.05 0.05
0 0.40506446678321684 0.7711465617715618 0.05 0.05
0 0.3657288024475524 0.7728948135198136 0.05 0.05
0 0.33294908216783214 0.7728948135198136 0.05 0.05
