0 0.20365010245901632 0.07845514571949022 0.05 0.05
0 0.22004354508196727 0.06934767759562833 0.05 0.05
0 0.23643698770491808 0.12034949908925323 0.05 0.05
0 0.19545338114754104 0.1385644353369763 0.05 0.05
0 0.24736594945355192 0.13674294171220397 0.05 0.05
0 0.2746883538251367 0.12399248633879777 0.05 0.05
0 0.3252348019125683 0.11124203096539158 0.05 0.05
0 0.3047429986338799 0.1385644353369763 0.05 0.05
0 0.2651255122950821 0.16406534608378867 0.05 0.05
0 0.2132129439890711 0.2606045081967212 0.05 0.05
0 0.03698343579234975 0.6157957650273224 0.05 0.05
0 0.021956113387978184 0.7086919398907104 0.05 0.05
0 0.09845884562841536 0.7050489526411657 0.05 0.05
0 0.38944245218579243 0.5065061475409837 0.05 0.05
0 0.39627305327868856 0.5174351092896176 0.05 0.05
0 0.32113644125683066 0.7596937613843352 0.05 0.05
0 0.3607539275956285 0.7724442167577413 0.05 0.05
0 0.3935408128415301 0.7560507741347905 0.05 0.05
0 0.4372566598360656 0.776087204007286 0.05 0.05
0 0.44681950136612036 0.7086919398907104 0.05 0.05
0 0.5643058401639346 0.521078096539162 0.05 0.05
0 0.5766009221311477 0.497398679417122 0.05 0.05
0 0.5520107581967213 0.46825478142076504 0.05 0.05
0 0.6817921789617486 0.3298212659380693 0.05 0.05
0 0.7063823428961749 0.38264458105646626 0.05 0.05
0 0.793814036885246 0.3626081511839708 0.05 0.05
0 0.8279670423497268 0.36078665755919853 0.05 0.05
0 0.6449069330601093 0.2332821038251365 0.05 0.05
0 0.6380763319672133 0.171351320582878 0.05 0.05
0 0.636710211748634 0.14767190346083783 0.05 0.05
0 0.6858905396174864 0.14585040983606562 0.05 0.05
0 0.5847976434426231 0.1859232695810564 0.05 0.05
0 0.5916282445355192 0.15677937158469935 0.05 0.05
0 0.5902621243169399 0.09667008196721305 0.05 0.05
0 0.6148522882513662 0.07845514571948999 0.05 0.05
0 0.6025572062841531 0.08574112021857919 0.05 0.05
0 0.4194970969945356 0.24056807832422583 0.05 0.05
0 0.44135502049180336 0.20778119307832424 0.05 0.05
0 0.45774846311475414 0.20595969945355191 0.05 0.05
