0 0.22250429439746303 0.10569282945736423 0.05 0.05
0 0.21774742336152214 0.14586196264975312 0.05 0.05
0 0.23994615486257925 0.14797612755461576 0.05 0.05
0 0.27641549947145877 0.09300784002818858 0.05 0.05
0 0.2906861125792812 0.09300784002818858 0.05 0.05
0 0.2986142309725158 0.09300784002818858 0.05 0.05
0 0.33984044661733626 0.08877951021846352 0.05 0.05
0 0.344597317653277 0.08032285059901317 0.05 0.05
0 0.2780011231501057 0.19448775546159247 0.05 0.05
0 0.30178547832980973 0.1860310958421421 0.05 0.05
0 0.21933304704016915 0.26214103241719494 0.05 0.05
0 0.247874273255814 0.25157020789288204 0.05 0.05
0 0.4444916094080339 0.21140107470049305 0.05 0.05
0 0.4540053514799155 0.20505857998590535 0.05 0.05
0 0.46193346987315015 0.1923735905567298 0.05 0.05
0 0.5586565142706131 0.18180276603241693 0.05 0.05
0 0.7632019688160678 0.12049198379140218 0.05 0.05
0 0.5443859011627907 0.4608725334742774 0.05 0.05
0 0.7838150766384778 0.6067499119097955 0.05 0.05
0 0.8171131738900635 0.6067499119097955 0.05 0.05
0 0.4318066199788584 0.7716547744890767 0.05 0.05
0 0.008445097780126809 0.8414222163495418 0.05 0.05
