0 0.27165862843551797 0.26002686751233256 0.05 0.05
0 0.2986142309725158 0.2705976920366453 0.05 0.05
0 0.2795867468287526 0.312880990133897 0.05 0.05
0 0.07345566860465114 0.3911050916138123 0.05 0.05
0 0.005273850422832937 0.52852581042988 0.05 0.05
0 0.10358251849894289 0.5200691508104298 0.05 0.05
0 0.18444932610993658 0.5200691508104298 0.05 0.05
0 0.21140492864693447 0.7462847956307257 0.05 0.05
0 0.27324425211416487 0.7568556201550386 0.05 0.05
0 0.33666919926004224 0.8118239076814657 0.05 0.05
0 0.3128848440803383 0.8794771846370683 0.05 0.05
0 0.5459715248414377 0.46721502818886523 0.05 0.05
0 0.7980856897463002 0.23677105355884412 0.05 0.05
0 0.85516814217759 0.24945604298801954 0.05 0.05
0 0.8900518631078226 0.247341878083157 0.05 0.05
0 0.8678531316067655 0.2409993833685692 0.05 0.05
0 0.4302209963002115 0.21562940451021836 0.05 0.05
0 0.3985085227272728 0.2600268675123324 0.05 0.05
0 0.3477685650105709 0.207172744890768 0.05 0.05
0 0.3921660280126851 0.20083025017618017 0.05 0.05
0 0.4254641252642707 0.15854695207892863 0.05 0.05
0 0.33984044661733626 0.08666534531360087 0.05 0.05
0 0.35886793076109946 0.08032285059901317 0.05 0.05
0 0.2795867468287526 0.08455118040873835 0.05 0.05
0 0.2938573599365751 0.08666534531360087 0.05 0.05
