0 0.674282827287066 0.76953097616544 0.05 0.05
0 0.7973112184542583 0.8606631177707678 0.05 0.05
0 0.8667118493690846 0.8522509200841222 0.05 0.05
0 0.9171850354889586 0.8382305906063794 0.05 0.05
0 0.7394773593585697 0.7218618559411147 0.05 0.05
0 0.7931051196109355 0.6363378461268842 0.05 0.05
0 0.5523059608307043 0.5255772432527166 0.05 0.05
0 0.5596666338065193 0.5003406501927797 0.05 0.05
0 0.542842238433228 0.4821142218717142 0.05 0.05
0 0.5007812499999998 0.5283813091482652 0.05 0.05
0 0.41140164957938996 0.5353914738871366 0.05 0.05
0 0.3998348777602523 0.5115569137749739 0.05 0.05
0 0.41665927313354356 0.49333048545390845 0.05 0.05
0 0.48185380520504717 0.6531622415001755 0.05 0.05
0 0.41140164957938996 0.7513045478443746 0.05 0.05
0 0.37459828470031536 0.8256122940764109 0.05 0.05
0 0.2841671595688748 0.7863553715387313 0.05 0.05
0 0.16008724369085173 0.4554755958640031 0.05 0.05
0 0.27785801130389054 0.10076126007711217 0.05 0.05
0 0.28942478312302833 0.09655516123378938 0.05 0.05
0 0.279961060725552 0.11758565545040346 0.05 0.05
0 0.26734276419558356 0.0713185681738525 0.05 0.05
0 0.21056042981072554 0.0713185681738525 0.05 0.05
0 0.6763858767087274 0.08533889765159515 0.05 0.05
0 0.581748652733964 0.15544054504030883 0.05 0.05
0 0.45241111330178746 0.19890356642131124 0.05 0.05
0 0.19268450972660353 0.04327790921836699 0.05 0.05
