0 0.27416601374156224 0.7826231517197043 0.05 0.05
0 0.3108101796046287 0.7594794680167148 0.05 0.05
0 0.376383950096432 0.7877661925425908 0.05 0.05
0 0.38699147179363547 0.528042630986821 0.05 0.05
0 0.4082065151880424 0.5216138299582128 0.05 0.05
0 0.3985633136451302 0.5048989472838316 0.05 0.05
0 0.5046385306171649 0.5344714320154292 0.05 0.05
0 0.54803293756027 0.465040380906461 0.05 0.05
0 0.633857431292189 0.5473290340726454 0.05 0.05
0 0.7380040079556413 0.5794730392156864 0.05 0.05
0 0.7862200156702025 0.5601866361298619 0.05 0.05
0 0.9289393985053037 0.5563293555126969 0.05 0.05
0 0.8296144226133076 0.4084669318547091 0.05 0.05
0 0.7650049722757956 0.4071811716489876 0.05 0.05
0 0.7678979327386692 0.3030345949855352 0.05 0.05
0 0.8218998613789777 0.300463074574092 0.05 0.05
0 0.6213212692864031 0.1911734570877532 0.05 0.05
0 0.6328931111378978 0.17703009482481516 0.05 0.05
0 0.5962489452748312 0.16674401317904214 0.05 0.05
0 0.6078207871263259 0.08445536001285762 0.05 0.05
0 0.6222855894406943 0.08831264063002256 0.05 0.05
0 0.42556427796528445 0.22588898264223733 0.05 0.05
0 0.44388636089681777 0.2040310591449695 0.05 0.05
0 0.3272036222275796 0.3428931613629059 0.05 0.05
0 0.2828448951301832 0.28117667148826747 0.05 0.05
0 0.20955656340405016 0.26703330922532953 0.05 0.05
0 0.196056081243973 0.3570365236258438 0.05 0.05
0 0.25584393081002893 0.3994666104146577 0.05 0.05
0 0.22884296648987465 0.44318245740919326 0.05 0.05
0 0.20666360294117644 0.11659936515589849 0.05 0.05
0 0.2269143261812922 0.07931231918997111 0.05 0.05
0 0.23173592695274828 0.048454074252651934 0.05 0.05
0 0.30598857883317265 0.09088416104146582 0.05 0.05
0 0.3407041043876567 0.09602720186435233 0.05 0.05
