0 0.2973096974445516 0.7723370700739313 0.05 0.05
0 0.3503473059305689 0.8096241160398586 0.05 0.05
0 0.40917083534233367 0.7671940292510447 0.05 0.05
0 0.45160092213114755 0.6553328913532627 0.05 0.05
0 0.41206379580520724 0.531899911603986 0.05 0.05
0 0.39374171287367404 0.5048989472838316 0.05 0.05
0 0.4072421950337512 0.46889766152362594 0.05 0.05
0 0.5046385306171649 0.5306141513982643 0.05 0.05
0 0.5933559848119575 0.517756549341048 0.05 0.05
0 0.5383897360173577 0.45989734008357447 0.05 0.05
0 0.204734962632594 0.33132131951141114 0.05 0.05
0 0.24137912849566057 0.32489251848280293 0.05 0.05
0 0.29152377651880423 0.31332067663130825 0.05 0.05
0 0.3493829857762777 0.27860515107682426 0.05 0.05
0 0.2992383377531341 0.24131810511089688 0.05 0.05
0 0.273201693587271 0.19374497749919636 0.05 0.05
0 0.28670217574734813 0.17960161523625853 0.05 0.05
0 0.21823544479267118 0.18474465605914503 0.05 0.05
0 0.234628887415622 0.17188705400192864 0.05 0.05
0 0.243307768804243 0.05231135486981676 0.05 0.05
0 0.2654871323529412 0.057454395692703386 0.05 0.05
0 0.2847735354387657 0.09216992124718738 0.05 0.05
0 0.3088815392960463 0.09859872227579558 0.05 0.05
0 0.35131162608486016 0.09602720186435233 0.05 0.05
0 0.4409934004339441 0.20017377852780455 0.05 0.05
0 0.6521795142237223 0.20531681935069107 0.05 0.05
0 0.6743588777724204 0.16160097235615561 0.05 0.05
0 0.7042528025554484 0.14874337029893922 0.05 0.05
0 0.7977918575216971 0.18474465605914503 0.05 0.05
