0 0.20911458333333335 0.10818452380952373 0.05 0.05
0 0.23689236111111106 0.09760251322751318 0.05 0.05
0 0.31228918650793647 0.08702050264550264 0.05 0.05
0 0.37974950396825385 0.1690310846560846 0.05 0.05
0 0.3341145833333332 0.1901951058201058 0.05 0.05
0 0.24086061507936501 0.1901951058201058 0.05 0.05
0 0.18927331349206342 0.23516865079365074 0.05 0.05
0 0.24879712301587292 0.2192956349206348 0.05 0.05
0 0.2686383928571428 0.21400462962962952 0.05 0.05
0 0.34998759920634914 0.22987764550264547 0.05 0.05
0 0.4432415674603174 0.20871362433862425 0.05 0.05
0 0.4610987103174602 0.2060681216931216 0.05 0.05
0 0.23887648809523804 0.2854332010582011 0.05 0.05
0 0.21308283730158725 0.2669146825396825 0.05 0.05
0 0.16149553571428565 0.34892526455026457 0.05 0.05
0 0.22300347222222214 0.3542162698412698 0.05 0.05
0 0.21903521825396818 0.4229993386243386 0.05 0.05
0 0.08808283730158724 0.5420469576719575 0.05 0.05
0 0.02459077380952377 0.6769675925925925 0.05 0.05
0 0.1714161706349206 0.5129464285714285 0.05 0.05
0 0.25673363095238094 0.5155919312169311 0.05 0.05
0 0.24879712301587292 0.6346395502645502 0.05 0.05
0 0.38768601190476176 0.5076554232804232 0.05 0.05
0 0.3956225198412698 0.5235284391534392 0.05 0.05
0 0.4412574404761903 0.740459656084656 0.05 0.05
0 0.4114955357142856 0.740459656084656 0.05 0.05
0 0.37181299603174595 0.7854332010582009 0.05 0.05
0 0.34800347222222217 0.7986607142857143 0.05 0.05
0 0.3261780753968253 0.7642691798941799 0.05 0.05
0 0.2904637896825396 0.7933697089947089 0.05 0.05
0 0.5682415674603173 0.5235284391534392 0.05 0.05
0 0.5741939484126982 0.49971891534391527 0.05 0.05
0 0.5503844246031745 0.4653273809523809 0.05 0.05
0 0.5523685515873015 0.20077711640211635 0.05 0.05
0 0.5622891865079364 0.10818452380952373 0.05 0.05
0 0.5801463293650793 0.09760251322751318 0.05 0.05
0 0.6535590277777776 0.18490410052910042 0.05 0.05
0 0.7071304563492062 0.203422619047619 0.05 0.05
0 0.740860615079365 0.2060681216931216 0.05 0.05
0 0.7646701388888887 0.14522156084656074 0.05 0.05
0 0.8142733134920632 0.4282903439153439 0.05 0.05
0 0.7607018849206347 0.4309358465608465 0.05 0.05
