0 0.06268144193857964 0.4876059660908511 0.05 0.05
0 0.03676973368522074 0.453057021753039 0.05 0.05
0 0.07323806381957775 0.44665906909788866 0.05 0.05
0 0.11930332293666028 0.47736924184261037 0.05 0.05
0 0.2536603286948177 0.32381837811900194 0.05 0.05
0 0.32563729606525915 0.3148612444017914 0.05 0.05
0 0.32371791026871405 0.17794505758157383 0.05 0.05
0 0.4465586012476008 0.20225727767114515 0.05 0.05
0 0.23254708493282156 0.09605126359564929 0.05 0.05
0 0.2546200215930903 0.0806961772232885 0.05 0.05
0 0.2776526511516315 0.03974928023032618 0.05 0.05
0 0.2901286588291747 0.07941658669225843 0.05 0.05
0 0.2718944937619962 0.09733085412667937 0.05 0.05
0 0.31412098128598853 0.0806961772232885 0.05 0.05
0 0.34195207533589256 0.0755778150991682 0.05 0.05
0 0.36402501199616133 0.08325535828534865 0.05 0.05
0 0.3908964131477927 0.04870641394753671 0.05 0.05
0 0.3102822096928983 0.03719009916826614 0.05 0.05
0 0.5665202135316699 0.12676143634037101 0.05 0.05
0 0.5924319217850289 0.1280410268714011 0.05 0.05
0 0.6605701175623802 0.19713891554702484 0.05 0.05
0 0.6749655110364684 0.14083693218170185 0.05 0.05
0 0.5473263555662189 0.46201415547024943 0.05 0.05
0 0.5569232845489445 0.4927243282149712 0.05 0.05
0 0.5492457413627639 0.5285528630838132 0.05 0.05
0 0.5050998680422266 0.5298324536148432 0.05 0.05
0 0.41104996401151633 0.5221549104286628 0.05 0.05
0 0.39953364923224577 0.505520233525272 0.05 0.05
0 0.4216065858925145 0.4812080134357006 0.05 0.05
0 0.832355146353167 0.6757057741522713 0.05 0.05
0 0.4455989083493283 0.8100627799104286 0.05 0.05
0 0.46959123080614207 0.7345669385796545 0.05 0.05
0 0.7594184860844531 0.6744261836212412 0.05 0.05
0 0.7162323056621882 0.4018734005118361 0.05 0.05
