0 0.27165862843551797 0.0930078400281887 0.05 0.05
0 0.2780011231501057 0.09935033474277641 0.05 0.05
0 0.2906861125792812 0.09300784002818858 0.05 0.05
0 0.33825482293868925 0.08666534531360087 0.05 0.05
0 0.3477685650105709 0.08032285059901317 0.05 0.05
0 0.43973473837209304 0.21140107470049305 0.05 0.05
0 0.45717659883720935 0.19871608527131765 0.05 0.05
0 0.3319123282241015 0.207172744890768 0.05 0.05
0 0.2891004889006343 0.207172744890768 0.05 0.05
0 0.25580239164904867 0.3065384954193092 0.05 0.05
0 0.2986142309725158 0.3065384954193092 0.05 0.05
0 0.344597317653277 0.3445934637068357 0.05 0.05
0 0.36045355443974636 0.4016759161381253 0.05 0.05
0 0.3081279730443975 0.3741917723749117 0.05 0.05
0 0.2447030258985201 0.4185892353770259 0.05 0.05
0 0.14797998150105707 0.43550255461592663 0.05 0.05
0 0.0813837869978858 0.4207034002818884 0.05 0.05
0 0.046500066067653244 0.52852581042988 0.05 0.05
0 0.10358251849894289 0.5369824700493304 0.05 0.05
0 0.21616179968287524 0.5729232734319942 0.05 0.05
0 0.17493558403805493 0.6384623854827342 0.05 0.05
0 0.20189118657505284 0.780111434108527 0.05 0.05
0 0.4444916094080339 0.630005725863284 0.05 0.05
0 0.4857178250528542 0.49047084214235365 0.05 0.05
0 0.5428002774841438 0.5221833157152923 0.05 0.05
0 0.5491427721987316 0.46510086328400274 0.05 0.05
0 0.8012569371035942 0.6532615398167722 0.05 0.05
0 0.8218700449260042 0.6194349013389711 0.05 0.05
0 0.8028425607822411 0.2409993833685692 0.05 0.05
0 0.7283182478858352 0.16911777660324154 0.05 0.05
0 0.6791639138477803 0.16911777660324154 0.05 0.05
0 0.35886793076109946 0.09723616983791387 0.05 0.05
0 0.35886793076109946 0.0824370155038757 0.05 0.05
