0 0.3087681208971554 0.0984158460977388 0.05 0.05
0 0.31861494803063456 0.12467405178701665 0.05 0.05
0 0.3448731537199125 0.1224858679795768 0.05 0.05
0 0.2710219502188184 0.15749680889861406 0.05 0.05
0 0.2578928473741794 0.21657777169948922 0.05 0.05
0 0.4466237007658644 0.20344866885485036 0.05 0.05
0 0.45318825218818387 0.20782503646972994 0.05 0.05
0 0.5434508342450767 0.21220140408460963 0.05 0.05
0 0.551656523522976 0.46384254194018953 0.05 0.05
0 0.5040635257111598 0.5229235047410649 0.05 0.05
0 0.41215980579868716 0.533864423778264 0.05 0.05
0 0.39246615153172865 0.5141707695113056 0.05 0.05
0 0.44334142505470464 0.6410854303428155 0.05 0.05
0 0.4564705278993436 0.7220482312180889 0.05 0.05
0 0.4417002871991248 0.70673094456601 0.05 0.05
0 0.38097818654266963 0.8073873997082421 0.05 0.05
0 0.32353836159737415 0.8489628920495988 0.05 0.05
0 0.2628162609409191 0.8533392596644785 0.05 0.05
0 0.2726630880743982 0.8030110320933626 0.05 0.05
0 0.21686440098468274 0.7286127826404083 0.05 0.05
0 0.23163464168490155 0.6826609226841721 0.05 0.05
0 0.11511385393873083 0.6148272246535375 0.05 0.05
0 0.1266018189277899 0.571063548504741 0.05 0.05
0 0.07572654540481397 0.6695318198395331 0.05 0.05
0 0.015004444748358806 0.6016981218088986 0.05 0.05
0 0.036339236870897115 0.4529016229029904 0.05 0.05
0 0.6173020377461708 0.5885690189642595 0.05 0.05
0 0.7797746854485778 0.5097944018964259 0.05 0.05
0 0.8011094775711161 0.4966652990517869 0.05 0.05
0 0.7617221690371992 0.7614355397520058 0.05 0.05
0 0.9734289524070023 0.9824421043034283 0.05 0.05
