0 0.1812780787526427 0.06340953136011258 0.05 0.05
0 0.21774742336152214 0.05706703664552475 0.05 0.05
0 0.24311740221987313 0.04015371740662417 0.05 0.05
0 0.2748298757928119 0.08877951021846352 0.05 0.05
0 0.2811723705073996 0.09300784002818858 0.05 0.05
0 0.295442983615222 0.08877951021846352 0.05 0.05
0 0.33508357558139534 0.08666534531360087 0.05 0.05
0 0.35569668340380556 0.08666534531360087 0.05 0.05
0 0.45876222251585624 0.1902594256518673 0.05 0.05
0 0.22408991807610992 0.27905435165609566 0.05 0.05
0 0.2605592626849894 0.27905435165609566 0.05 0.05
0 0.5491427721987316 0.4629866983791401 0.05 0.05
0 0.7314894952431291 0.30865266032417177 0.05 0.05
0 0.7822294529598309 0.2769401867512331 0.05 0.05
0 0.7473457320295983 0.4312742248062013 0.05 0.05
0 0.6664789244186047 0.8223947322057785 0.05 0.05
0 0.561827761627907 0.8160522374911908 0.05 0.05
0 0.1812780787526427 0.7885680937279774 0.05 0.05
0 0.011616345137420681 0.6744031888653981 0.05 0.05
0 0.588783364164905 0.12472031360112736 0.05 0.05
