0 0.264128272587269 0.8049431040383298 0.05 0.05
0 0.12141780030800824 0.5119930698151952 0.05 0.05
0 0.07521656827515402 0.4859834873374402 0.05 0.05
0 0.4458531185831623 0.5160998459958932 0.05 0.05
0 0.48076071611909654 0.5790704140999315 0.05 0.05
0 0.5105348434291581 0.535264801505818 0.05 0.05
0 0.5454424409650925 0.5188376967830254 0.05 0.05
0 0.5557093814168379 0.4900902635181383 0.05 0.05
0 0.561869545687885 0.46271175564681727 0.05 0.05
0 0.6203911062628338 0.6215071013004791 0.05 0.05
0 0.6655656442505135 0.6146624743326489 0.05 0.05
0 0.6655656442505135 0.5777014887063655 0.05 0.05
0 0.838050243839836 0.5982353696098563 0.05 0.05
0 0.8811713937371664 0.5954975188227242 0.05 0.05
0 0.7610481904517454 0.1656549452429843 0.05 0.05
0 0.6871262191991787 0.1519656913073238 0.05 0.05
0 0.7240872048254621 0.1013154517453799 0.05 0.05
0 0.6327114348049283 0.07119909308692675 0.05 0.05
0 0.613204247946612 0.06572339151266249 0.05 0.05
0 0.4212124614989734 0.32718814168377824 0.05 0.05
0 0.3534506545174539 0.3436152464065709 0.05 0.05
0 0.3000625641683779 0.24642154346338122 0.05 0.05
0 0.2600214964065709 0.2943339322381931 0.05 0.05
0 0.22716728696098568 0.3244502908966461 0.05 0.05
0 0.195339771560575 0.38057623203285423 0.05 0.05
0 0.16967242043121153 0.35867342573579747 0.05 0.05
0 0.1635122561601643 0.3107610369609856 0.05 0.05
0 0.19225968942505137 0.3093921115674197 0.05 0.05
0 0.4479065066735114 0.21356733401779604 0.05 0.05
0 0.450986588809035 0.20535378165639978 0.05 0.05
0 0.3113561986652978 0.1615481690622861 0.05 0.05
0 0.31546297484599595 0.1369075119780972 0.05 0.05
0 0.2867155415811089 0.12048040725530455 0.05 0.05
0 0.2651549666324436 0.10268437713894585 0.05 0.05
0 0.27336851899383985 0.09310189938398353 0.05 0.05
0 0.28876892967145795 0.08625727241615332 0.05 0.05
0 0.3729578413757701 0.04108273442847358 0.05 0.05
0 0.264128272587269 0.15607246748802198 0.05 0.05
0 0.2312740631416838 0.13553858658453113 0.05 0.05
0 0.21279357032854213 0.14922784052019164 0.05 0.05
0 0.5906169789527722 0.12184933264887061 0.05 0.05
0 0.561869545687885 0.186188826146475 0.05 0.05
0 0.34318371406570847 0.03697595824777551 0.05 0.05
