0 0.2064193618881119 0.057859848484848445 0.05 0.05
0 0.31262565559440564 0.09806963869463867 0.05 0.05
0 0.35196131993006996 0.07883886946386945 0.05 0.05
0 0.3427829982517483 0.08058712121212111 0.05 0.05
0 0.44374453671328684 0.20820949883449877 0.05 0.05
0 0.45423404720279714 0.213454254079254 0.05 0.05
0 0.3952305506993007 0.505412296037296 0.05 0.05
0 0.40572006118881115 0.5246430652680654 0.05 0.05
0 0.44636691433566433 0.526391317016317 0.05 0.05
0 0.5079927884615385 0.5718458624708624 0.05 0.05
0 0.5302829982517483 0.5491185897435897 0.05 0.05
0 0.5709298513986015 0.533384324009324 0.05 0.05
0 0.5919088723776225 0.505412296037296 0.05 0.05
0 0.5499508304195805 0.47569201631701635 0.05 0.05
0 0.72696131993007 0.3323353729603729 0.05 0.05
0 0.796454326923077 0.3340836247086247 0.05 0.05
0 0.7951431381118882 0.2501675407925408 0.05 0.05
0 0.8462795017482518 0.22394376456876455 0.05 0.05
0 0.8620137674825177 0.44597173659673667 0.05 0.05
0 0.7466291520979021 0.4652025058275058 0.05 0.05
0 0.9157725087412588 0.5089087995337995 0.05 0.05
0 0.14741586538461537 0.7501675407925409 0.05 0.05
0 0.20379698426573428 0.7536640442890443 0.05 0.05
