0 0.24631226997896943 0.24797471959341072 0.05 0.05
0 0.2841671595688748 0.23255235716789383 0.05 0.05
0 0.2526214182439537 0.1400181826147918 0.05 0.05
0 0.2599820912197686 0.1035653259726607 0.05 0.05
0 0.26944581361724496 0.07832873291272383 0.05 0.05
0 0.24315769584647734 0.08533889765159515 0.05 0.05
0 0.22528177576235536 0.08674093059936941 0.05 0.05
0 0.20845738038906408 0.07692669996494957 0.05 0.05
0 0.2031997568349106 0.06150433753943254 0.05 0.05
0 0.19268450972660353 0.14142021556256607 0.05 0.05
0 0.45030806388012606 0.20310966526463403 0.05 0.05
0 0.38090743296529955 0.14843038030143738 0.05 0.05
0 0.3998348777602523 0.5003406501927797 0.05 0.05
0 0.41035012486855926 0.5339894409393623 0.05 0.05
0 0.4450504403259726 0.5157630126182968 0.05 0.05
0 0.5091934476866455 0.5311853750438137 0.05 0.05
0 0.5470483372765508 0.5199691114616196 0.05 0.05
0 0.5586151090956886 0.4905264195583598 0.05 0.05
0 0.5459968125657201 0.4694959253417457 0.05 0.05
0 0.7804868230809672 0.48912438661058555 0.05 0.05
0 0.5638727326498421 0.19750153347353697 0.05 0.05
0 0.41665927313354356 0.7877574044865056 0.05 0.05
0 0.34831016692954775 0.815798063441991 0.05 0.05
0 0.3104552773396424 0.7765411409043115 0.05 0.05
0 0.1506235212933754 0.8200041622853138 0.05 0.05
