0 0.047326355566218795 0.7857505598208575 0.05 0.05
0 0.11258547264875243 0.7512016154830454 0.05 0.05
0 0.09723038627639156 0.5771773032629558 0.05 0.05
0 0.36114593330134365 0.7908689219449776 0.05 0.05
0 0.4647927663147794 0.7332873480486245 0.05 0.05
0 0.4072111924184261 0.524714091490723 0.05 0.05
0 0.3937754918426104 0.5106385956493923 0.05 0.05
0 0.413929042706334 0.48376719449776073 0.05 0.05
0 0.5050998680422266 0.5336712252079335 0.05 0.05
0 0.5415681981765836 0.5208753198976327 0.05 0.05
0 0.5588426703454895 0.49784269033909145 0.05 0.05
0 0.5482860484644914 0.4748100607805502 0.05 0.05
0 0.7997255878119003 0.505520233525272 0.05 0.05
0 0.7594184860844531 0.13187979846449133 0.05 0.05
0 0.7622975647792708 0.12164307421625083 0.05 0.05
0 0.6356181022072938 0.13571857005758153 0.05 0.05
0 0.4436795225527832 0.21249400191938578 0.05 0.05
0 0.40145303502879087 0.2060960492642354 0.05 0.05
0 0.4551958373320538 0.20353686820217523 0.05 0.05
0 0.36306531909788875 0.16003079014715288 0.05 0.05
0 0.3227582173704415 0.17538587651951368 0.05 0.05
0 0.25078125000000007 0.1843430102367242 0.05 0.05
0 0.24118432101727452 0.1536328374920025 0.05 0.05
0 0.22199046305182346 0.17794505758157383 0.05 0.05
0 0.22199046305182346 0.23040826935380684 0.05 0.05
0 0.19319967610364688 0.09093290147152899 0.05 0.05
0 0.22966800623800387 0.09605126359564929 0.05 0.05
0 0.24310370681381963 0.08965331094049904 0.05 0.05
0 0.2392649352207294 0.06534109085092771 0.05 0.05
0 0.18360274712092134 0.04230846129238633 0.05 0.05
0 0.2738138795585413 0.10372880678182976 0.05 0.05
0 0.2853301943378119 0.11140634996801022 0.05 0.05
0 0.2882092730326296 0.07301863403710804 0.05 0.05
0 0.32947606765834936 0.08197576775431857 0.05 0.05
0 0.36114593330134365 0.08325535828534865 0.05 0.05
0 0.3717025551823417 0.08709412987843888 0.05 0.05
0 0.3477102327255279 0.04870641394753671 0.05 0.05
