0 0.023389031282860195 0.6433480108657555 0.05 0.05
0 0.02759513012618301 0.4919284525061341 0.05 0.05
0 0.3630315128811776 0.08674093059936941 0.05 0.05
0 0.27680648659305984 0.10917345776375775 0.05 0.05
0 0.27785801130389054 0.0909470294426922 0.05 0.05
0 0.28942478312302833 0.0909470294426922 0.05 0.05
0 0.23159092402733958 0.10636939186820922 0.05 0.05
0 0.2273848251840168 0.0671124693305296 0.05 0.05
0 0.2042512815457413 0.10917345776375775 0.05 0.05
0 0.20845738038906408 0.03626774447949567 0.05 0.05
0 0.21266347923238693 0.3377048282509642 0.05 0.05
0 0.18111773790746583 0.3334987294076413 0.05 0.05
0 0.27680648659305984 0.35733328951980403 0.05 0.05
0 0.32412509858044153 0.341910927094287 0.05 0.05
0 0.32412509858044153 0.2704072467577992 0.05 0.05
0 0.35146474106203984 0.2830255432877676 0.05 0.05
0 0.2578790417981072 0.2003055993690855 0.05 0.05
0 0.18111773790746583 0.2087177970557311 0.05 0.05
0 0.3914226800736066 0.5087528478794253 0.05 0.05
0 0.40824707544689787 0.5255772432527166 0.05 0.05
0 0.23790007229232382 0.717655757097792 0.05 0.05
0 0.33674339511041 0.7709330091132143 0.05 0.05
0 0.3882681059411145 0.8228082281808624 0.05 0.05
0 0.4366382426393269 0.77934520679986 0.05 0.05
0 0.5480998619873815 0.5998849894847531 0.05 0.05
0 0.5155025959516297 0.5353914738871366 0.05 0.05
0 0.5533574855415351 0.5255772432527166 0.05 0.05
0 0.5670273067823342 0.5003406501927797 0.05 0.05
0 0.5470483372765508 0.4694959253417457 0.05 0.05
0 0.7016224697686643 0.45687762881177735 0.05 0.05
0 0.7478895570452153 0.4638877935506487 0.05 0.05
0 0.6164489681913773 0.8101899316508939 0.05 0.05
0 0.6490462342271291 0.9167444356817387 0.05 0.05
0 0.684798074395373 0.8270143270241852 0.05 0.05
0 0.7605078535751837 0.9027241062039959 0.05 0.05
0 0.8477844045741321 0.6545642744479497 0.05 0.05
0 0.898257590694006 0.6167093848580444 0.05 0.05
0 0.8446298304416402 0.4358471345951633 0.05 0.05
0 0.8951030165615137 0.45267152996845456 0.05 0.05
0 0.7762807242376444 0.26199504907115345 0.05 0.05
0 0.7478895570452153 0.3194783999298986 0.05 0.05
0 0.6995194203470029 0.09515312828601499 0.05 0.05
0 0.5722849303364878 0.2241401594812481 0.05 0.05
0 0.44925653916929537 0.19750153347353697 0.05 0.05
