0 0.27165862843551797 0.0930078400281887 0.05 0.05
0 0.2891004889006343 0.09089367512332605 0.05 0.05
0 0.30654234936575053 0.09089367512332605 0.05 0.05
0 0.33825482293868925 0.09300784002818858 0.05 0.05
0 0.344597317653277 0.08455118040873835 0.05 0.05
0 0.25421676797040166 0.14586196264975312 0.05 0.05
0 0.30019985465116283 0.14586196264975312 0.05 0.05
0 0.2082336812896406 0.22831439393939376 0.05 0.05
0 0.21140492864693447 0.21562940451021836 0.05 0.05
0 0.25738801532769556 0.20928690979563053 0.05 0.05
0 0.3144704677589852 0.20294441508104283 0.05 0.05
0 0.4444916094080339 0.21140107470049305 0.05 0.05
0 0.45876222251585624 0.1923735905567298 0.05 0.05
0 0.45876222251585624 0.207172744890768 0.05 0.05
0 0.18920619714587736 0.4185892353770259 0.05 0.05
0 0.5047453091966174 0.5179549859055671 0.05 0.05
0 0.5507283958773785 0.47144335799859044 0.05 0.05
0 0.44290598572938694 0.6384623854827342 0.05 0.05
0 0.4888890724101481 0.7145723220577871 0.05 0.05
0 0.7172188821353067 0.25157020789288204 0.05 0.05
0 0.6474514402748415 0.17123194150810406 0.05 0.05
0 0.5998827299154335 0.17123194150810406 0.05 0.05
0 0.8963943578224102 0.32768014446793503 0.05 0.05
