0 0.18150677447552446 0.05785984848484856 0.05 0.05
0 0.20773055069930071 0.05436334498834488 0.05 0.05
0 0.26804523601398605 0.08932837995337989 0.05 0.05
0 0.28902425699300704 0.09282488344988345 0.05 0.05
0 0.31393684440559444 0.09981789044289044 0.05 0.05
0 0.32704873251748257 0.11730040792540788 0.05 0.05
0 0.34409418706293715 0.08058712121212111 0.05 0.05
0 0.35196131993006996 0.08233537296037288 0.05 0.05
0 0.240510270979021 0.16100670163170155 0.05 0.05
0 0.2903354458041958 0.16100670163170155 0.05 0.05
0 0.442433347902098 0.20995775058275054 0.05 0.05
0 0.45161166958041965 0.21695075757575755 0.05 0.05
0 0.5958424388111888 0.12079691142191133 0.05 0.05
0 0.59453125 0.49492278554778557 0.05 0.05
0 0.6194438374125875 0.49492278554778557 0.05 0.05
0 0.5486396416083916 0.4686990093240093 0.05 0.05
0 0.5263494318181818 0.547370337995338 0.05 0.05
0 0.4621011800699302 0.5491185897435897 0.05 0.05
0 0.35458369755244756 0.3795381701631702 0.05 0.05
0 0.3152480332167832 0.4284892191142191 0.05 0.05
0 0.2444438374125874 0.41625145687645687 0.05 0.05
0 0.1815067744755245 0.3952724358974359 0.05 0.05
0 0.08841236888111888 0.4354822261072261 0.05 0.05
0 0.21035292832167835 0.540377331002331 0.05 0.05
0 0.2746011800699301 0.7571605477855479 0.05 0.05
0 0.3231151660839161 0.7816360722610723 0.05 0.05
0 0.42538789335664334 0.7589087995337995 0.05 0.05
0 0.7453179632867133 0.5228948135198136 0.05 0.05
0 0.838412368881119 0.5456220862470862 0.05 0.05
0 0.3306992827868853 0.165886839708561 0.05 0.05
