0 0.0065646359095689385 0.5970809235892046 0.05 0.05
0 0.18637536146161932 0.3363027953031898 0.05 0.05
0 0.19163298501577283 0.1806771381002457 0.05 0.05
0 0.22843634989484748 0.16525477567472865 0.05 0.05
0 0.24631226997896943 0.13300801787592037 0.05 0.05
0 0.19583908385909568 0.08393686470382088 0.05 0.05
0 0.18637536146161932 0.0629063704872068 0.05 0.05
0 0.26839428890641426 0.09234906239046646 0.05 0.05
0 0.2820641101472134 0.09515312828601499 0.05 0.05
0 0.28732173370136693 0.08954499649491794 0.05 0.05
0 0.3115068020504731 0.10076126007711217 0.05 0.05
0 0.3272796727129337 0.09655516123378938 0.05 0.05
0 0.34620711750788635 0.07973076586049808 0.05 0.05
0 0.3682891364353312 0.09234906239046646 0.05 0.05
0 0.34831016692954775 0.039071810375044196 0.05 0.05
0 0.37564980941114606 0.04608197511391552 0.05 0.05
0 0.4050925013144058 0.04608197511391552 0.05 0.05
0 0.6574584319137747 0.19750153347353697 0.05 0.05
0 0.5575635843848579 0.2045116982124083 0.05 0.05
0 0.33253729626708717 0.2409645548545394 0.05 0.05
0 0.3062491784963196 0.7919635033298285 0.05 0.05
0 0.37249523527865397 0.8045817998597968 0.05 0.05
0 0.4019379271819137 0.8592610848229935 0.05 0.05
0 0.42822604495268124 0.7723350420609887 0.05 0.05
0 0.40614402602523647 0.5255772432527166 0.05 0.05
0 0.3945772542060987 0.5031447160883283 0.05 0.05
0 0.41140164957938996 0.4779081230283914 0.05 0.05
0 0.5091934476866455 0.5353914738871366 0.05 0.05
0 0.5523059608307043 0.517165045566071 0.05 0.05
0 0.5659757820715035 0.49333048545390845 0.05 0.05
0 0.5459968125657201 0.4666918594461972 0.05 0.05
0 0.6385309871188221 0.6587703732912725 0.05 0.05
0 0.702673994479495 0.6573683403434983 0.05 0.05
0 0.7762807242376444 0.5746483964248162 0.05 0.05
0 0.8351661080441637 0.557824001051525 0.05 0.05
