0 0.20314138986013983 0.06660110722610733 0.05 0.05
0 0.2306763548951049 0.06485285547785544 0.05 0.05
0 0.1939630681818182 0.1435241841491841 0.05 0.05
0 0.2621448863636364 0.09981789044289044 0.05 0.05
0 0.3093476835664336 0.08932837995337989 0.05 0.05
0 0.44440013111888116 0.2064612470862471 0.05 0.05
0 0.2660784527972028 0.255412296037296 0.05 0.05
0 0.21363090034965032 0.29212558275058265 0.05 0.05
0 0.16511691433566436 0.3900276806526807 0.05 0.05
0 0.23592111013986017 0.4127549533799533 0.05 0.05
0 0.25952250874125876 0.33932837995338 0.05 0.05
0 0.2962357954545454 0.3550626456876457 0.05 0.05
0 0.3657288024475524 0.3882794289044289 0.05 0.05
0 0.38801901223776225 0.5089087995337995 0.05 0.05
0 0.40899803321678324 0.5368808275058276 0.05 0.05
0 0.016952578671328645 0.6225451631701632 0.05 0.05
0 0.07071131993006992 0.6068108974358974 0.05 0.05
0 0.32508194930069934 0.7641535547785547 0.05 0.05
0 0.36048404720279725 0.7833843240093241 0.05 0.05
0 0.3985085227272728 0.7641535547785547 0.05 0.05
0 0.43259943181818183 0.7746430652680654 0.05 0.05
0 0.46406796328671335 0.7152025058275059 0.05 0.05
0 0.6725469842657343 0.8428248834498836 0.05 0.05
0 0.5584735576923078 0.5159018065268065 0.05 0.05
0 0.5807637674825175 0.49142628205128214 0.05 0.05
0 0.5479840472027973 0.4721955128205128 0.05 0.05
0 0.7000819493006993 0.29212558275058265 0.05 0.05
0 0.7774420891608391 0.3235941142191142 0.05 0.05
0 0.8233336975524477 0.34806963869463864 0.05 0.05
0 0.8285784527972029 0.5211465617715618 0.05 0.05
0 0.7499071241258741 0.49492278554778557 0.05 0.05
