0 0.20569928278688526 0.06388319672131146 0.05 0.05
0 0.18255559908389588 0.05102559466409519 0.05 0.05
0 0.059122619334619084 0.46118310028929604 0.05 0.05
0 0.09576678519768562 0.46246886049501773 0.05 0.05
0 0.14880439368370296 0.45989734008357447 0.05 0.05
0 0.39277739271938283 0.5100419881067181 0.05 0.05
0 0.4101351554966248 0.5331856718097076 0.05 0.05
0 0.44388636089681777 0.6424752892960464 0.05 0.05
0 0.4033849144165863 0.769765549662488 0.05 0.05
0 0.5065671709257473 0.5357571922211508 0.05 0.05
0 0.2365575277242044 0.7736228302796528 0.05 0.05
0 0.6512151940694311 0.9677726213436195 0.05 0.05
0 0.3329895431533269 0.7723370700739313 0.05 0.05
0 0.582748463114754 0.49589862584378014 0.05 0.05
0 0.5518902181774349 0.45346853905496626 0.05 0.05
0 0.5798555026518805 0.36989412568306007 0.05 0.05
0 0.6473579134522661 0.3056061153969786 0.05 0.05
0 0.7138960040983606 0.33903588074574104 0.05 0.05
0 0.6136067080520733 0.17960161523625853 0.05 0.05
0 0.45160092213114755 0.2104598601735777 0.05 0.05
0 0.346490025313404 0.09345568145290907 0.05 0.05
0 0.30791721914175507 0.09216992124718738 0.05 0.05
0 0.28188057497589203 0.09216992124718738 0.05 0.05
0 0.6820734390067502 0.18217313564770177 0.05 0.05
0 0.8074350590646094 0.24774690613950506 0.05 0.05
0 0.8373289838476374 0.25546146737383485 0.05 0.05
0 0.7717552133558341 0.3287497990999679 0.05 0.05
0 0.8652942683220829 0.4393251767920283 0.05 0.05
0 0.9154389163452266 0.4354678961748635 0.05 0.05
