0 0.18085118006993003 0.110307400932401 0.05 0.05
0 0.26345607517482517 0.290377331002331 0.05 0.05
0 0.2621448863636364 0.33058712121212125 0.05 0.05
0 0.20969733391608392 0.30086684149184156 0.05 0.05
0 0.21363090034965032 0.34632138694638687 0.05 0.05
0 0.14413789335664334 0.4442234848484849 0.05 0.05
0 0.07464488636363635 0.43373397435897443 0.05 0.05
0 0.013019012237762228 0.5526150932400932 0.05 0.05
0 0.07202250874125873 0.5998178904428905 0.05 0.05
0 0.10086866258741256 0.58932837995338 0.05 0.05
0 0.3106588723776224 0.08758012820512823 0.05 0.05
0 0.36048404720279725 0.29212558275058265 0.05 0.05
0 0.3945749562937063 0.2746430652680653 0.05 0.05
0 0.4417777534965035 0.20995775058275054 0.05 0.05
0 0.6948371940559441 0.15751019813519812 0.05 0.05
0 0.7341728583916085 0.16275495337995333 0.05 0.05
0 0.7761309003496504 0.23967803030303023 0.05 0.05
0 0.7905539772727274 0.26590180652680645 0.05 0.05
0 0.827267263986014 0.227440268065268 0.05 0.05
0 0.7944875437062938 0.39702068764568765 0.05 0.05
0 0.5479840472027973 0.4704472610722611 0.05 0.05
0 0.5742078234265735 0.48268502331002333 0.05 0.05
0 0.5610959353146854 0.5141535547785547 0.05 0.05
0 0.3893302010489511 0.505412296037296 0.05 0.05
0 0.40506446678321684 0.5298878205128206 0.05 0.05
0 0.28312390734265735 0.7589087995337995 0.05 0.05
0 0.36703999125874126 0.7868808275058276 0.05 0.05
0 0.3985085227272728 0.7449227855477856 0.05 0.05
0 0.43259943181818183 0.7991185897435897 0.05 0.05
0 0.5440504807692308 0.7256920163170163 0.05 0.05
0 0.5728966346153846 0.58932837995338 0.05 0.05
0 0.6410784527972029 0.6994682400932402 0.05 0.05
0 0.7158162150349652 0.6749927156177157 0.05 0.05
0 0.8220225087412588 0.7134542540792541 0.05 0.05
0 0.799732298951049 0.8410766317016318 0.05 0.05
0 0.9020050262237763 0.8742934149184151 0.05 0.05
