0 0.5036742104628736 0.5409002330440373 0.05 0.05
0 0.5952846251205399 0.5074704676952748 0.05 0.05
0 0.5470686174059788 0.4701834217293475 0.05 0.05
0 0.40627787487945993 0.4714691819350692 0.05 0.05
0 0.38795579194792673 0.5074704676952748 0.05 0.05
0 0.4101351554966248 0.531899911603986 0.05 0.05
0 0.45352956243972997 0.6501898505303761 0.05 0.05
0 0.40917083534233367 0.7414788251366121 0.05 0.05
0 0.3397397842333655 0.7993380343940856 0.05 0.05
0 0.2886308160559306 0.7620509884281581 0.05 0.05
0 0.14012551229508197 0.696477217936355 0.05 0.05
0 0.12469638982642237 0.5370429524268725 0.05 0.05
0 0.14108983244937318 0.430324855351977 0.05 0.05
0 0.21341384402121505 0.2516041867566699 0.05 0.05
0 0.2336645672613308 0.3056061153969786 0.05 0.05
0 0.2597012114271938 0.22460322243651565 0.05 0.05
0 0.27995193466730955 0.24388962552234011 0.05 0.05
0 0.30309561837029897 0.3120349164255867 0.05 0.05
0 0.33781114392478306 0.34803620218579234 0.05 0.05
0 0.25102233003857277 0.10117024268723883 0.05 0.05
0 0.22884296648987465 0.08959840083574425 0.05 0.05
0 0.2886308160559306 0.09474144165863076 0.05 0.05
0 0.31177449975891997 0.09859872227579558 0.05 0.05
0 0.3484186656219864 0.10245600289296052 0.05 0.05
0 0.3329895431533269 0.19374497749919636 0.05 0.05
0 0.35131162608486016 0.1924592172934748 0.05 0.05
0 0.3590261873191899 0.16674401317904214 0.05 0.05
0 0.38602715163934426 0.16802977338476383 0.05 0.05
0 0.4448506810511089 0.20788833976213444 0.05 0.05
0 0.6676086366923818 0.31332067663130825 0.05 0.05
0 0.6647156762295082 0.33003555930568945 0.05 0.05
0 0.844079224927676 0.42003877370620385 0.05 0.05
0 0.7225748854869817 0.4354678961748635 0.05 0.05
0 0.6454292731436837 0.7787658711025395 0.05 0.05
0 0.7370396878013501 0.7813373915139827 0.05 0.05
0 0.8411862644648023 0.794194993571199 0.05 0.05
0 0.9318323589681775 0.7569079476052717 0.05 0.05
