0 0.26690175739957717 0.07820868569415064 0.05 0.05
0 0.2891004889006343 0.08455118040873835 0.05 0.05
0 0.33666919926004224 0.08877951021846352 0.05 0.05
0 0.35569668340380556 0.09300784002818858 0.05 0.05
0 0.38899478065539117 0.207172744890768 0.05 0.05
0 0.45717659883720935 0.19448775546159247 0.05 0.05
0 0.344597317653277 0.23254272374911883 0.05 0.05
0 0.32081296247357294 0.22620022903453124 0.05 0.05
0 0.2891004889006343 0.22408606412966858 0.05 0.05
0 0.18603494978858348 0.30231016560958396 0.05 0.05
0 0.2447030258985201 0.30865266032417177 0.05 0.05
0 0.2891004889006343 0.3149951550387596 0.05 0.05
0 0.24311740221987313 0.40590424594785046 0.05 0.05
0 0.3097135967230444 0.4185892353770259 0.05 0.05
0 0.1907918208245243 0.7420564658210006 0.05 0.05
0 0.5856121168076112 0.09512200493305123 0.05 0.05
0 0.612567719344609 0.0824370155038757 0.05 0.05
0 0.7124620110993659 0.156432787174066 0.05 0.05
0 0.7505169793868923 0.22408606412966858 0.05 0.05
0 0.7140476347780128 0.805481412966878 0.05 0.05
0 0.7885719476744187 0.8329655567300915 0.05 0.05
0 0.5491427721987316 0.47144335799859044 0.05 0.05
