0 0.2795867468287526 0.09089367512332618 0.05 0.05
0 0.2938573599365751 0.09089367512332605 0.05 0.05
0 0.33984044661733626 0.08877951021846352 0.05 0.05
0 0.35728230708245245 0.09512200493305123 0.05 0.05
0 0.42229287790697684 0.20083025017618017 0.05 0.05
0 0.44132036205074004 0.21140107470049305 0.05 0.05
0 0.45717659883720935 0.18814526074700477 0.05 0.05
0 0.6442801929175477 0.207172744890768 0.05 0.05
0 0.6791639138477803 0.1839169309372796 0.05 0.05
0 0.6411089455602538 0.25579853770260735 0.05 0.05
0 0.6886776559196618 0.2304285588442563 0.05 0.05
0 0.5871977404862581 0.3297943093727975 0.05 0.05
0 0.5507283958773785 0.47144335799859044 0.05 0.05
0 0.6728214191331925 0.6553757047216349 0.05 0.05
0 0.7219757531712474 0.6405765503875968 0.05 0.05
0 0.1939630681818182 0.6194349013389711 0.05 0.05
0 0.21774742336152214 0.6490332100070472 0.05 0.05
0 0.32398420983086684 0.8393080514446792 0.05 0.05
