0 0.20981930496828755 0.24945604298801966 0.05 0.05
0 0.33984044661733626 0.24945604298801954 0.05 0.05
0 0.4460772330866808 0.20928690979563053 0.05 0.05
0 0.4540053514799155 0.20505857998590535 0.05 0.05
0 0.46034784619450325 0.19660192036645513 0.05 0.05
0 0.6300095798097252 0.45453003875968984 0.05 0.05
0 0.5459715248414377 0.46721502818886523 0.05 0.05
0 0.4492484804439747 0.6278915609584212 0.05 0.05
0 0.21140492864693447 0.7589697850599013 0.05 0.05
0 0.7711300872093025 0.43973088442565167 0.05 0.05
0 0.8456544001057085 0.43973088442565167 0.05 0.05
0 0.8123563028541227 0.5369824700493304 0.05 0.05
0 0.7695444635306554 0.5221833157152923 0.05 0.05
0 0.27641549947145877 0.09089367512332605 0.05 0.05
0 0.2906861125792812 0.08877951021846352 0.05 0.05
0 0.30019985465116283 0.08877951021846352 0.05 0.05
0 0.33825482293868925 0.09089367512332605 0.05 0.05
0 0.3461829413319239 0.08032285059901317 0.05 0.05
0 0.7227757855191257 0.9855589708561021 0.05 0.05
