0 0.24182145979020975 0.07009761072261078 0.05 0.05
0 0.26935642482517486 0.09981789044289044 0.05 0.05
0 0.27591236888111886 0.09981789044289044 0.05 0.05
0 0.28509069055944053 0.09981789044289044 0.05 0.05
0 0.3113144667832168 0.09632138694638688 0.05 0.05
0 0.3572060751748252 0.08583187645687644 0.05 0.05
0 0.3427829982517483 0.08583187645687644 0.05 0.05
0 0.28902425699300704 0.1365311771561771 0.05 0.05
0 0.3296711101398601 0.1365311771561771 0.05 0.05
0 0.4398109702797203 0.21170600233100234 0.05 0.05
0 0.44636691433566433 0.22044726107226112 0.05 0.05
0 0.24706621503496504 0.3952724358974359 0.05 0.05
0 0.2837795017482518 0.4040136946386947 0.05 0.05
0 0.47390187937062933 0.5368808275058276 0.05 0.05
0 0.5145487325174825 0.5491185897435897 0.05 0.05
0 0.5525732080419582 0.4686990093240093 0.05 0.05
0 0.2628004807692308 0.7519157925407925 0.05 0.05
0 0.3178704108391609 0.7693983100233102 0.05 0.05
0 0.3454053758741259 0.9407269813519814 0.05 0.05
0 0.4621011800699302 0.7466710372960373 0.05 0.05
0 0.7217165646853149 0.7466710372960373 0.05 0.05
0 0.8764368444055946 0.9127549533799535 0.05 0.05
0 0.6443564248251749 0.262405303030303 0.05 0.05
0 0.67189138986014 0.24667103729603734 0.05 0.05
0 0.7020487325174827 0.24492278554778554 0.05 0.05
0 0.747940340909091 0.2886290792540792 0.05 0.05
0 0.810877403846154 0.297370337995338 0.05 0.05
0 0.7859648164335665 0.22044726107226112 0.05 0.05
