0 0.01949526151631479 0.6091670665387077 0.05 0.05
0 0.0578829774472169 0.6002099328214971 0.05 0.05
0 0.049245741362763926 0.47225087971849006 0.05 0.05
0 0.21719199856046068 0.4645733365323096 0.05 0.05
0 0.17496551103646837 0.7524812060140754 0.05 0.05
0 0.20471599088291753 0.7320077575175944 0.05 0.05
0 0.4878253958733206 0.560542626359565 0.05 0.05
0 0.40913057821497123 0.525993682021753 0.05 0.05
0 0.394735184740883 0.5093590051183622 0.05 0.05
0 0.4148887356046066 0.47736924184261037 0.05 0.05
0 0.5425278910748561 0.46713251759436974 0.05 0.05
0 0.20951445537428026 0.3199796065259117 0.05 0.05
0 0.2546200215930903 0.23552663147792702 0.05 0.05
0 0.22486954174664114 0.18690219129878435 0.05 0.05
0 0.2565394073896353 0.17666546705054376 0.05 0.05
0 0.3006852807101728 0.2278490882917467 0.05 0.05
0 0.28916896593090213 0.20737563979526547 0.05 0.05
0 0.29972558781190023 0.14723488483685213 0.05 0.05
0 0.34291176823416514 0.1523532469609724 0.05 0.05
0 0.3457908469289828 0.1907409628918746 0.05 0.05
0 0.30932251679462575 0.10244921625079968 0.05 0.05
0 0.34291176823416514 0.1062879878438899 0.05 0.05
0 0.1960787547984645 0.0704594529750479 0.05 0.05
0 0.3784204054702496 0.20737563979526547 0.05 0.05
0 0.4254453574856047 0.20865523032629554 0.05 0.05
0 0.49742232485604615 0.20737563979526547 0.05 0.05
0 0.6471344169865644 0.1792246481126039 0.05 0.05
0 0.6711267394433782 0.1062879878438899 0.05 0.05
0 0.7018369121880998 0.13443897952655146 0.05 0.05
0 0.7267889275431862 0.22401031669865645 0.05 0.05
0 0.7555797144913629 0.26751639475367883 0.05 0.05
0 0.8093225167946259 0.2790327095329495 0.05 0.05
