0 0.2272611654334038 0.17968860112755453 0.05 0.05
0 0.25738801532769556 0.1902594256518673 0.05 0.05
0 0.2447030258985201 0.13106280831571507 0.05 0.05
0 0.27324425211416487 0.1331769732205777 0.05 0.05
0 0.2780011231501057 0.08877951021846352 0.05 0.05
0 0.2827579941860465 0.09723616983791387 0.05 0.05
0 0.33508357558139534 0.08666534531360087 0.05 0.05
0 0.35728230708245245 0.08666534531360087 0.05 0.05
0 0.37313854386892176 0.04015371740662417 0.05 0.05
0 0.35252543604651165 0.12683447850599 0.05 0.05
0 0.43973473837209304 0.16911777660324154 0.05 0.05
0 0.6474514402748415 0.26214103241719494 0.05 0.05
0 0.6997770216701904 0.2705976920366453 0.05 0.05
0 0.5459715248414377 0.46932919309372784 0.05 0.05
0 0.2811723705073996 0.7441706307258632 0.05 0.05
0 0.2684873810782241 0.8731346899224806 0.05 0.05
0 0.20189118657505284 0.739942300916138 0.05 0.05
0 0.11626750792811838 0.6786315186751233 0.05 0.05
