0 0.10435643401682441 0.4260329039607433 0.05 0.05
0 0.16534486724500524 0.3180763669821244 0.05 0.05
0 0.19794213328075708 0.2830255432877676 0.05 0.05
0 0.2599820912197686 0.23675845601121662 0.05 0.05
0 0.26629123948475286 0.27180927970557345 0.05 0.05
0 0.32097052444794943 0.27180927970557345 0.05 0.05
0 0.3062491784963196 0.22273812653347386 0.05 0.05
0 0.3577738893270241 0.26339708201892775 0.05 0.05
0 0.37354675998948467 0.264799114966702 0.05 0.05
0 0.3966803036277601 0.2788194444444448 0.05 0.05
0 0.41350469900105136 0.2928397739221874 0.05 0.05
0 0.42717452024185054 0.2241401594812481 0.05 0.05
0 0.44820501445846467 0.25919098317560496 0.05 0.05
0 0.45030806388012606 0.2087177970557311 0.05 0.05
0 0.41140164957938996 0.3503231247809327 0.05 0.05
0 0.393525729495268 0.49753658429723124 0.05 0.05
0 0.4050925013144058 0.5129589467227482 0.05 0.05
0 0.44399891561514176 0.5157630126182968 0.05 0.05
0 0.25577599237644577 0.11057549071153201 0.05 0.05
0 0.28942478312302833 0.09655516123378938 0.05 0.05
0 0.29783698080967397 0.07272060112162677 0.05 0.05
0 0.18532383675078862 0.08954499649491794 0.05 0.05
0 0.6669221543112511 0.135812083771469 0.05 0.05
0 0.7089831427444793 0.13441005082369462 0.05 0.05
0 0.5828001774447947 0.7821492726954085 0.05 0.05
0 0.6805919755520502 0.7849533385909571 0.05 0.05
0 0.7647139524185065 0.7877574044865056 0.05 0.05
0 0.49972972528916915 0.5283813091482652 0.05 0.05
0 0.5365330901682437 0.5283813091482652 0.05 0.05
0 0.5586151090956886 0.5031447160883283 0.05 0.05
0 0.5459968125657201 0.4624857606028744 0.05 0.05
0 0.23053939931650888 0.7667269102698915 0.05 0.05
0 0.56071815851735 0.18908933578689138 0.05 0.05
