0 0.6912329953798768 0.30391640999315517 0.05 0.05
0 0.7179270405544149 0.3531977241615332 0.05 0.05
0 0.6737791966119098 0.26969327515400415 0.05 0.05
0 0.6943130775154005 0.24915939425051334 0.05 0.05
0 0.7702884368583163 0.2149362594113621 0.05 0.05
0 0.7312740631416839 0.1615481690622861 0.05 0.05
0 0.7528346380903492 0.14785891512662558 0.05 0.05
0 0.8103295046201232 0.25737294661190974 0.05 0.05
0 0.8390769378850104 0.2929650068446269 0.05 0.05
0 0.8257299152977413 0.3518287987679672 0.05 0.05
0 0.8585841247433266 0.48324563655030806 0.05 0.05
0 0.9017052746406572 0.4941970396988365 0.05 0.05
0 0.51772170174538 0.5845461156741958 0.05 0.05
0 0.5033479851129364 0.5421094284736482 0.05 0.05
0 0.453039976899384 0.5325269507186859 0.05 0.05
0 0.5474958290554415 0.4722942334017797 0.05 0.05
0 0.4663869994866531 0.6379342060232719 0.05 0.05
0 0.6491385395277208 0.7748267453798768 0.05 0.05
0 0.28055537731006164 0.7748267453798768 0.05 0.05
0 0.25078125000000007 0.46955638261464755 0.05 0.05
0 0.19020630133470232 0.4668185318275154 0.05 0.05
0 0.19431307751540045 0.2505283196440794 0.05 0.05
0 0.2066334060574949 0.14785891512662558 0.05 0.05
0 0.1984198536960986 0.12048040725530455 0.05 0.05
0 0.27644860112936354 0.09583975017111565 0.05 0.05
0 0.2867155415811089 0.08899512320328545 0.05 0.05
0 0.40786543891170435 0.3093921115674197 0.05 0.05
0 0.41813237936344977 0.23273228952772082 0.05 0.05
0 0.4448264245379877 0.21356733401779604 0.05 0.05
0 0.450986588809035 0.19987808008213553 0.05 0.05
0 0.4006785805954826 0.1369075119780972 0.05 0.05
0 0.5505759111909652 0.19303345311430534 0.05 0.05
0 0.2117668762833676 0.0479273613963039 0.05 0.05
