0 0.8035643594049903 0.20353686820217548 0.05 0.05
0 0.6634491962571978 0.19841850607805492 0.05 0.05
0 0.6260211732245682 0.20865523032629554 0.05 0.05
0 0.6125854726487525 0.11652471209213051 0.05 0.05
0 0.639456873800384 0.11012675943698014 0.05 0.05
0 0.8851382557581575 0.433863163787588 0.05 0.05
0 0.8304357605566219 0.4236264395393474 0.05 0.05
0 0.7258292346449137 0.41211012476007675 0.05 0.05
0 0.7162323056621882 0.3199796065259117 0.05 0.05
0 0.6557716530710174 0.3865183141394754 0.05 0.05
0 0.6576910388675625 0.42746521113243763 0.05 0.05
0 0.49454324616122847 0.5362304062699936 0.05 0.05
0 0.5434875839731287 0.4748100607805502 0.05 0.05
0 0.3976142634357006 0.40699176263595643 0.05 0.05
0 0.40913057821497123 0.5234345009596929 0.05 0.05
0 0.394735184740883 0.5131977767114523 0.05 0.05
0 0.19128029030710175 0.7128138995521434 0.05 0.05
0 0.6077870081573897 0.9764095489443378 0.05 0.05
0 0.21911138435700578 0.199698096609085 0.05 0.05
0 0.2824511156429943 0.1741062859884837 0.05 0.05
0 0.2574991002879079 0.0858145393474088 0.05 0.05
0 0.23638585652591174 0.08325535828534865 0.05 0.05
0 0.3112419025911709 0.09221249200255907 0.05 0.05
0 0.3457908469289828 0.09477167306461923 0.05 0.05
0 0.36018624040307107 0.18306341970569412 0.05 0.05
0 0.20663537667946258 0.03846968969929622 0.05 0.05
0 0.1903205974088292 0.03719009916826614 0.05 0.05
