0 0.04967714905362779 0.9167444356817387 0.05 0.05
0 0.11382015641430074 0.6517602085524012 0.05 0.05
0 0.3041461290746582 0.7877574044865056 0.05 0.05
0 0.5070903982649841 0.8873017437784789 0.05 0.05
0 0.49552362644584635 0.6433480108657555 0.05 0.05
0 0.6038306716614088 0.7961696021731512 0.05 0.05
0 0.6290672647213457 0.7372842183666318 0.05 0.05
0 0.7237044886961091 0.7470984490010516 0.05 0.05
0 0.5060388735541533 0.5339894409393623 0.05 0.05
0 0.5512544361198736 0.5297833420960394 0.05 0.05
0 0.5659757820715035 0.49753658429723124 0.05 0.05
0 0.5375846148790745 0.4694959253417457 0.05 0.05
0 0.40719555073606717 0.5269792762004909 0.05 0.05
0 0.3966803036277601 0.5059487819838768 0.05 0.05
0 0.3609284634595162 0.43304306869961473 0.05 0.05
0 0.3356918703995793 0.135812083771469 0.05 0.05
0 0.45872026156677165 0.19469746757798845 0.05 0.05
0 0.5638727326498421 0.19049136873466566 0.05 0.05
0 0.27680648659305984 0.09375109533824073 0.05 0.05
0 0.290476307833859 0.0909470294426922 0.05 0.05
0 0.23684854758149312 0.10917345776375775 0.05 0.05
0 0.22528177576235536 0.06991653522607813 0.05 0.05
0 0.27680648659305984 0.06150433753943254 0.05 0.05
0 0.42612299553101984 0.15263647914476028 0.05 0.05
