0 0.18552967767295597 0.06812762054507324 0.05 0.05
0 0.20125294811320762 0.06603118448637287 0.05 0.05
0 0.2232655267295598 0.06603118448637287 0.05 0.05
0 0.27357999213836487 0.09118841719077532 0.05 0.05
0 0.2861586084905661 0.09328485324947558 0.05 0.05
0 0.36005797955974855 0.08280267295597454 0.05 0.05
0 0.21383156446540888 0.15408149895178175 0.05 0.05
0 0.22483785377358498 0.20439596436058666 0.05 0.05
0 0.2594290487421384 0.18972091194968524 0.05 0.05
0 0.28144162735849065 0.22326388888888857 0.05 0.05
0 0.31760514937106926 0.18972091194968524 0.05 0.05
0 0.36791961477987434 0.15408149895178175 0.05 0.05
0 0.394649174528302 0.19181734800838537 0.05 0.05
0 0.38521521226415106 0.24842112159329113 0.05 0.05
0 0.4308126965408806 0.2840605345911946 0.05 0.05
0 0.27829697327044034 0.3448571802935008 0.05 0.05
0 0.22169319968553464 0.3406643081761004 0.05 0.05
0 0.334900746855346 0.3427607442348005 0.05 0.05
0 0.022007665094339636 0.5020898846960165 0.05 0.05
0 0.10219634433962269 0.4895112683438153 0.05 0.05
0 0.20596992924528307 0.7913980607966455 0.05 0.05
0 0.444963639937107 0.6320689203354296 0.05 0.05
0 0.6603724449685536 0.8123624213836477 0.05 0.05
0 0.8396177279874216 0.8438089622641508 0.05 0.05
0 0.7751523191823901 0.5628865303983227 0.05 0.05
0 0.7075422562893083 0.5586936582809222 0.05 0.05
0 0.7547120676100632 0.44548611111111086 0.05 0.05
0 0.8003095518867926 0.3993645178197062 0.05 0.05
0 0.8050265330188682 0.47693265199161405 0.05 0.05
0 0.5487372248427674 0.4580647274633121 0.05 0.05
