0 0.24313264860139858 0.09107663170163179 0.05 0.05
0 0.2509997814685315 0.13827942890442887 0.05 0.05
0 0.310003277972028 0.09282488344988345 0.05 0.05
0 0.33229348776223777 0.08932837995337989 0.05 0.05
0 0.3454053758741259 0.07709061771561766 0.05 0.05
0 0.44636691433566433 0.20820949883449877 0.05 0.05
0 0.45423404720279714 0.20995775058275054 0.05 0.05
0 0.29558020104895105 0.2641535547785548 0.05 0.05
0 0.3624508304195805 0.27114656177156177 0.05 0.05
0 0.11070257867132867 0.3882794289044289 0.05 0.05
0 0.20248579545454545 0.41799970862470864 0.05 0.05
0 0.2628004807692308 0.3795381701631702 0.05 0.05
0 0.19068509615384616 0.7082094988344989 0.05 0.05
0 0.20379698426573428 0.7414262820512821 0.05 0.05
0 0.3912969842657343 0.5106570512820513 0.05 0.05
0 0.386052229020979 0.5298878205128206 0.05 0.05
0 0.4594788024475525 0.5316360722610723 0.05 0.05
0 0.5276606206293707 0.5368808275058276 0.05 0.05
0 0.573552229020979 0.5246430652680654 0.05 0.05
0 0.5958424388111888 0.4931745337995338 0.05 0.05
0 0.5447060751748252 0.46170600233100234 0.05 0.05
0 0.6063319493006993 0.24841928904428912 0.05 0.05
0 0.6889368444055946 0.27289481351981354 0.05 0.05
0 0.7977655157342658 0.325342365967366 0.05 0.05
0 0.7715417395104897 0.1942234848484849 0.05 0.05
0 0.8266116695804197 0.17324446386946377 0.05 0.05
