0 0.2699751079654511 0.03846968969929622 0.05 0.05
0 0.2546200215930903 0.04102887076135626 0.05 0.05
0 0.23830524232245684 0.06917986244401793 0.05 0.05
0 0.2642169505758158 0.0755778150991682 0.05 0.05
0 0.30932251679462575 0.09733085412667937 0.05 0.05
0 0.34675053982725534 0.09861044465770945 0.05 0.05
0 0.2862898872360845 0.20353686820217523 0.05 0.05
0 0.3515490043186181 0.2060960492642354 0.05 0.05
0 0.3678637835892514 0.14083693218170185 0.05 0.05
0 0.439840750959693 0.20993482085732562 0.05 0.05
0 0.18552213291746647 0.6629098688419706 0.05 0.05
0 0.40433211372360855 0.525993682021753 0.05 0.05
0 0.3918561060460653 0.49784269033909145 0.05 0.05
0 0.4168081214011517 0.47225087971849006 0.05 0.05
0 0.5060595609404991 0.5272732725527831 0.05 0.05
0 0.6893609045105566 0.525993682021753 0.05 0.05
0 0.6922399832053744 0.46713251759436974 0.05 0.05
0 0.7392649352207294 0.5093590051183622 0.05 0.05
0 0.7517409428982726 0.38523872360844535 0.05 0.05
0 0.675925203934741 0.25472048944337805 0.05 0.05
0 0.6471344169865644 0.28926943378118997 0.05 0.05
0 0.6375374880038389 0.25855926103646826 0.05 0.05
0 0.6644088891554703 0.14083693218170185 0.05 0.05
0 0.7008772192898274 0.14083693218170185 0.05 0.05
0 0.793967430422265 0.1651491522712732 0.05 0.05
0 0.8112419025911708 0.34173264555342286 0.05 0.05
0 0.8457908469289828 0.35964691298784385 0.05 0.05
0 0.8429117682341651 0.2649572136916187 0.05 0.05
0 0.7805317298464491 0.1126859404990403 0.05 0.05
0 0.5454069697696737 0.4645733365323096 0.05 0.05
