0 0.44388636089681777 0.6476183301189329 0.05 0.05
0 0.4429220407425265 0.5859018402442946 0.05 0.05
0 0.4101351554966248 0.5254711105753778 0.05 0.05
0 0.39374171287367404 0.5048989472838316 0.05 0.05
0 0.5027098903085825 0.5370429524268725 0.05 0.05
0 0.54803293756027 0.4727549421407907 0.05 0.05
0 0.603963506509161 0.5331856718097076 0.05 0.05
0 0.290559456364513 0.7851946721311476 0.05 0.05
0 0.2568082509643202 0.7530506669881069 0.05 0.05
0 0.35999050747348116 0.7954807537769207 0.05 0.05
0 0.10926726735776278 0.8327677997428481 0.05 0.05
0 0.03115733486017358 0.8584830038572806 0.05 0.05
0 0.006085010848601735 0.5550435953069752 0.05 0.05
0 0.046586457328833174 0.5627581565413051 0.05 0.05
0 0.10830294720347156 0.5396144728383158 0.05 0.05
0 0.16230487584378014 0.3416074011571842 0.05 0.05
0 0.24234344864995175 0.3056061153969786 0.05 0.05
0 0.28573785559305687 0.28374819189971073 0.05 0.05
0 0.23752184787849567 0.1333142478302797 0.05 0.05
0 0.28573785559305687 0.09731296207007402 0.05 0.05
0 0.30791721914175507 0.09474144165863076 0.05 0.05
0 0.3387754640790742 0.09988448248151727 0.05 0.05
0 0.36963370901639336 0.2927485133397622 0.05 0.05
0 0.44774364151398266 0.20660257955641276 0.05 0.05
0 0.6078207871263259 0.15260065091610417 0.05 0.05
0 0.6888236800867887 0.17960161523625853 0.05 0.05
0 0.7235392056412728 0.23488930408228867 0.05 0.05
0 0.7746481738187079 0.17960161523625853 0.05 0.05
0 0.7871843358244938 0.17831585503053685 0.05 0.05
