0 0.20506243393234672 0.2198577343199434 0.05 0.05
0 0.25580239164904867 0.2198577343199434 0.05 0.05
0 0.2748298757928119 0.09300784002818858 0.05 0.05
0 0.2843436178646934 0.09723616983791387 0.05 0.05
0 0.295442983615222 0.09300784002818858 0.05 0.05
0 0.3097135967230444 0.09512200493305123 0.05 0.05
0 0.33984044661733626 0.08877951021846352 0.05 0.05
0 0.3477685650105709 0.0824370155038757 0.05 0.05
0 0.35728230708245245 0.21562940451021836 0.05 0.05
0 0.4460772330866808 0.21140107470049305 0.05 0.05
0 0.46034784619450325 0.19871608527131765 0.05 0.05
0 0.2447030258985201 0.3382509689922479 0.05 0.05
0 0.2605592626849894 0.3720776074700492 0.05 0.05
0 0.1812780787526427 0.49047084214235365 0.05 0.05
0 0.07504129228329807 0.4460733791402395 0.05 0.05
0 0.16066497093023255 0.7314856412966877 0.05 0.05
0 0.20347681025369982 0.7314856412966877 0.05 0.05
0 0.4016797700845666 0.47567168780831554 0.05 0.05
0 0.4016797700845666 0.5094983262861168 0.05 0.05
0 0.45559097515856245 0.5369824700493304 0.05 0.05
0 0.5174302986257928 0.5390966349541929 0.05 0.05
0 0.4888890724101481 0.6553757047216349 0.05 0.05
0 0.5459715248414377 0.46510086328400274 0.05 0.05
0 0.6981913979915435 0.7674264446793515 0.05 0.05
0 0.7917431950317125 0.7695406095842141 0.05 0.05
0 0.63793769820296 0.1839169309372796 0.05 0.05
0 0.6442801929175477 0.22197189922480595 0.05 0.05
0 0.661722053382664 0.3192234848484847 0.05 0.05
0 0.7029482690274842 0.29808183579985886 0.05 0.05
0 0.7505169793868923 0.2769401867512331 0.05 0.05
0 0.8075994318181821 0.27905435165609566 0.05 0.05
0 0.8028425607822411 0.32768014446793503 0.05 0.05
0 0.8900518631078226 0.2769401867512331 0.05 0.05
