0 0.19396306818181813 0.12049198379140229 0.05 0.05
0 0.20030556289640594 0.11203532417195182 0.05 0.05
0 0.21299055232558137 0.12683447850599 0.05 0.05
0 0.2256755417547569 0.10992115926708929 0.05 0.05
0 0.27165862843551797 0.09723616983791387 0.05 0.05
0 0.2843436178646934 0.09723616983791387 0.05 0.05
0 0.33666919926004224 0.08877951021846352 0.05 0.05
0 0.32239858615221995 0.18180276603241693 0.05 0.05
0 0.35411105972515855 0.1775744362226919 0.05 0.05
0 0.3636248017970402 0.14163363284002795 0.05 0.05
0 0.4444916094080339 0.20294441508104283 0.05 0.05
0 0.4682759645877379 0.19871608527131765 0.05 0.05
0 0.21616179968287524 0.1923735905567298 0.05 0.05
0 0.25738801532769556 0.23254272374911883 0.05 0.05
0 0.17017871300211415 0.43338838971106397 0.05 0.05
0 0.051256937103594045 0.44184504933051433 0.05 0.05
0 0.029058205602536958 0.7589697850599013 0.05 0.05
0 0.16700746564482027 0.7293714763918252 0.05 0.05
0 0.21140492864693447 0.7230289816772373 0.05 0.05
0 0.3921660280126851 0.48412834742776584 0.05 0.05
0 0.3985085227272728 0.5031558315715291 0.05 0.05
0 0.45717659883720935 0.5348683051444678 0.05 0.05
0 0.5190159223044398 0.5433249647639181 0.05 0.05
0 0.5428002774841438 0.47778585271317814 0.05 0.05
0 0.46034784619450325 0.8393080514446792 0.05 0.05
0 0.7203901294926005 0.30865266032417177 0.05 0.05
0 0.8488256474630023 0.4460733791402395 0.05 0.05
0 0.8837093683932349 0.4376167195207891 0.05 0.05
0 0.8900518631078226 0.27482602184637045 0.05 0.05
0 0.7013626453488373 0.1500902924594783 0.05 0.05
0 0.5792696220930234 0.14797612755461576 0.05 0.05
0 0.561827761627907 0.156432787174066 0.05 0.05
0 0.7267326242071882 0.11203532417195182 0.05 0.05
