0 0.3339538633076181 0.16802977338476383 0.05 0.05
0 0.32816794238187075 0.1268854468016715 0.05 0.05
0 0.2982740175988428 0.16160097235615561 0.05 0.05
0 0.22980728664416583 0.16674401317904214 0.05 0.05
0 0.2114852037126326 0.20274529893924792 0.05 0.05
0 0.20377064247830284 0.1577436917389908 0.05 0.05
0 0.18062695877531337 0.09216992124718738 0.05 0.05
0 0.21052088355834134 0.03816799260687891 0.05 0.05
0 0.19316312078109935 0.3686083654773385 0.05 0.05
0 0.21534248432979747 0.3518934828029573 0.05 0.05
0 0.2548796106557377 0.35575076342012224 0.05 0.05
0 0.2587368912729026 0.49204134522661536 0.05 0.05
0 0.2076279230954677 0.48432678399228546 0.05 0.05
0 0.08998086427193827 0.4328963757634201 0.05 0.05
0 0.19894904170684666 0.6797623352619736 0.05 0.05
0 0.3165961005303761 0.7607652282224365 0.05 0.05
0 0.27416601374156224 0.8404823609771779 0.05 0.05
0 0.5104244515429122 0.5396144728383158 0.05 0.05
0 0.4168853965766634 0.5293283911925426 0.05 0.05
0 0.3966346733365477 0.5048989472838316 0.05 0.05
0 0.414956756268081 0.47789798296367736 0.05 0.05
0 0.5422470166345226 0.4663261411121827 0.05 0.05
0 0.6840020793153327 0.3994666104146577 0.05 0.05
0 0.7910416164416587 0.3686083654773385 0.05 0.05
0 0.8489008256991321 0.5704727177756349 0.05 0.05
0 0.9221891574252652 0.5781872790099647 0.05 0.05
0 0.8325073830761813 0.16802977338476383 0.05 0.05
0 0.4496722818225651 0.20017377852780455 0.05 0.05
0 0.3947060330279653 0.21303138058502094 0.05 0.05
0 0.37059802917068463 0.21303138058502094 0.05 0.05
0 0.36191914778206363 0.15902945194471235 0.05 0.05
0 0.28573785559305687 0.09474144165863076 0.05 0.05
0 0.3088815392960463 0.09088416104146582 0.05 0.05
0 0.3484186656219864 0.09345568145290907 0.05 0.05
0 0.35131162608486016 0.04331103342976542 0.05 0.05
