0 0.4390647601253616 0.9639153407264546 0.05 0.05
0 0.35999050747348116 0.7993380343940856 0.05 0.05
0 0.29345241682738665 0.7761943506910961 0.05 0.05
0 0.2847735354387657 0.7466218659594986 0.05 0.05
0 0.4429220407425265 0.654047131147541 0.05 0.05
0 0.4082065151880424 0.5357571922211508 0.05 0.05
0 0.38988443225650915 0.5061847074895532 0.05 0.05
0 0.49788828953712627 0.5331856718097076 0.05 0.05
0 0.5943203049662488 0.5164707891353263 0.05 0.05
0 0.5470686174059788 0.4727549421407907 0.05 0.05
0 0.7158246444069432 0.4187530135004823 0.05 0.05
0 0.7331824071841851 0.3094633960141434 0.05 0.05
0 0.7717552133558341 0.38789476856316296 0.05 0.05
0 0.8585440272420444 0.3673226052716169 0.05 0.05
0 0.3812055508678881 0.3094633960141434 0.05 0.05
0 0.31563178037608486 0.3030345949855352 0.05 0.05
0 0.23945048818707812 0.11274208453873354 0.05 0.05
0 0.20666360294117644 0.09731296207007402 0.05 0.05
0 0.28380921528447445 0.09474144165863076 0.05 0.05
0 0.30791721914175507 0.09216992124718738 0.05 0.05
0 0.3445613850048216 0.09345568145290907 0.05 0.05
0 0.414956756268081 0.2104598601735777 0.05 0.05
0 0.45160092213114755 0.20917409996785613 0.05 0.05
