0 0.20576376748251746 0.047370337995338 0.05 0.05
0 0.2201868444055944 0.040377331002331 0.05 0.05
0 0.3106588723776224 0.07534236596736589 0.05 0.05
0 0.2752567744755245 0.16974796037296033 0.05 0.05
0 0.31590362762237756 0.16275495337995333 0.05 0.05
0 0.22412041083916084 0.19597173659673656 0.05 0.05
0 0.21756446678321684 0.21170600233100234 0.05 0.05
0 0.18740712412587415 0.276391317016317 0.05 0.05
0 0.237232298951049 0.2344332750582751 0.05 0.05
0 0.28705747377622376 0.20121649184149176 0.05 0.05
0 0.334260270979021 0.20121649184149176 0.05 0.05
0 0.3027917395104895 0.26065705128205136 0.05 0.05
0 0.4457113199300699 0.213454254079254 0.05 0.05
0 0.02088614510489508 0.6242934149184151 0.05 0.05
0 0.39195257867132866 0.4984192890442891 0.05 0.05
0 0.403753277972028 0.5246430652680654 0.05 0.05
0 0.5650295017482517 0.5246430652680654 0.05 0.05
0 0.57814138986014 0.5001675407925408 0.05 0.05
0 0.5492952360139861 0.47569201631701635 0.05 0.05
0 0.3198371940559441 0.7606570512820513 0.05 0.05
0 0.36310642482517486 0.7921255827505828 0.05 0.05
0 0.4063756555944056 0.7501675407925409 0.05 0.05
0 0.41162041083916084 0.7798878205128206 0.05 0.05
0 0.4391553758741259 0.8148528554778556 0.05 0.05
0 0.47586866258741256 0.8148528554778556 0.05 0.05
0 0.5112707604895105 0.7571605477855479 0.05 0.05
0 0.63321131993007 0.6575101981351982 0.05 0.05
0 0.709260270979021 0.8847829254079255 0.05 0.05
0 0.8128441870629372 0.4022654428904429 0.05 0.05
0 0.8534910402097904 0.4721955128205128 0.05 0.05
0 0.8666029283216783 0.4022654428904429 0.05 0.05
