0 0.6121775539014375 0.7228075804243667 0.05 0.05
0 0.6748058906570843 0.7337589835728954 0.05 0.05
0 0.7004732417864477 0.7132251026694046 0.05 0.05
0 0.4735738578028748 0.8186323579739905 0.05 0.05
0 0.7949290939425053 0.7570307152635182 0.05 0.05
0 0.8770646175564684 0.7460793121149898 0.05 0.05
0 0.7631015785420946 0.38468300821355234 0.05 0.05
0 0.8062227284394252 0.3504598733744011 0.05 0.05
0 0.8637175949691993 0.31760566392881595 0.05 0.05
0 0.7528346380903492 0.1300628850102669 0.05 0.05
0 0.7425676976386038 0.10952900410677617 0.05 0.05
0 0.6522186216632445 0.08078157084188907 0.05 0.05
0 0.65119192761807 0.17523742299794662 0.05 0.05
0 0.5700830980492814 0.18892667693360715 0.05 0.05
0 0.5782966504106777 0.10952900410677617 0.05 0.05
0 0.5526292992813142 0.1122668548939083 0.05 0.05
0 0.4468798126283368 0.20672270704996573 0.05 0.05
0 0.3318900795687886 0.26969327515400415 0.05 0.05
0 0.2949290939425052 0.09583975017111565 0.05 0.05
0 0.2826087654004107 0.1013154517453799 0.05 0.05
0 0.22922067505133475 0.09720867556468171 0.05 0.05
0 0.1963664656057495 0.08351942162902119 0.05 0.05
0 0.2056067120123204 0.06024768993839835 0.05 0.05
0 0.23024736909650928 0.05614091375770016 0.05 0.05
0 0.3596108187885011 0.03697595824777551 0.05 0.05
0 0.21690034650924028 0.29844070841889114 0.05 0.05
0 0.208686794147844 0.347722022587269 0.05 0.05
0 0.22100712268993844 0.5037795174537988 0.05 0.05
0 0.2189537345995894 0.5544297570157427 0.05 0.05
0 0.12449788244353184 0.533895876112252 0.05 0.05
0 0.0988305313141684 0.4941970396988365 0.05 0.05
0 0.3914383341889118 0.5119930698151952 0.05 0.05
0 0.41402560318275156 0.5284201745379877 0.05 0.05
0 0.4458531185831623 0.5229444729637236 0.05 0.05
0 0.47768063398357297 0.506517368240931 0.05 0.05
0 0.5146416196098563 0.5325269507186859 0.05 0.05
0 0.5567360754620124 0.5133619952087611 0.05 0.05
0 0.5659763218685833 0.4955659650924025 0.05 0.05
0 0.5680297099589323 0.4640806810403833 0.05 0.05
