0 0.19496363993710691 0.10795990566037723 0.05 0.05
0 0.1823850235849057 0.061838312368972484 0.05 0.05
0 0.21854854559748435 0.0765133647798739 0.05 0.05
0 0.2720076650943397 0.09328485324947558 0.05 0.05
0 0.28301395440251575 0.09328485324947558 0.05 0.05
0 0.30659886006289316 0.09538128930817583 0.05 0.05
0 0.3553409984276731 0.08699554507337494 0.05 0.05
0 0.2641460298742139 0.13311713836477956 0.05 0.05
0 0.21383156446540888 0.15827437106918202 0.05 0.05
0 0.18867433176100637 0.2274567610062891 0.05 0.05
0 0.2499950864779875 0.18343160377358458 0.05 0.05
0 0.24213345125786173 0.2148781446540878 0.05 0.05
0 0.3128881682389938 0.19601022012578587 0.05 0.05
0 0.3569133254716982 0.2002030922431864 0.05 0.05
0 0.4496806210691825 0.21697458071278794 0.05 0.05
0 0.33961772798742146 0.2819640985324945 0.05 0.05
0 0.3962215015723271 0.2924462788259955 0.05 0.05
0 0.3569133254716982 0.5083791928721172 0.05 0.05
0 0.22955483490566042 0.49370414046121575 0.05 0.05
0 0.6194919418238996 0.8312303459119496 0.05 0.05
0 0.7389887971698115 0.676094077568134 0.05 0.05
0 0.8081711871069185 0.686576257861635 0.05 0.05
0 0.9921334512578619 0.7620479559748427 0.05 0.05
0 0.28301395440251575 0.7893016247379453 0.05 0.05
0 0.5455925707547171 0.4748362159329138 0.05 0.05
