0 0.8537224264705883 0.9189137335261974 0.05 0.05
0 0.9453328411282544 0.8481969222115076 0.05 0.05
0 0.37059802917068463 0.8006237945998073 0.05 0.05
0 0.2973096974445516 0.7607652282224365 0.05 0.05
0 0.28091625482160076 0.7851946721311476 0.05 0.05
0 0.1285536704435873 0.601330962712954 0.05 0.05
0 0.008977971311475407 0.6257604066216651 0.05 0.05
0 0.23752184787849567 0.34675044198007077 0.05 0.05
0 0.39277739271938283 0.4971843860495018 0.05 0.05
0 0.41206379580520724 0.5306141513982643 0.05 0.05
0 0.4409934004339441 0.531899911603986 0.05 0.05
0 0.45352956243972997 0.5717584779813565 0.05 0.05
0 0.4487079616682738 0.639903768884603 0.05 0.05
0 0.5065671709257473 0.5383287126325941 0.05 0.05
0 0.5461042972516875 0.4714691819350692 0.05 0.05
0 0.6001062258919961 0.5203280697524912 0.05 0.05
0 0.8180425807618128 0.3673226052716169 0.05 0.05
0 0.6647156762295082 0.18217313564770177 0.05 0.05
0 0.6203569491321119 0.16931553359048537 0.05 0.05
0 0.6396433522179363 0.08445536001285762 0.05 0.05
0 0.6531438343780135 0.08059807939569268 0.05 0.05
0 0.4390647601253616 0.21303138058502094 0.05 0.05
0 0.3435970648505304 0.15260065091610417 0.05 0.05
0 0.3011669780617165 0.15517217132754743 0.05 0.05
0 0.33781114392478306 0.10245600289296052 0.05 0.05
0 0.3069528989874638 0.08959840083574425 0.05 0.05
0 0.2847735354387657 0.09474144165863076 0.05 0.05
0 0.243307768804243 0.11017056412729029 0.05 0.05
0 0.3754196299421408 0.04588255384120868 0.05 0.05
