0 0.1918189858490566 0.045066823899370924 0.05 0.05
0 0.21383156446540888 0.06393474842767262 0.05 0.05
0 0.2358441430817611 0.03458464360586966 0.05 0.05
0 0.2342718160377359 0.12892426624737918 0.05 0.05
0 0.19810829402515728 0.1268278301886789 0.05 0.05
0 0.19653596698113213 0.1708529874213833 0.05 0.05
0 0.2232655267295598 0.1876244758909851 0.05 0.05
0 0.2720076650943397 0.08909198113207518 0.05 0.05
0 0.2861586084905661 0.09328485324947558 0.05 0.05
0 0.3569133254716982 0.08070623689727428 0.05 0.05
0 0.2311271619496856 0.2735783542976937 0.05 0.05
0 0.21854854559748435 0.33437499999999976 0.05 0.05
0 0.10219634433962269 0.38259302935010453 0.05 0.05
0 0.14936615566037742 0.38259302935010453 0.05 0.05
0 0.061315841194968565 0.4727397798742137 0.05 0.05
0 0.08804540094339625 0.48112552410901444 0.05 0.05
0 0.2720076650943397 0.4182324423480081 0.05 0.05
0 0.28458628144654097 0.44548611111111086 0.05 0.05
0 0.35219634433962277 0.4350039308176098 0.05 0.05
0 0.18552967767295603 0.73689072327044 0.05 0.05
0 0.3380454009433963 0.7913980607966455 0.05 0.05
0 0.4575422562893083 0.6299724842767294 0.05 0.05
0 0.7547120676100632 0.11005634171907724 0.05 0.05
0 0.7641460298742141 0.10795990566037711 0.05 0.05
0 0.6194919418238996 0.23374606918238972 0.05 0.05
0 0.7028252751572329 0.19391378406708573 0.05 0.05
0 0.7421334512578619 0.1876244758909851 0.05 0.05
0 0.7216931996855347 0.2693854821802932 0.05 0.05
0 0.7908755896226417 0.20439596436058666 0.05 0.05
0 0.8223221305031447 0.19181734800838537 0.05 0.05
0 0.8789259040880506 0.28615697064989487 0.05 0.05
0 0.8915045204402517 0.277771226415094 0.05 0.05
0 0.6776680424528304 0.3595322327044023 0.05 0.05
0 0.7326994889937108 0.38259302935010453 0.05 0.05
0 0.13678753930817616 0.9779808700209642 0.05 0.05
0 0.833328419811321 0.7515657756813415 0.05 0.05
0 0.863202633647799 0.8647733228511529 0.05 0.05
0 0.9465359669811322 0.8605804507337526 0.05 0.05
0 0.9638315644654091 0.885737683438155 0.05 0.05
0 0.97326552672956 0.7347942872117399 0.05 0.05
0 0.5455925707547171 0.4727397798742137 0.05 0.05
