0 0.27205784574468084 0.0905806737588654 0.05 0.05
0 0.28535571808510635 0.09589982269503565 0.05 0.05
0 0.3545046542553191 0.08526152482269514 0.05 0.05
0 0.27604720744680844 0.1366799645390073 0.05 0.05
0 0.3212599734042553 0.129587765957447 0.05 0.05
0 0.7933344414893616 0.21292109929078032 0.05 0.05
0 0.8172706117021276 0.24483599290780161 0.05 0.05
0 0.8505152925531914 0.5090203900709221 0.05 0.05
0 0.9023769946808509 0.5196586879432625 0.05 0.05
0 0.3917386968085106 0.33880762411347526 0.05 0.05
0 0.31860039893617015 0.3370345744680852 0.05 0.05
0 0.2095578457446808 0.2696586879432625 0.05 0.05
0 0.23083444148936166 0.3193040780141845 0.05 0.05
0 0.22285571808510635 0.3441267730496456 0.05 0.05
0 0.2707280585106383 0.3441267730496456 0.05 0.05
0 0.22684507978723398 0.41327570921985834 0.05 0.05
0 0.08322805851063828 0.43277925531914907 0.05 0.05
0 0.03136635638297871 0.5888076241134752 0.05 0.05
0 0.0287067819148936 0.782070035460993 0.05 0.05
0 0.20157912234042547 0.7377437943262412 0.05 0.05
0 0.25078124999999996 0.7466090425531916 0.05 0.05
0 0.5513131648936169 0.4611480496453903 0.05 0.05
0 0.4090259308510638 0.4682402482269505 0.05 0.05
