0 0.5112964971083069 0.5381955397826851 0.05 0.05
0 0.5554605349631965 0.5227731773571681 0.05 0.05
0 0.5638727326498421 0.496134551349457 0.05 0.05
0 0.5438937631440587 0.4694959253417457 0.05 0.05
0 0.40929860015772856 0.5241752103049424 0.05 0.05
0 0.400886402471083 0.5045467490361025 0.05 0.05
0 0.41245317429022066 0.486320320715037 0.05 0.05
0 0.326228148002103 0.7709330091132143 0.05 0.05
0 0.37775285883280746 0.8115919645986682 0.05 0.05
0 0.41981384726603566 0.7807472397476343 0.05 0.05
0 0.21266347923238693 0.7274699877322118 0.05 0.05
0 0.09909881046267088 0.5115569137749739 0.05 0.05
0 0.10120185988433231 0.4498674640729059 0.05 0.05
0 0.1495719965825447 0.4134146074307748 0.05 0.05
0 0.21266347923238693 0.4260329039607433 0.05 0.05
0 0.22528177576235536 0.2788194444444448 0.05 0.05
0 0.26734276419558356 0.28022147739221903 0.05 0.05
0 0.28942478312302833 0.23816048895899086 0.05 0.05
0 0.33253729626708717 0.29984993866105886 0.05 0.05
0 0.3104552773396424 0.22974829127234528 0.05 0.05
0 0.3178159503154573 0.21712999474237668 0.05 0.05
0 0.37249523527865397 0.23675845601121662 0.05 0.05
0 0.393525729495268 0.22974829127234528 0.05 0.05
0 0.44820501445846467 0.2087177970557311 0.05 0.05
0 0.5838517021556255 0.21853202769015106 0.05 0.05
0 0.5859547515772869 0.14422428145811458 0.05 0.05
0 0.6322218388538379 0.16525477567472865 0.05 0.05
0 0.6753343519978967 0.16665680862250293 0.05 0.05
0 0.6753343519978967 0.13441005082369462 0.05 0.05
0 0.5523059608307043 0.21432592884682813 0.05 0.05
0 0.7415804087802311 0.2087177970557311 0.05 0.05
0 0.759456328864353 0.24657268664563645 0.05 0.05
0 0.7804868230809672 0.15964664388363162 0.05 0.05
0 0.8109810396950575 0.3825698825797409 0.05 0.05
0 0.8572481269716086 0.4316410357518405 0.05 0.05
0 0.7815383477917979 0.5956788906414303 0.05 0.05
0 0.8393722068874865 0.5970809235892046 0.05 0.05
0 0.7825898725026286 0.7779431738520857 0.05 0.05
0 0.7373743099369083 0.9223525674728357 0.05 0.05
0 0.7478895570452153 0.7428923501577288 0.05 0.05
0 0.27890953601472124 0.09375109533824073 0.05 0.05
0 0.290476307833859 0.08814296354714367 0.05 0.05
0 0.22528177576235536 0.11478158955485493 0.05 0.05
0 0.18847841088328074 0.0909470294426922 0.05 0.05
0 0.19899365799158777 0.09234906239046646 0.05 0.05
