0 0.2684873810782241 0.08877951021846364 0.05 0.05
0 0.2827579941860465 0.09089367512332605 0.05 0.05
0 0.29227173625792807 0.09089367512332605 0.05 0.05
0 0.3144704677589852 0.09089367512332605 0.05 0.05
0 0.33508357558139534 0.08877951021846352 0.05 0.05
0 0.3493541886892178 0.09089367512332605 0.05 0.05
0 0.2748298757928119 0.19871608527131765 0.05 0.05
0 0.30495672568710364 0.19660192036645513 0.05 0.05
0 0.35569668340380556 0.19660192036645513 0.05 0.05
0 0.39058040433403807 0.17334610641296672 0.05 0.05
0 0.45717659883720935 0.19871608527131765 0.05 0.05
0 0.2066480576109936 0.27905435165609566 0.05 0.05
0 0.21774742336152214 0.39321925651867495 0.05 0.05
0 0.17493558403805493 0.40379008104298786 0.05 0.05
0 0.09089752906976742 0.5327541402396052 0.05 0.05
0 0.14322311046511624 0.52852581042988 0.05 0.05
0 0.17969245507399575 0.7568556201550386 0.05 0.05
0 0.5507283958773785 0.47144335799859044 0.05 0.05
0 0.7203901294926005 0.6173207364341083 0.05 0.05
0 0.7758869582452432 0.6384623854827342 0.05 0.05
0 0.5998827299154335 0.10780699436222677 0.05 0.05
0 0.6315952034883722 0.09935033474277641 0.05 0.05
0 0.7156332584566597 0.156432787174066 0.05 0.05
