0 0.2214980332167832 0.10855914918414923 0.05 0.05
0 0.216253277972028 0.1662514568764569 0.05 0.05
0 0.2503441870629371 0.29562208624708625 0.05 0.05
0 0.2778791520979021 0.290377331002331 0.05 0.05
0 0.006463068181818165 0.617300407925408 0.05 0.05
0 0.04842111013986013 0.6277899184149185 0.05 0.05
0 0.3932637674825175 0.5071605477855478 0.05 0.05
0 0.40899803321678324 0.5316360722610723 0.05 0.05
0 0.31328125 0.7519157925407925 0.05 0.05
0 0.46800152972027975 0.7256920163170163 0.05 0.05
0 0.4653791520979021 0.6819857226107227 0.05 0.05
0 0.49947006118881127 0.58932837995338 0.05 0.05
0 0.5571623688811189 0.51939831002331 0.05 0.05
0 0.57814138986014 0.4984192890442891 0.05 0.05
0 0.5506064248251749 0.46695075757575755 0.05 0.05
0 0.5414281031468532 0.7659018065268065 0.05 0.05
0 0.6437008304195805 0.6749927156177157 0.05 0.05
0 0.6699246066433566 0.7099577505827507 0.05 0.05
0 0.9583861451048952 0.9407269813519814 0.05 0.05
0 0.751218312937063 0.46170600233100234 0.05 0.05
0 0.7984211101398602 0.5718458624708624 0.05 0.05
0 0.87578125 0.554363344988345 0.05 0.05
0 0.6594350961538462 0.20296474358974356 0.05 0.05
0 0.6948371940559441 0.1365311771561771 0.05 0.05
0 0.6935260052447554 0.17499271561771554 0.05 0.05
0 0.7145050262237763 0.17674096736596734 0.05 0.05
0 0.7603966346153846 0.15401369463869466 0.05 0.05
0 0.4496448863636364 0.21520250582750577 0.05 0.05
0 0.3093476835664336 0.09107663170163166 0.05 0.05
0 0.7555626707650275 0.8289105191256831 0.05 0.05
