0 0.30633680555555554 0.08172949735449725 0.05 0.05
0 0.38173363095238083 0.04998346560846561 0.05 0.05
0 0.39760664682539676 0.04998346560846561 0.05 0.05
0 0.4531622023809523 0.19548611111111108 0.05 0.05
0 0.18332093253968249 0.23781415343915338 0.05 0.05
0 0.2626860119047619 0.2192956349206348 0.05 0.05
0 0.3003844246031745 0.22458664021164007 0.05 0.05
0 0.3360987103174602 0.23781415343915338 0.05 0.05
0 0.06030505952380947 0.49971891534391527 0.05 0.05
0 0.12379712301587295 0.5076554232804232 0.05 0.05
0 0.14959077380952374 0.8251157407407406 0.05 0.05
0 0.18927331349206342 0.8013062169312168 0.05 0.05
0 0.3083209325396824 0.7510416666666665 0.05 0.05
0 0.29443204365079356 0.7960152116402116 0.05 0.05
0 0.34800347222222217 0.7907242063492063 0.05 0.05
0 0.3737971230158729 0.7854332010582009 0.05 0.05
0 0.40752728174603164 0.7669146825396825 0.05 0.05
0 0.42736855158730147 0.7272321428571428 0.05 0.05
0 0.4114955357142856 0.4653273809523809 0.05 0.05
0 0.40554315476190467 0.49707341269841265 0.05 0.05
0 0.41943204365079356 0.5235284391534392 0.05 0.05
0 0.5523685515873015 0.5208829365079364 0.05 0.05
0 0.5781622023809523 0.49178240740740736 0.05 0.05
0 0.5404637896825395 0.4626818783068783 0.05 0.05
0 0.7745907738095237 0.8700892857142857 0.05 0.05
0 0.8777653769841267 0.859507275132275 0.05 0.05
0 0.8103050595238093 0.4520998677248677 0.05 0.05
0 0.8837177579365075 0.4441633597883597 0.05 0.05
0 0.5364955357142855 0.2060681216931216 0.05 0.05
0 0.6555431547619046 0.19284060846560844 0.05 0.05
0 0.6972098214285712 0.14257605820105812 0.05 0.05
0 0.6952256944444442 0.1769675925925925 0.05 0.05
0 0.7249875992063491 0.17961309523809513 0.05 0.05
0 0.7547495039682539 0.1637400793650793 0.05 0.05
0 0.7845114087301586 0.17167658730158722 0.05 0.05
0 0.830146329365079 0.17167658730158722 0.05 0.05
