0 0.3103050595238095 0.08702050264550264 0.05 0.05
0 0.24681299603174595 0.1637400793650793 0.05 0.05
0 0.18133680555555548 0.22723214285714283 0.05 0.05
0 0.2507812499999999 0.22194113756613756 0.05 0.05
0 0.2924479166666666 0.22194113756613756 0.05 0.05
0 0.35990823412698403 0.1478670634920635 0.05 0.05
0 0.365860615079365 0.23516865079365074 0.05 0.05
0 0.43927331349206333 0.203422619047619 0.05 0.05
0 0.28252728174603164 0.3462797619047618 0.05 0.05
0 0.3202256944444444 0.3436342592592593 0.05 0.05
0 0.39959077380952374 0.4653273809523809 0.05 0.05
0 0.4015749007936507 0.49707341269841265 0.05 0.05
0 0.40752728174603164 0.5208829365079364 0.05 0.05
0 0.44720982142857135 0.7351686507936507 0.05 0.05
0 0.3936383928571428 0.7616236772486772 0.05 0.05
0 0.37181299603174595 0.7854332010582009 0.05 0.05
0 0.3440352182539682 0.7960152116402116 0.05 0.05
0 0.3202256944444444 0.7536871693121692 0.05 0.05
0 0.29641617063492054 0.7986607142857143 0.05 0.05
0 0.5662574404761903 0.5208829365079364 0.05 0.05
0 0.5801463293650793 0.5050099206349206 0.05 0.05
0 0.5404637896825395 0.4679728835978835 0.05 0.05
0 0.5464161706349204 0.2113591269841269 0.05 0.05
0 0.6495907738095237 0.15051256613756603 0.05 0.05
0 0.6694320436507935 0.1346395502645502 0.05 0.05
0 0.6833209325396823 0.1558035714285714 0.05 0.05
0 0.717051091269841 0.14257605820105812 0.05 0.05
0 0.7448288690476189 0.14257605820105812 0.05 0.05
0 0.6813368055555554 0.23516865079365074 0.05 0.05
0 0.6396701388888888 0.23781415343915338 0.05 0.05
0 0.8241939484126981 0.5023644179894179 0.05 0.05
0 0.8638764880952378 0.49442791005291004 0.05 0.05
0 0.8837177579365075 0.8171792328042327 0.05 0.05
0 0.7726066468253966 0.8092427248677247 0.05 0.05
