0 0.33508357558139534 0.09089367512332618 0.05 0.05
0 0.3636248017970402 0.08666534531360087 0.05 0.05
0 0.37630979122621566 0.12049198379140218 0.05 0.05
0 0.23677490750528546 0.08666534531360087 0.05 0.05
0 0.27165862843551797 0.08666534531360087 0.05 0.05
0 0.2827579941860465 0.09089367512332605 0.05 0.05
0 0.295442983615222 0.08666534531360087 0.05 0.05
0 0.18762057346723043 0.12472031360112736 0.05 0.05
0 0.2843436178646934 0.2600268675123324 0.05 0.05
0 0.6823351612050741 0.13529113812544022 0.05 0.05
0 0.7299038715644821 0.12683447850599 0.05 0.05
0 0.6252527087737845 0.25579853770260735 0.05 0.05
0 0.6490370639534885 0.24522771317829437 0.05 0.05
0 0.6680645480972517 0.26214103241719494 0.05 0.05
0 0.707705140063425 0.2304285588442563 0.05 0.05
0 0.8345550343551797 0.3720776074700492 0.05 0.05
0 0.8948087341437633 0.35939261804087363 0.05 0.05
0 0.6157389667019029 0.8097097427766031 0.05 0.05
0 0.5206015459830867 0.8519930408738546 0.05 0.05
0 0.27007300475687107 0.7441706307258632 0.05 0.05
0 0.21457617600422835 0.7462847956307257 0.05 0.05
0 0.2098193049682875 0.6490332100070472 0.05 0.05
0 0.1321237447145877 0.6363482205778717 0.05 0.05
0 0.5507283958773785 0.46721502818886523 0.05 0.05
