0 0.18075936816192556 0.12905041940189635 0.05 0.05
0 0.2660985366520788 0.19469593362509105 0.05 0.05
0 0.3547199808533917 0.12905041940189624 0.05 0.05
0 0.3547199808533917 0.17500227935813265 0.05 0.05
0 0.30712698304157554 0.09841584609773868 0.05 0.05
0 0.38097818654266963 0.2384596097738875 0.05 0.05
0 0.4088775300875274 0.22314232312180876 0.05 0.05
0 0.43841801148796505 0.20782503646972994 0.05 0.05
0 0.4482648386214443 0.20782503646972994 0.05 0.05
0 0.5532976613785558 0.2056368526622901 0.05 0.05
0 0.6369956920131292 0.1640613603209335 0.05 0.05
0 0.6813064141137857 0.17500227935813265 0.05 0.05
0 0.7223348605032824 0.16187317651349364 0.05 0.05
0 0.6845886898249454 0.4813480123997082 0.05 0.05
0 0.6107374863238513 0.4966652990517869 0.05 0.05
0 0.5549387992341358 0.46821890955506923 0.05 0.05
0 0.5040635257111598 0.5185471371261852 0.05 0.05
0 0.40395411652078783 0.5076062180889861 0.05 0.05
0 0.400671840809628 0.5294880561633843 0.05 0.05
0 0.3645668079868709 0.3456806163384389 0.05 0.05
0 0.047827201859956175 0.4857243800145879 0.05 0.05
0 0.05931516684901526 0.4660307257476294 0.05 0.05
0 0.04126265043763671 0.6016981218088986 0.05 0.05
0 0.05439175328227567 0.6564027169948943 0.05 0.05
0 0.07572654540481397 0.6432736141502552 0.05 0.05
0 0.17911823030634572 0.5623108132749818 0.05 0.05
0 0.16270685175054705 0.6870372902990518 0.05 0.05
0 0.17091254102844636 0.7308009664478483 0.05 0.05
0 0.08064995897155357 0.8205165025528811 0.05 0.05
0 0.2595339852297593 0.7680000911743253 0.05 0.05
0 0.3366674644420132 0.7833173778264041 0.05 0.05
0 0.3826193243982494 0.8008228482859228 0.05 0.05
0 0.4088775300875274 0.7986346644784829 0.05 0.05
0 0.38918387582056896 0.7395537016776076 0.05 0.05
0 0.44334142505470464 0.7373655178701678 0.05 0.05
0 0.45482939004376377 0.7023545769511306 0.05 0.05
