0 0.05703782202944272 0.6755947686645638 0.05 0.05
0 0.07911984095688751 0.4232288380651948 0.05 0.05
0 0.14010827418506835 0.4316410357518405 0.05 0.05
0 0.20845738038906408 0.4134146074307748 0.05 0.05
0 0.2810125854363827 0.4232288380651948 0.05 0.05
0 0.2568275170872765 0.763922844374343 0.05 0.05
0 0.326228148002103 0.7779431738520857 0.05 0.05
0 0.3861650565194531 0.815798063441991 0.05 0.05
0 0.3998348777602523 0.7779431738520857 0.05 0.05
0 0.40614402602523647 0.5311853750438137 0.05 0.05
0 0.3977318283385908 0.5101548808271996 0.05 0.05
0 0.41876232255520496 0.48071218892393996 0.05 0.05
0 0.5018327747108305 0.5395975727304594 0.05 0.05
0 0.5523059608307043 0.517165045566071 0.05 0.05
0 0.5670273067823342 0.4989386172450055 0.05 0.05
0 0.5449452878548894 0.47089795828951997 0.05 0.05
0 0.7678685265509986 0.8073858657553453 0.05 0.05
0 0.8372691574658251 0.8901058096740274 0.05 0.05
0 0.7541987053101995 0.4106105415352263 0.05 0.05
0 0.6911072226603573 0.34331296004206124 0.05 0.05
0 0.6911072226603573 0.24376862075008793 0.05 0.05
0 0.7258075381177705 0.2563869172800563 0.05 0.05
0 0.7457865076235539 0.3054580704521559 0.05 0.05
0 0.8393722068874865 0.26199504907115345 0.05 0.05
0 0.5659757820715035 0.11478158955485493 0.05 0.05
0 0.5649242573606728 0.20310966526463403 0.05 0.05
0 0.4629263604100945 0.19890356642131124 0.05 0.05
0 0.41876232255520496 0.3222824658254472 0.05 0.05
0 0.44610196503680327 0.2886336750788646 0.05 0.05
0 0.3682891364353312 0.31667433403435014 0.05 0.05
0 0.3924742047844373 0.2788194444444448 0.05 0.05
0 0.35146474106203984 0.26620114791447624 0.05 0.05
0 0.3146613761829652 0.27601537854889624 0.05 0.05
0 0.2831156348580441 0.2704072467577992 0.05 0.05
0 0.24631226997896943 0.2788194444444448 0.05 0.05
0 0.20004518270241847 0.2970458727655102 0.05 0.05
0 0.22317872634069397 0.21011983000350534 0.05 0.05
0 0.23264244873817028 0.1722649404136 0.05 0.05
0 0.26734276419558356 0.16665680862250293 0.05 0.05
0 0.23579702287066243 0.11618362250262919 0.05 0.05
0 0.2505183688222923 0.1119775236593064 0.05 0.05
0 0.279961060725552 0.09515312828601499 0.05 0.05
0 0.28732173370136693 0.08954499649491794 0.05 0.05
0 0.23053939931650888 0.07272060112162677 0.05 0.05
0 0.18847841088328074 0.08113279880827236 0.05 0.05
0 0.19583908385909568 0.05169010690501257 0.05 0.05
