0 0.27165862843551797 0.09300784002818858 0.05 0.05
0 0.2827579941860465 0.09723616983791387 0.05 0.05
0 0.29227173625792807 0.09089367512332605 0.05 0.05
0 0.3097135967230444 0.09300784002818858 0.05 0.05
0 0.33825482293868925 0.08666534531360087 0.05 0.05
0 0.3461829413319239 0.07820868569415064 0.05 0.05
0 0.4460772330866808 0.2135152396053557 0.05 0.05
0 0.45876222251585624 0.19448775546159247 0.05 0.05
0 0.32081296247357294 0.17546027131782924 0.05 0.05
0 0.2780011231501057 0.18180276603241693 0.05 0.05
0 0.2066480576109936 0.167003611698379 0.05 0.05
0 0.19871993921775896 0.1839169309372796 0.05 0.05
0 0.20506243393234672 0.32133764975334717 0.05 0.05
0 0.27641549947145877 0.2938535059901337 0.05 0.05
0 0.3667960491543341 0.27271185694150796 0.05 0.05
0 0.41912163054968293 0.26636936222692026 0.05 0.05
0 0.39058040433403807 0.4820141825229033 0.05 0.05
0 0.39058040433403807 0.5031558315715291 0.05 0.05
0 0.4508341041226216 0.5412107998590555 0.05 0.05
0 0.4444916094080339 0.5919507575757574 0.05 0.05
0 0.5221871696617336 0.5517816243833684 0.05 0.05
0 0.636352074524313 0.4820141825229033 0.05 0.05
0 0.01637321617336148 0.6278915609584212 0.05 0.05
0 0.07504129228329807 0.6278915609584212 0.05 0.05
0 0.16700746564482027 0.7230289816772373 0.05 0.05
0 0.20189118657505284 0.7230289816772373 0.05 0.05
0 0.6093964719873151 0.7462847956307257 0.05 0.05
0 0.6886776559196618 0.7716547744890767 0.05 0.05
0 0.7632019688160678 0.6892023431994362 0.05 0.05
0 0.8060138081395349 0.6617181994362226 0.05 0.05
0 0.831383786997886 0.5390966349541929 0.05 0.05
0 0.8757812500000002 0.5242974806201548 0.05 0.05
0 0.8852949920718818 0.2811685165609582 0.05 0.05
0 0.8060138081395349 0.21774356941508088 0.05 0.05
0 0.7552738504228331 0.20294441508104283 0.05 0.05
