0 0.27165862843551797 0.09723616983791387 0.05 0.05
0 0.2811723705073996 0.09723616983791387 0.05 0.05
0 0.2891004889006343 0.08666534531360087 0.05 0.05
0 0.24945989693446088 0.09935033474277641 0.05 0.05
0 0.29702860729386893 0.10357866455250159 0.05 0.05
0 0.3287410808668076 0.10569282945736411 0.05 0.05
0 0.33825482293868925 0.09300784002818858 0.05 0.05
0 0.34142607029598315 0.07820868569415064 0.05 0.05
0 0.36203917811839326 0.09089367512332605 0.05 0.05
0 0.3652104254756871 0.08032285059901317 0.05 0.05
0 0.23360366014799155 0.12049198379140218 0.05 0.05
0 0.21774742336152214 0.12894864341085252 0.05 0.05
0 0.18603494978858348 0.14163363284002795 0.05 0.05
0 0.2256755417547569 0.19871608527131765 0.05 0.05
0 0.18920619714587736 0.20083025017618017 0.05 0.05
0 0.2605592626849894 0.20294441508104283 0.05 0.05
0 0.44290598572938694 0.20505857998590535 0.05 0.05
0 0.45559097515856245 0.19448775546159247 0.05 0.05
0 0.45717659883720935 0.20928690979563053 0.05 0.05
0 0.3858235332980973 0.3107668252290343 0.05 0.05
0 0.31922733879492604 0.3361368040873854 0.05 0.05
0 0.295442983615222 0.3361368040873854 0.05 0.05
0 0.246288649577167 0.37630593727977435 0.05 0.05
0 0.1907918208245243 0.3784201021846369 0.05 0.05
0 0.17652120771670188 0.38687676180408725 0.05 0.05
0 0.11468188424947143 0.42704589499647627 0.05 0.05
0 0.07979816331923888 0.43338838971106397 0.05 0.05
0 0.027472581923890026 0.5052699964763917 0.05 0.05
0 0.18286370243128963 0.7082298273431993 0.05 0.05
0 0.20506243393234672 0.7230289816772373 0.05 0.05
0 0.39533727536997887 0.4820141825229033 0.05 0.05
0 0.39533727536997887 0.5116124911909794 0.05 0.05
0 0.46193346987315015 0.52852581042988 0.05 0.05
0 0.514259051268499 0.5412107998590555 0.05 0.05
0 0.5523140195560254 0.46932919309372784 0.05 0.05
0 0.6411089455602538 0.7378281360112754 0.05 0.05
0 0.564999008985201 0.9957562544045101 0.05 0.05
0 0.6775782901691333 0.9872995947850599 0.05 0.05
0 0.7600307214587738 0.976728770260747 0.05 0.05
0 0.8694387552854124 0.6955448379140239 0.05 0.05
0 0.9566480576109939 0.7357139711064129 0.05 0.05
0 0.9867749075052856 0.8139380725863283 0.05 0.05
0 0.7156332584566597 0.2600268675123324 0.05 0.05
0 0.7632019688160678 0.2600268675123324 0.05 0.05
0 0.8916374867864695 0.27271185694150796 0.05 0.05
0 0.5713415036997886 0.1395194679351654 0.05 0.05
0 0.588783364164905 0.15431862226920348 0.05 0.05
0 0.6426945692389008 0.14374779774489058 0.05 0.05
0 0.6585508060253701 0.1500902924594783 0.05 0.05
