0 0.18395735062893084 0.07651336477987414 0.05 0.05
0 0.21383156446540888 0.07860980083857404 0.05 0.05
0 0.19810829402515728 0.10795990566037711 0.05 0.05
0 0.23741647012578623 0.1477921907756811 0.05 0.05
0 0.27357999213836487 0.09118841719077532 0.05 0.05
0 0.28301395440251575 0.09538128930817583 0.05 0.05
0 0.31760514937106926 0.12053852201257828 0.05 0.05
0 0.3569133254716982 0.08699554507337494 0.05 0.05
0 0.3663472877358491 0.23164963312368947 0.05 0.05
0 0.43710200471698124 0.21278170859538753 0.05 0.05
0 0.2720076650943397 0.23793894129978999 0.05 0.05
0 0.22955483490566042 0.37420728511530377 0.05 0.05
0 0.28458628144654097 0.38888233752620516 0.05 0.05
0 0.22798250786163526 0.48112552410901444 0.05 0.05
0 0.006284394654088055 0.4895112683438153 0.05 0.05
0 0.05659886006289309 0.5377292976939201 0.05 0.05
0 0.3459070361635221 0.5104756289308174 0.05 0.05
0 0.3364730738993712 0.806073113207547 0.05 0.05
0 0.5581711871069184 0.986366614255765 0.05 0.05
0 0.6713787342767297 0.8102659853249474 0.05 0.05
0 0.7845862814465411 0.8563875786163521 0.05 0.05
0 0.5455925707547171 0.4748362159329138 0.05 0.05
