0 0.21457617600422832 0.2008302501761803 0.05 0.05
0 0.22408991807610992 0.20928690979563053 0.05 0.05
0 0.2669017573995772 0.20294441508104283 0.05 0.05
0 0.18286370243128963 0.30865266032417177 0.05 0.05
0 0.22250429439746303 0.3382509689922479 0.05 0.05
0 0.25421676797040166 0.43973088442565167 0.05 0.05
0 0.9423774445031714 0.7145723220577871 0.05 0.05
0 0.18444932610993658 0.7526272903453134 0.05 0.05
0 0.2637305100422833 0.7505131254404509 0.05 0.05
0 0.2066480576109936 0.6321198907681465 0.05 0.05
0 0.5459715248414377 0.47355752290345293 0.05 0.05
0 0.7251470005285413 0.20928690979563053 0.05 0.05
0 0.8504112711416492 0.24945604298801954 0.05 0.05
0 0.6759926664904864 0.18814526074700477 0.05 0.05
0 0.6046396009513744 0.22408606412966858 0.05 0.05
0 0.4318066199788584 0.207172744890768 0.05 0.05
0 0.417536006871036 0.1923735905567298 0.05 0.05
0 0.46193346987315015 0.1902594256518673 0.05 0.05
0 0.33825482293868925 0.08455118040873835 0.05 0.05
0 0.35728230708245245 0.08666534531360087 0.05 0.05
0 0.27007300475687107 0.08666534531360087 0.05 0.05
0 0.2811723705073996 0.09300784002818858 0.05 0.05
0 0.2938573599365751 0.09300784002818858 0.05 0.05
