0 0.2098193049682875 0.04015371740662417 0.05 0.05
0 0.25263114429175476 0.054952871740662226 0.05 0.05
0 0.2811723705073996 0.0824370155038757 0.05 0.05
0 0.33666919926004224 0.09300784002818858 0.05 0.05
0 0.34301169397463005 0.07820868569415064 0.05 0.05
0 0.35569668340380556 0.09300784002818858 0.05 0.05
0 0.3636248017970402 0.08877951021846352 0.05 0.05
0 0.2082336812896406 0.10780699436222677 0.05 0.05
0 0.21457617600422835 0.09935033474277641 0.05 0.05
0 0.2098193049682875 0.17546027131782924 0.05 0.05
0 0.23994615486257925 0.16911777660324154 0.05 0.05
0 0.21616179968287524 0.22831439393939376 0.05 0.05
0 0.30019985465116283 0.20083025017618017 0.05 0.05
0 0.31764171511627903 0.21774356941508088 0.05 0.05
0 0.30019985465116283 0.247341878083157 0.05 0.05
0 0.31764171511627903 0.287511011275546 0.05 0.05
0 0.36203917811839326 0.24522771317829437 0.05 0.05
0 0.3303267045454546 0.3551642882311486 0.05 0.05
0 0.247874273255814 0.3551642882311486 0.05 0.05
0 0.1939630681818182 0.34036513389711043 0.05 0.05
0 0.16066497093023255 0.3720776074700492 0.05 0.05
0 0.11943875528541223 0.5538957892882309 0.05 0.05
0 0.18286370243128963 0.7103439922480619 0.05 0.05
0 0.20347681025369982 0.7272573114869625 0.05 0.05
0 0.3874091569767442 0.47567168780831554 0.05 0.05
0 0.39533727536997887 0.5010416666666665 0.05 0.05
0 0.4524197278012686 0.3551642882311486 0.05 0.05
0 0.4540053514799155 0.5306399753347427 0.05 0.05
0 0.5206015459830867 0.5412107998590555 0.05 0.05
0 0.6062252246300213 0.6574898696264974 0.05 0.05
0 0.7045338927061311 0.6638323643410852 0.05 0.05
0 0.7013626453488373 0.3720776074700492 0.05 0.05
0 0.7521026030655392 0.3847625968992247 0.05 0.05
0 0.6759926664904864 0.35939261804087363 0.05 0.05
0 0.7156332584566597 0.3149951550387596 0.05 0.05
0 0.6823351612050741 0.22620022903453124 0.05 0.05
0 0.7727157108879494 0.2409993833685692 0.05 0.05
0 0.8012569371035942 0.24945604298801954 0.05 0.05
0 0.8377262817124738 0.25157020789288204 0.05 0.05
0 0.7901575713530656 0.2811685165609582 0.05 0.05
0 0.8250412922832983 0.29173934108527105 0.05 0.05
0 0.8884662394291756 0.2811685165609582 0.05 0.05
0 0.6680645480972517 0.10146449964763894 0.05 0.05
0 0.6442801929175477 0.10780699436222677 0.05 0.05
0 0.44132036205074004 0.20928690979563053 0.05 0.05
0 0.37313854386892176 0.20928690979563053 0.05 0.05
0 0.45876222251585624 0.19660192036645513 0.05 0.05
