0 0.20030556289640594 0.1902594256518674 0.05 0.05
0 0.2605592626849894 0.14586196264975312 0.05 0.05
0 0.2447030258985201 0.19660192036645513 0.05 0.05
0 0.2272611654334038 0.247341878083157 0.05 0.05
0 0.2891004889006343 0.27271185694150796 0.05 0.05
0 0.30337110200845663 0.20083025017618017 0.05 0.05
0 0.3493541886892178 0.22831439393939376 0.05 0.05
0 0.3509398123678647 0.25579853770260735 0.05 0.05
0 0.30178547832980973 0.32133764975334717 0.05 0.05
0 0.2510455206131078 0.3255659795630725 0.05 0.05
0 0.28592924154334043 0.40590424594785046 0.05 0.05
0 0.3128848440803383 0.4503017089499645 0.05 0.05
0 0.38899478065539117 0.40590424594785046 0.05 0.05
0 0.2447030258985201 0.513726656095842 0.05 0.05
0 0.20506243393234672 0.5221833157152923 0.05 0.05
0 0.20030556289640594 0.7483989605355884 0.05 0.05
0 0.1543224762156448 0.8393080514446792 0.05 0.05
0 0.28592924154334043 0.7441706307258632 0.05 0.05
0 0.46034784619450325 0.9682721106412966 0.05 0.05
0 0.7949144423890064 0.820280567300916 0.05 0.05
0 0.7917431950317125 0.46721502818886523 0.05 0.05
0 0.8234556686046514 0.4566442036645524 0.05 0.05
0 0.8694387552854124 0.4460733791402395 0.05 0.05
0 0.8472400237843554 0.5010416666666665 0.05 0.05
0 0.9106649709302326 0.5052699964763917 0.05 0.05
0 0.5951258588794927 0.12683447850599 0.05 0.05
0 0.5745127510570825 0.13740530303030288 0.05 0.05
0 0.2748298757928119 0.08455118040873835 0.05 0.05
0 0.2843436178646934 0.09512200493305123 0.05 0.05
0 0.2938573599365751 0.08877951021846352 0.05 0.05
0 0.33825482293868925 0.08877951021846352 0.05 0.05
0 0.35728230708245245 0.08877951021846352 0.05 0.05
0 0.5523140195560254 0.47355752290345293 0.05 0.05
