0 0.20087721928982724 0.28671025271913 0.05 0.05
0 0.24022462811900197 0.2828714811260397 0.05 0.05
0 0.2718944937619962 0.2969469769673703 0.05 0.05
0 0.3035643594049905 0.26751639475367883 0.05 0.05
0 0.3208388315738964 0.29310820537428023 0.05 0.05
0 0.23830524232245684 0.42746521113243763 0.05 0.05
0 0.1087467010556622 0.888117802303263 0.05 0.05
0 0.1644088891554703 0.8791606685860526 0.05 0.05
0 0.36498470489443385 0.7934281030070378 0.05 0.05
0 0.40913057821497123 0.5323916346769034 0.05 0.05
0 0.3985739563339732 0.5093590051183622 0.05 0.05
0 0.4168081214011517 0.4824876039667307 0.05 0.05
0 0.5003014035508638 0.5375099968010237 0.05 0.05
0 0.5425278910748561 0.5285528630838132 0.05 0.05
0 0.5569232845489445 0.5080794145873321 0.05 0.05
0 0.5473263555662189 0.47225087971849006 0.05 0.05
0 0.7450230926103647 0.5976507517594369 0.05 0.05
0 0.8313954534548944 0.6181242002559181 0.05 0.05
0 0.7584587931861806 0.270075575815739 0.05 0.05
0 0.6029885436660269 0.11396553103007037 0.05 0.05
0 0.5521248200575817 0.10756757837491998 0.05 0.05
0 0.4484779870441459 0.2048164587332053 0.05 0.05
0 0.2814914227447217 0.09989003518873953 0.05 0.05
0 0.2814914227447217 0.07813699616122835 0.05 0.05
0 0.2670960292706334 0.07813699616122835 0.05 0.05
0 0.24406339971209218 0.10756757837491998 0.05 0.05
0 0.22199046305182346 0.1331593889955214 0.05 0.05
0 0.2008772192898273 0.10756757837491998 0.05 0.05
0 0.20759506957773516 0.08453494881637873 0.05 0.05
0 0.21719199856046068 0.0806961772232885 0.05 0.05
0 0.2027966050863724 0.03719009916826614 0.05 0.05
0 0.18552213291746647 0.03719009916826614 0.05 0.05
0 0.31412098128598853 0.0806961772232885 0.05 0.05
0 0.3525086972168906 0.08325535828534865 0.05 0.05
0 0.36306531909788875 0.0858145393474088 0.05 0.05
