0 0.07744470226615237 0.6836196158791386 0.05 0.05
0 0.06490854026036644 0.8160529170684667 0.05 0.05
0 0.0205498131629701 0.8070525956284154 0.05 0.05
0 0.1497687138379942 0.8533399630343941 0.05 0.05
0 0.15362599445515912 0.7016202587592415 0.05 0.05
0 0.2500580098842816 0.6206173657987786 0.05 0.05
0 0.24909368972999033 0.45346853905496626 0.05 0.05
0 0.21919976494696236 0.3827517277402765 0.05 0.05
0 0.1883415200096432 0.3158921970427516 0.05 0.05
0 0.30984585945033755 0.4573258196721312 0.05 0.05
0 0.3908487524108003 0.5074704676952748 0.05 0.05
0 0.4110994756509161 0.5241853503696561 0.05 0.05
0 0.4188140368852459 0.47789798296367736 0.05 0.05
0 0.5017455701542912 0.5357571922211508 0.05 0.05
0 0.5441756569431051 0.4727549421407907 0.05 0.05
0 0.5596047794117647 0.6874768964963035 0.05 0.05
0 0.6541081545323048 0.710620580199293 0.05 0.05
0 0.6232499095949855 0.8276247589199615 0.05 0.05
0 0.7148603242526519 0.8096241160398586 0.05 0.05
0 0.8132209799903567 0.8121956364513019 0.05 0.05
0 0.8826520310993249 0.8366250803600129 0.05 0.05
0 0.8190069009161041 0.4586115798778528 0.05 0.05
0 0.7563260908871745 0.18603041626486672 0.05 0.05
0 0.7756124939729989 0.19503073770491805 0.05 0.05
0 0.7245035257955641 0.1628867325618773 0.05 0.05
0 0.6965382413211186 0.1577436917389908 0.05 0.05
0 0.6087851072806172 0.16031521215043393 0.05 0.05
0 0.574069581726133 0.11017056412729029 0.05 0.05
0 0.4487079616682738 0.20788833976213444 0.05 0.05
0 0.3754196299421408 0.2593187479909998 0.05 0.05
0 0.3435970648505304 0.2593187479909998 0.05 0.05
0 0.3426327446962391 0.22460322243651565 0.05 0.05
0 0.196056081243973 0.17574433461909358 0.05 0.05
0 0.18159127892960464 0.1333142478302797 0.05 0.05
0 0.21052088355834134 0.11659936515589849 0.05 0.05
0 0.2143781641755063 0.07931231918997111 0.05 0.05
0 0.3040599385245901 0.09345568145290907 0.05 0.05
0 0.3435970648505304 0.10117024268723883 0.05 0.05
