0 0.24148146881838078 0.11592131655725725 0.05 0.05
0 0.20865871170678338 0.1224858679795768 0.05 0.05
0 0.21850553884026264 0.22533050692924864 0.05 0.05
0 0.15121888676148795 0.3544333515681983 0.05 0.05
0 0.1545011624726477 0.4288316010211523 0.05 0.05
0 0.17747709245076587 0.45727799051787 0.05 0.05
0 0.11347271608315095 0.5973217541940189 0.05 0.05
0 0.026492409737417892 0.6454617979576952 0.05 0.05
0 0.042903788293216574 0.6454617979576952 0.05 0.05
0 0.18240050601750543 0.7373655178701678 0.05 0.05
0 0.19881188457330415 0.7701882749817651 0.05 0.05
0 0.2578928473741794 0.5426171590080232 0.05 0.05
0 0.24148146881838078 0.45946617432530984 0.05 0.05
0 0.2923567423413567 0.36537427060539746 0.05 0.05
0 0.3481554294310722 0.36099790299051776 0.05 0.05
0 0.4482648386214443 0.2056368526622901 0.05 0.05
0 0.3530788429978118 0.10935676513493782 0.05 0.05
0 0.3662079458424508 0.09841584609773868 0.05 0.05
0 0.3859016001094092 0.07872219183078026 0.05 0.05
0 0.39246615153172865 0.15093225747629452 0.05 0.05
0 0.32353836159737415 0.13342678701677593 0.05 0.05
0 0.30712698304157554 0.09622766229029894 0.05 0.05
0 0.28415105306345734 0.0765340080233404 0.05 0.05
0 0.6271488648796499 0.2647178154631655 0.05 0.05
0 0.551656523522976 0.21438958789204948 0.05 0.05
0 0.563144488512035 0.2056368526622901 0.05 0.05
0 0.7305405497811818 0.15093225747629452 0.05 0.05
0 0.8043917532822759 0.17719046316557238 0.05 0.05
0 0.7239759983588623 0.2209541393143689 0.05 0.05
0 0.7420285147702408 0.2340832421590078 0.05 0.05
0 0.8388556482494531 0.45946617432530984 0.05 0.05
0 0.8880897839168492 0.46821890955506923 0.05 0.05
0 0.7535164797592999 0.5448053428154632 0.05 0.05
0 0.7305405497811818 0.6126390408460978 0.05 0.05
0 0.6599716219912474 0.6192035922684173 0.05 0.05
0 0.5483742478118162 0.4725952771699489 0.05 0.05
0 0.5089869392778994 0.5316762399708241 0.05 0.05
0 0.39082501367614875 0.5054180342815463 0.05 0.05
0 0.4088775300875274 0.5229235047410649 0.05 0.05
0 0.426930046498906 0.6476499817651349 0.05 0.05
0 0.49257556072210074 0.7264245988329686 0.05 0.05
0 0.2890744666301969 0.7876937454412837 0.05 0.05
0 0.32189722374179436 0.8183283187454413 0.05 0.05
0 0.38918387582056896 0.8030110320933626 0.05 0.05
0 0.32189722374179436 0.973689369073669 0.05 0.05
0 0.7846980990153173 0.8817856491611963 0.05 0.05
0 0.929118230306346 0.8795974653537564 0.05 0.05
