0 0.27594536378555795 0.07434582421590079 0.05 0.05
0 0.275945363785558 0.09185129467541925 0.05 0.05
0 0.31205039660831513 0.0940394784828591 0.05 0.05
0 0.3366674644420132 0.10279221371261839 0.05 0.05
0 0.2792276394967178 0.12467405178701665 0.05 0.05
0 0.25296943380743986 0.15749680889861406 0.05 0.05
0 0.1906061952954048 0.10279221371261839 0.05 0.05
0 0.2053764359956236 0.13123860320933609 0.05 0.05
0 0.3547199808533917 0.14874407366885467 0.05 0.05
0 0.39903070295404813 0.13999133843909536 0.05 0.05
0 0.4466237007658644 0.2100132202771698 0.05 0.05
0 0.5434508342450767 0.2209541393143689 0.05 0.05
0 0.5680679020787747 0.2012604850474105 0.05 0.05
0 0.6960766548140045 0.22751869073668834 0.05 0.05
0 0.7157703090809628 0.2056368526622901 0.05 0.05
0 0.776492409737418 0.17062591174325295 0.05 0.05
0 0.8011094775711161 0.16624954412837323 0.05 0.05
0 0.6304311405908096 0.30410512399708234 0.05 0.05
0 0.664895035557987 0.5382407913931435 0.05 0.05
0 0.7321816876367616 0.4725952771699489 0.05 0.05
0 0.7223348605032824 0.5404289752005835 0.05 0.05
0 0.8240854075492343 0.5076062180889861 0.05 0.05
0 0.9176302653172869 0.5207353209336251 0.05 0.05
0 0.5549387992341358 0.46821890955506923 0.05 0.05
0 0.5089869392778994 0.5207353209336251 0.05 0.05
0 0.5253983178336981 0.70673094456601 0.05 0.05
0 0.42200663293216634 0.6607790846097737 0.05 0.05
0 0.39574842724288845 0.8073873997082421 0.05 0.05
0 0.34159087800875276 0.8248928701677608 0.05 0.05
0 0.2956390180525164 0.822704686360321 0.05 0.05
0 0.1922473331509847 0.772376458789205 0.05 0.05
0 0.18732391958424505 0.732989150255288 0.05 0.05
0 0.036339236870897115 0.6476499817651349 0.05 0.05
0 0.016645582603938672 0.6476499817651349 0.05 0.05
0 0.10198475109409189 0.5951335703865792 0.05 0.05
0 0.24804602024070027 0.5623108132749818 0.05 0.05
0 0.39574842724288845 0.5076062180889861 0.05 0.05
0 0.40395411652078783 0.5207353209336251 0.05 0.05
0 0.287433328774617 0.42007886579139303 0.05 0.05
0 0.21686440098468274 0.41570249817651345 0.05 0.05
0 0.2234289524070022 0.36099790299051776 0.05 0.05
0 0.22014667669584242 0.2647178154631655 0.05 0.05
0 0.2431226066739606 0.29316420495988316 0.05 0.05
0 0.32189722374179436 0.3216105944566009 0.05 0.05
0 0.37769591083150983 0.31066967541940177 0.05 0.05
