0 0.31625744047619053 0.09495701058201055 0.05 0.05
0 0.31228918650793647 0.15051256613756603 0.05 0.05
0 0.28252728174603164 0.15844907407407405 0.05 0.05
0 0.19522569444444435 0.22458664021164007 0.05 0.05
0 0.2170510912698412 0.2801421957671958 0.05 0.05
0 0.25474950396825385 0.2695601851851851 0.05 0.05
0 0.4412574404761903 0.21665013227513227 0.05 0.05
0 0.45514632936507926 0.21665013227513227 0.05 0.05
0 0.4134796626984126 0.3462797619047618 0.05 0.05
0 0.39760664682539676 0.33040674603174597 0.05 0.05
0 0.34800347222222217 0.3171792328042327 0.05 0.05
0 0.31228918650793647 0.3171792328042327 0.05 0.05
0 0.242844742063492 0.32776124338624335 0.05 0.05
0 0.20911458333333321 0.3886078042328042 0.05 0.05
0 0.1714161706349206 0.367443783068783 0.05 0.05
0 0.1535590277777777 0.39125330687830673 0.05 0.05
0 0.1793526785714285 0.4520998677248677 0.05 0.05
0 0.2527653769841269 0.49178240740740736 0.05 0.05
0 0.22498759920634911 0.5870205026455025 0.05 0.05
0 0.10593998015873012 0.4732638888888888 0.05 0.05
0 0.06228918650793649 0.5870205026455025 0.05 0.05
0 0.11387648809523802 0.621412037037037 0.05 0.05
0 0.24482886904761897 0.6478670634920634 0.05 0.05
0 0.38768601190476176 0.5076554232804232 0.05 0.05
0 0.4035590277777777 0.5341104497354496 0.05 0.05
0 0.5563368055555554 0.5182374338624337 0.05 0.05
0 0.5741939484126982 0.5023644179894179 0.05 0.05
0 0.5484002976190474 0.4679728835978835 0.05 0.05
0 0.4511780753968253 0.7298776455026454 0.05 0.05
0 0.4134796626984126 0.7298776455026454 0.05 0.05
0 0.3777653769841269 0.777496693121693 0.05 0.05
0 0.35990823412698403 0.8039517195767195 0.05 0.05
0 0.3341145833333332 0.7722056878306878 0.05 0.05
0 0.2984002976190475 0.7933697089947089 0.05 0.05
0 0.8777653769841267 0.7960152116402116 0.05 0.05
0 0.7706225198412697 0.3515707671957671 0.05 0.05
0 0.7686383928571426 0.39654431216931213 0.05 0.05
0 0.8122891865079362 0.40448082010582004 0.05 0.05
0 0.5404637896825395 0.21665013227513227 0.05 0.05
0 0.8202256944444442 0.1690310846560846 0.05 0.05
0 0.840066964285714 0.19548611111111108 0.05 0.05
