0 0.19319967610364688 0.3455714171465131 0.05 0.05
0 0.20663537667946258 0.26751639475367883 0.05 0.05
0 0.21911138435700578 0.2457633557261675 0.05 0.05
0 0.2546200215930903 0.11524512156110044 0.05 0.05
0 0.21911138435700578 0.08325535828534865 0.05 0.05
0 0.29684650911708255 0.09605126359564929 0.05 0.05
0 0.34099238243762003 0.09861044465770945 0.05 0.05
0 0.36690409069097896 0.09477167306461923 0.05 0.05
0 0.4455989083493283 0.21633277351247598 0.05 0.05
0 0.40817088531669865 0.47353047024952016 0.05 0.05
0 0.3985739563339732 0.5080794145873321 0.05 0.05
0 0.40913057821497123 0.525993682021753 0.05 0.05
0 0.5031804822456815 0.5400691778630837 0.05 0.05
0 0.5473263555662189 0.5144773672424824 0.05 0.05
0 0.5588426703454895 0.4824876039667307 0.05 0.05
0 0.5502054342610365 0.4760896513115803 0.05 0.05
0 0.8304357605566219 0.6603506877799105 0.05 0.05
0 0.7459827855086373 0.45561620281509907 0.05 0.05
0 0.8093225167946259 0.45945497440818944 0.05 0.05
0 0.8026046665067179 0.2726347568777991 0.05 0.05
0 0.8179597528790786 0.18818178182981443 0.05 0.05
0 0.6634491962571978 0.09989003518873953 0.05 0.05
0 0.604907929462572 0.9584952815099168 0.05 0.05
0 0.32179852447216895 0.8087831893793986 0.05 0.05
0 0.3717025551823417 0.9444197856685861 0.05 0.05
