0 0.18603494978858348 0.14586196264975324 0.05 0.05
0 0.21616179968287524 0.08877951021846352 0.05 0.05
0 0.23677490750528546 0.10357866455250159 0.05 0.05
0 0.27641549947145877 0.09089367512332605 0.05 0.05
0 0.2843436178646934 0.09089367512332605 0.05 0.05
0 0.2938573599365751 0.09089367512332605 0.05 0.05
0 0.33666919926004224 0.09089367512332605 0.05 0.05
0 0.35411105972515855 0.09512200493305123 0.05 0.05
0 0.46193346987315015 0.19660192036645513 0.05 0.05
0 0.2891004889006343 0.14797612755461576 0.05 0.05
0 0.2684873810782241 0.19448775546159247 0.05 0.05
0 0.23201803646934457 0.2409993833685692 0.05 0.05
0 0.5428002774841438 0.47144335799859044 0.05 0.05
0 0.21774742336152214 0.765312279774489 0.05 0.05
0 0.6807495375264272 0.976728770260747 0.05 0.05
0 0.8868806157505287 0.8794771846370683 0.05 0.05
0 0.8630962605708247 0.6596040345313601 0.05 0.05
0 0.7885719476744187 0.6215490662438335 0.05 0.05
