0 0.5049873488433226 0.5325874079915881 0.05 0.05
0 0.542842238433228 0.5227731773571681 0.05 0.05
0 0.56071815851735 0.5059487819838768 0.05 0.05
0 0.5438937631440587 0.4638877935506487 0.05 0.05
0 0.40929860015772856 0.5185670785138453 0.05 0.05
0 0.3998348777602523 0.4989386172450055 0.05 0.05
0 0.40719555073606717 0.4835162548194885 0.05 0.05
0 0.42296842139852775 0.7807472397476343 0.05 0.05
0 0.38301048238696095 0.815798063441991 0.05 0.05
0 0.32202204915878013 0.7723350420609887 0.05 0.05
0 0.2063543309674027 0.7316760865755347 0.05 0.05
0 0.06755306913774976 0.5297833420960394 0.05 0.05
0 0.04757409963196639 0.5395975727304594 0.05 0.05
0 0.14641742245005257 0.39378614616193514 0.05 0.05
0 0.16639639195583594 0.39378614616193514 0.05 0.05
0 0.26839428890641426 0.4232288380651948 0.05 0.05
0 0.27890953601472124 0.36294142131090107 0.05 0.05
0 0.18427231203995792 0.2199340606379253 0.05 0.05
0 0.18742688617245004 0.09375109533824073 0.05 0.05
0 0.22317872634069397 0.12179175429372625 0.05 0.05
0 0.27575496188222914 0.1077714248159835 0.05 0.05
0 0.28732173370136693 0.1077714248159835 0.05 0.05
0 0.279961060725552 0.09375109533824073 0.05 0.05
0 0.28942478312302833 0.09234906239046646 0.05 0.05
0 0.290476307833859 0.05028807395723831 0.05 0.05
0 0.3872165812302838 0.23816048895899086 0.05 0.05
0 0.41981384726603566 0.24376862075008793 0.05 0.05
0 0.44084434148264967 0.29143774097441316 0.05 0.05
0 0.42296842139852775 0.3138702681388016 0.05 0.05
0 0.45241111330178746 0.2045116982124083 0.05 0.05
0 0.5417907137223973 0.2045116982124083 0.05 0.05
0 0.5838517021556255 0.2563869172800563 0.05 0.05
0 0.6164489681913773 0.25919098317560496 0.05 0.05
0 0.5859547515772869 0.14142021556256607 0.05 0.05
0 0.6111913446372237 0.1400181826147918 0.05 0.05
0 0.6890041732386958 0.21152186295127962 0.05 0.05
0 0.7447349829127232 0.20591373116018255 0.05 0.05
0 0.7636624277076758 0.14422428145811458 0.05 0.05
0 0.7436834582018925 0.28723164213109037 0.05 0.05
0 0.78469292192429 0.3194783999298986 0.05 0.05
