0 0.2732442521141649 0.0930078400281887 0.05 0.05
0 0.2875148652219873 0.08032285059901317 0.05 0.05
0 0.2891004889006343 0.09300784002818858 0.05 0.05
0 0.33825482293868925 0.08877951021846352 0.05 0.05
0 0.35411105972515855 0.08877951021846352 0.05 0.05
0 0.42387850158562373 0.20083025017618017 0.05 0.05
0 0.4302209963002115 0.2135152396053557 0.05 0.05
0 0.46034784619450325 0.19448775546159247 0.05 0.05
0 0.2780011231501057 0.22197189922480595 0.05 0.05
0 0.2780011231501057 0.29173934108527105 0.05 0.05
0 0.33666919926004224 0.29173934108527105 0.05 0.05
0 0.37789541490486267 0.5242974806201548 0.05 0.05
0 0.42070725422832983 0.5010416666666665 0.05 0.05
0 0.5443859011627907 0.47144335799859044 0.05 0.05
0 0.6553795586680762 0.38687676180408725 0.05 0.05
0 0.6966057743128965 0.3720776074700492 0.05 0.05
0 0.7457601083509514 0.15854695207892863 0.05 0.05
0 0.8345550343551797 0.3445934637068357 0.05 0.05
0 0.804428184460888 0.43550255461592663 0.05 0.05
0 0.7489313557082454 0.5729232734319942 0.05 0.05
0 0.18762057346723043 0.630005725863284 0.05 0.05
0 0.2288467891120507 0.6511473749119097 0.05 0.05
0 0.008445097780126809 0.7631981148696264 0.05 0.05
0 0.27165862843551797 0.7420564658210006 0.05 0.05
0 0.22250429439746303 0.9471304615926709 0.05 0.05
0 0.25421676797040166 0.9069613284002819 0.05 0.05
