0 0.4285711843544857 0.2143895878920496 0.05 0.05
0 0.44334142505470464 0.2056368526622901 0.05 0.05
0 0.3366674644420132 0.09841584609773868 0.05 0.05
0 0.3465142915754923 0.1268622355944564 0.05 0.05
0 0.31369153446389497 0.09841584609773868 0.05 0.05
0 0.2431226066739606 0.037146699489423556 0.05 0.05
0 0.21686440098468274 0.08091037563822011 0.05 0.05
0 0.2250700902625821 0.10935676513493782 0.05 0.05
0 0.24476374452954047 0.10935676513493782 0.05 0.05
0 0.664895035557987 0.1728140955506928 0.05 0.05
0 0.5483742478118162 0.21438958789204948 0.05 0.05
0 0.5664267642231948 0.18594319839533177 0.05 0.05
0 0.42528890864332614 0.29316420495988316 0.05 0.05
0 0.3859016001094092 0.2909760211524433 0.05 0.05
0 0.351437705142232 0.2603414478482858 0.05 0.05
0 0.20045302242888402 0.1881313822027715 0.05 0.05
0 0.2431226066739606 0.31066967541940177 0.05 0.05
0 0.20865871170678338 0.36537427060539746 0.05 0.05
0 0.1577834381838074 0.45071343909555056 0.05 0.05
0 0.10526702680525162 0.46821890955506923 0.05 0.05
0 0.016645582603938672 0.6826609226841721 0.05 0.05
0 0.06916199398249448 0.6388972465353755 0.05 0.05
0 0.09870247538293211 0.6038863056163384 0.05 0.05
0 0.1955296088621444 0.6388972465353755 0.05 0.05
0 0.21358212527352297 0.7286127826404083 0.05 0.05
0 0.21522326312910284 0.7701882749817651 0.05 0.05
0 0.31533267231947487 0.785505561633844 0.05 0.05
0 0.3465142915754923 0.8336456053975201 0.05 0.05
0 0.38097818654266963 0.8030110320933626 0.05 0.05
0 0.42364777078774624 0.7548709883296865 0.05 0.05
0 0.4843698714442014 0.7483064369073669 0.05 0.05
0 0.43841801148796505 0.6367090627279358 0.05 0.05
0 0.39246615153172865 0.5054180342815463 0.05 0.05
0 0.41215980579868716 0.5185471371261852 0.05 0.05
0 0.5089869392778994 0.5294880561633843 0.05 0.05
0 0.5483742478118162 0.470407093362509 0.05 0.05
0 0.9110657138949675 0.8183283187454413 0.05 0.05
0 0.8355733725382934 0.40476157913931426 0.05 0.05
0 0.7453107904814005 0.2909760211524433 0.05 0.05
0 0.7945449261487967 0.30848149161196203 0.05 0.05
0 0.6435602434354487 0.25815326404084604 0.05 0.05
0 0.6927943791028447 0.19031956601021136 0.05 0.05
0 0.7075646198030635 0.19688411743253093 0.05 0.05
0 0.7436696526258207 0.21220140408460963 0.05 0.05
