0 0.09278966219768665 0.6713886698212409 0.05 0.05
0 0.1495719965825447 0.5395975727304594 0.05 0.05
0 0.22212720162986327 0.5620300998948478 0.05 0.05
0 0.4639778851209252 0.6966252628811779 0.05 0.05
0 0.45556568743427955 0.640543944970207 0.05 0.05
0 0.41035012486855926 0.5353914738871366 0.05 0.05
0 0.4019379271819137 0.501742683140554 0.05 0.05
0 0.42086537197686635 0.4877223536628113 0.05 0.05
0 0.5049873488433226 0.5339894409393623 0.05 0.05
0 0.5554605349631965 0.5311853750438137 0.05 0.05
0 0.5701818809148264 0.5045467490361025 0.05 0.05
0 0.5523059608307043 0.4737020241850686 0.05 0.05
0 0.7878474960567821 0.501742683140554 0.05 0.05
0 0.8351661080441637 0.5227731773571681 0.05 0.05
0 0.8782786211882225 0.5185670785138453 0.05 0.05
0 0.955039925078864 0.9125383368384159 0.05 0.05
0 0.6869011238170344 0.2830255432877676 0.05 0.05
0 0.7068800933228179 0.12880191903259758 0.05 0.05
0 0.6795404508412195 0.07832873291272383 0.05 0.05
0 0.45556568743427955 0.2003055993690855 0.05 0.05
0 0.3293827221345951 0.14702834735366313 0.05 0.05
0 0.3030946043638275 0.13721411671924327 0.05 0.05
0 0.2589305665089379 0.19750153347353697 0.05 0.05
0 0.27470343717139845 0.11478158955485493 0.05 0.05
0 0.27890953601472124 0.09655516123378938 0.05 0.05
0 0.28942478312302833 0.09655516123378938 0.05 0.05
0 0.21266347923238693 0.07692669996494957 0.05 0.05
0 0.2852186842797055 0.06851450227830386 0.05 0.05
