0 0.04636666266794626 0.5336712252079335 0.05 0.05
0 0.10394823656429945 0.5298324536148432 0.05 0.05
0 0.12985994481765836 0.5784568937939859 0.05 0.05
0 0.16920735364683304 0.7345669385796545 0.05 0.05
0 0.20663537667946258 0.7153730806142035 0.05 0.05
0 0.5012610964491364 0.5426283589251439 0.05 0.05
0 0.4120096569097889 0.5349508157389635 0.05 0.05
0 0.4024127279270634 0.505520233525272 0.05 0.05
0 0.413929042706334 0.4786488323736405 0.05 0.05
0 0.5530845129558541 0.47097128918746 0.05 0.05
0 0.9465586012476008 0.9137096129238643 0.05 0.05
0 0.22774862044145877 0.27135516634676904 0.05 0.05
0 0.22199046305182346 0.21377359245041586 0.05 0.05
0 0.2574991002879079 0.23040826935380684 0.05 0.05
0 0.2910883517274473 0.21377359245041586 0.05 0.05
0 0.34962961852207297 0.21633277351247598 0.05 0.05
0 0.4369616722648753 0.2278490882917467 0.05 0.05
0 0.4369616722648753 0.20737563979526547 0.05 0.05
0 0.34387146113243766 0.15747160908509272 0.05 0.05
0 0.3064434380998081 0.1523532469609724 0.05 0.05
0 0.24118432101727452 0.16003079014715288 0.05 0.05
0 0.2104741482725528 0.1587511996161228 0.05 0.05
0 0.18456244001919392 0.06278190978886755 0.05 0.05
0 0.2085547624760077 0.03974928023032618 0.05 0.05
0 0.30932251679462575 0.09093290147152899 0.05 0.05
0 0.34675053982725534 0.10244921625079968 0.05 0.05
0 0.6749655110364684 0.11524512156110044 0.05 0.05
0 0.7018369121880998 0.13187979846449133 0.05 0.05
0 0.6845624400191939 0.21249400191938578 0.05 0.05
0 0.7287083133397314 0.2739143474088292 0.05 0.05
0 0.7757332653550864 0.3174204254638516 0.05 0.05
0 0.8246776031669866 0.3174204254638516 0.05 0.05
