0 0.007454761293634505 0.5722257871321011 0.05 0.05
0 0.06597632186858318 0.564012234770705 0.05 0.05
0 0.17788597279260782 0.7556617898699521 0.05 0.05
0 0.18609952515400416 0.5380026522929501 0.05 0.05
0 0.36474428901437383 0.4859834873374402 0.05 0.05
0 0.3770646175564682 0.4777699349760438 0.05 0.05
0 0.4468798126283368 0.5256823237508556 0.05 0.05
0 0.4971878208418892 0.5380026522929501 0.05 0.05
0 0.4910276565708419 0.5708568617385353 0.05 0.05
0 0.47254716375770023 0.6297206536618755 0.05 0.05
0 0.6676190323408625 0.5749636379192336 0.05 0.05
0 0.7117668762833677 0.5407405030800821 0.05 0.05
0 0.7138202643737167 0.42985754620123207 0.05 0.05
0 0.5474958290554415 0.47366315879534576 0.05 0.05
0 0.7939023998973307 0.4531292778918549 0.05 0.05
0 0.800062564168378 0.4216439938398357 0.05 0.05
0 0.6778859727926079 0.158810318275154 0.05 0.05
0 0.7179270405544149 0.14785891512662558 0.05 0.05
0 0.5464691350102671 0.1875577515400411 0.05 0.05
0 0.4592001411704313 0.2012470054757016 0.05 0.05
0 0.43558617813141687 0.21630518480492805 0.05 0.05
0 0.34421040811088305 0.2149362594113621 0.05 0.05
0 0.3134095867556469 0.27106220054757013 0.05 0.05
0 0.30827611652977416 0.158810318275154 0.05 0.05
0 0.2672083547227927 0.17797527378507874 0.05 0.05
0 0.2466744738193019 0.1902956023271732 0.05 0.05
0 0.2435943916837783 0.21356733401779604 0.05 0.05
0 0.21484695841889123 0.2039848562628336 0.05 0.05
0 0.19739315965092405 0.18345097535934302 0.05 0.05
0 0.2723418249486654 0.10405330253251203 0.05 0.05
0 0.2949290939425052 0.09583975017111565 0.05 0.05
0 0.19944654774127316 0.04929628678986996 0.05 0.05
0 0.18301944301848053 0.050665212183436024 0.05 0.05
