0 0.27508680555555565 0.08715277777777786 0.05 0.05
0 0.28342013888888884 0.09270833333333334 0.05 0.05
0 0.29592013888888885 0.07789351851851846 0.05 0.05
0 0.36258680555555556 0.07974537037037036 0.05 0.05
0 0.6861979166666666 0.19270833333333334 0.05 0.05
0 0.7348090277777777 0.17789351851851845 0.05 0.05
0 0.7723090277777777 0.17604166666666668 0.05 0.05
0 0.7806423611111111 0.18900462962962952 0.05 0.05
0 0.8264756944444445 0.19641203703703702 0.05 0.05
0 0.5611979166666666 0.6834490740740741 0.05 0.05
0 0.54453125 0.459375 0.05 0.05
0 0.40564236111111107 0.45011574074074073 0.05 0.05
0 0.09869791666666665 0.47418981481481476 0.05 0.05
0 0.20564236111111112 0.7315972222222221 0.05 0.05
0 0.2764756944444445 0.7371527777777778 0.05 0.05
0 0.6389756944444445 0.9760416666666666 0.05 0.05
0 0.4318066199788584 0.16066111698379118 0.05 0.05
