0 0.2606655315814851 0.7594794680167148 0.05 0.05
0 0.3272036222275796 0.7787658711025395 0.05 0.05
0 0.38024123071359683 0.7530506669881069 0.05 0.05
0 0.4033849144165863 0.5293283911925426 0.05 0.05
0 0.39181307256509157 0.5100419881067181 0.05 0.05
0 0.2211284052555448 0.276033630665381 0.05 0.05
0 0.2548796106557377 0.2683190694310511 0.05 0.05
0 0.3050242586788814 0.2618902684024429 0.05 0.05
0 0.5036742104628736 0.5409002330440373 0.05 0.05
0 0.539354056171649 0.46761190131790425 0.05 0.05
0 0.599141905737705 0.5164707891353263 0.05 0.05
0 0.7167889645612343 0.4238960543233688 0.05 0.05
0 0.7910416164416587 0.46118310028929604 0.05 0.05
0 0.8575797070877531 0.46889766152362594 0.05 0.05
0 0.8257571419961428 0.6231888862102218 0.05 0.05
0 0.6589297553037607 0.286319712311154 0.05 0.05
0 0.6907523203953713 0.2747478704596593 0.05 0.05
0 0.7987561776759884 0.2876054725168757 0.05 0.05
0 0.8672229086306654 0.2798909112825458 0.05 0.05
0 0.7293251265670202 0.1448860896817744 0.05 0.05
0 0.28959513621022176 0.09731296207007402 0.05 0.05
0 0.30984585945033755 0.09088416104146582 0.05 0.05
0 0.3435970648505304 0.09731296207007402 0.05 0.05
0 0.3686693888621022 0.09088416104146582 0.05 0.05
0 0.25777257111861135 0.10631328351012546 0.05 0.05
0 0.20280632232401158 0.0741692783670846 0.05 0.05
