0 0.248727861909651 0.21082948323066392 0.05 0.05
0 0.10088391940451746 0.44217787474332654 0.05 0.05
0 0.05878946355236142 0.4476535763175908 0.05 0.05
0 0.014641619609856271 0.5024105920602328 0.05 0.05
0 0.24564777977412736 0.48735241273100616 0.05 0.05
0 0.2990358701232033 0.5297890999315538 0.05 0.05
0 0.370904453285421 0.49967274127310063 0.05 0.05
0 0.3801446996919918 0.4764010095824778 0.05 0.05
0 0.453039976899384 0.5229444729637236 0.05 0.05
0 0.5125882315195073 0.5407405030800821 0.05 0.05
0 0.4879475744353184 0.6215071013004791 0.05 0.05
0 0.21382026437371668 0.7638753422313485 0.05 0.05
0 0.5967771432238194 0.9514181211498974 0.05 0.05
0 0.7353808393223821 0.9787966290212184 0.05 0.05
0 0.9314794019507188 0.8323216119096509 0.05 0.05
0 0.9961611267967146 0.8254769849418208 0.05 0.05
0 0.5464691350102671 0.46955638261464755 0.05 0.05
0 0.7117668762833677 0.14922784052019164 0.05 0.05
0 0.6922596894250514 0.09720867556468171 0.05 0.05
0 0.7025266298767968 0.09310189938398353 0.05 0.05
0 0.5546826873716634 0.186188826146475 0.05 0.05
0 0.45714675308008224 0.19850915468856947 0.05 0.05
0 0.4407196483572896 0.22451873716632445 0.05 0.05
0 0.2897956237166325 0.09583975017111565 0.05 0.05
0 0.27542190708418895 0.09857760095824777 0.05 0.05
0 0.36269090092402473 0.08351942162902119 0.05 0.05
