0 0.19724104020979016 0.11555215617715622 0.05 0.05
0 0.2654228583916084 0.16100670163170155 0.05 0.05
0 0.3008249562937063 0.1592584498834499 0.05 0.05
0 0.3257375437062937 0.1592584498834499 0.05 0.05
0 0.3113144667832168 0.09107663170163166 0.05 0.05
0 0.25231097027972027 0.3183493589743589 0.05 0.05
0 0.4450557255244755 0.21695075757575755 0.05 0.05
0 0.39391936188811194 0.4984192890442891 0.05 0.05
0 0.40703125 0.5228948135198136 0.05 0.05
0 0.455545236013986 0.5368808275058276 0.05 0.05
0 0.5211046765734266 0.540377331002331 0.05 0.05
0 0.5643739073426574 0.5176500582750584 0.05 0.05
0 0.5866641171328671 0.48792977855477854 0.05 0.05
0 0.5433948863636363 0.4652025058275058 0.05 0.05
0 0.5656850961538462 0.2291885198135198 0.05 0.05
0 0.747940340909091 0.15051719114219111 0.05 0.05
0 0.692870410839161 0.41799970862470864 0.05 0.05
0 0.6535347465034965 0.5561115967365968 0.05 0.05
0 0.7190941870629372 0.5316360722610723 0.05 0.05
0 0.8121885926573429 0.42674096736596734 0.05 0.05
0 0.8790592220279722 0.44597173659673667 0.05 0.05
0 0.7099158653846155 0.7868808275058276 0.05 0.05
0 0.5787969842657343 0.811356351981352 0.05 0.05
0 0.19986341783216782 0.7728948135198136 0.05 0.05
0 0.13168159965034967 0.7728948135198136 0.05 0.05
0 0.4529228583916085 0.20995775058275054 0.05 0.05
0 0.33753824300699303 0.08233537296037288 0.05 0.05
0 0.34933894230769236 0.08233537296037288 0.05 0.05
