0 0.3953372753699788 0.1606611169837913 0.05 0.05
0 0.44290598572938694 0.16066111698379118 0.05 0.05
0 0.34142607029598315 0.08666534531360087 0.05 0.05
0 0.35252543604651165 0.09300784002818858 0.05 0.05
0 0.27324425211416487 0.08666534531360087 0.05 0.05
0 0.28592924154334043 0.09723616983791387 0.05 0.05
0 0.295442983615222 0.08666534531360087 0.05 0.05
0 0.19237744450317124 0.11837781888653964 0.05 0.05
0 0.21299055232558137 0.116263653981677 0.05 0.05
0 0.23043241279069768 0.27905435165609566 0.05 0.05
0 0.2605592626849894 0.26636936222692026 0.05 0.05
0 0.35886793076109946 0.3107668252290343 0.05 0.05
0 0.5443859011627907 0.47144335799859044 0.05 0.05
0 0.17493558403805493 0.765312279774489 0.05 0.05
0 0.882123744714588 0.7843397639182522 0.05 0.05
0 0.6347664508456661 0.30865266032417177 0.05 0.05
0 0.6331808271670191 0.20294441508104283 0.05 0.05
0 0.6664789244186047 0.207172744890768 0.05 0.05
0 0.7140476347780128 0.19660192036645513 0.05 0.05
0 0.7521026030655392 0.1839169309372796 0.05 0.05
0 0.7536882267441861 0.21140107470049305 0.05 0.05
0 0.7679588398520085 0.23888521846370664 0.05 0.05
0 0.8107706791754759 0.21140107470049305 0.05 0.05
0 0.7980856897463002 0.2705976920366453 0.05 0.05
0 0.733075118921776 0.30231016560958396 0.05 0.05
