0 0.27785801130389054 0.06991653522607813 0.05 0.05
0 0.27260038774973705 0.09234906239046646 0.05 0.05
0 0.28732173370136693 0.08814296354714367 0.05 0.05
0 0.27260038774973705 0.1119775236593064 0.05 0.05
0 0.2263333004731861 0.12179175429372625 0.05 0.05
0 0.21161195452155623 0.13300801787592037 0.05 0.05
0 0.18427231203995792 0.13300801787592037 0.05 0.05
0 0.2505183688222923 0.15824461093585734 0.05 0.05
0 0.3272796727129337 0.11478158955485493 0.05 0.05
0 0.34831016692954775 0.13721411671924327 0.05 0.05
0 0.3703921858569926 0.14422428145811458 0.05 0.05
0 0.3567223646161934 0.18908933578689138 0.05 0.05
0 0.3630315128811776 0.20591373116018255 0.05 0.05
0 0.2536729429547844 0.2830255432877676 0.05 0.05
0 0.2946824066771818 0.3461170259376098 0.05 0.05
0 0.29573393138801257 0.3867759814230637 0.05 0.05
0 0.17060249079915873 0.39378614616193514 0.05 0.05
0 0.09699576104100949 0.41621867332632334 0.05 0.05
0 0.18532383675078862 0.7372842183666318 0.05 0.05
0 0.34410406808622496 0.8073858657553453 0.05 0.05
0 0.004461586487907521 0.6139053189624959 0.05 0.05
0 0.40824707544689787 0.76953097616544 0.05 0.05
0 0.41140164957938996 0.5311853750438137 0.05 0.05
0 0.3998348777602523 0.5143609796705225 0.05 0.05
0 0.5070903982649841 0.5367935068349109 0.05 0.05
0 0.5480998619873815 0.5213711444093938 0.05 0.05
0 0.5659757820715035 0.4905264195583598 0.05 0.05
0 0.5449452878548894 0.4680938923939715 0.05 0.05
0 0.5312754666140902 0.5732463634770419 0.05 0.05
0 0.8824847200315453 0.6447500438135297 0.05 0.05
0 0.9581944992113559 0.6601724062390468 0.05 0.05
0 0.6963648462145108 0.13861614966701755 0.05 0.05
0 0.5565120596740272 0.19189340168243993 0.05 0.05
0 0.45241111330178746 0.19609950052576272 0.05 0.05
