0 0.132739023512476 0.3865183141394754 0.05 0.05
0 0.17496551103646837 0.39547544785668587 0.05 0.05
0 0.2373455494241843 0.3199796065259117 0.05 0.05
0 0.2795720369481766 0.3212591970569418 0.05 0.05
0 0.32851637476007683 0.36860404670505437 0.05 0.05
0 0.3505893114203455 0.2662368042226487 0.05 0.05
0 0.34003268953934745 0.1894613723608445 0.05 0.05
0 0.3026046665067179 0.1945797344849647 0.05 0.05
0 0.268055722168906 0.23040826935380684 0.05 0.05
0 0.21143384117082537 0.21761236404350606 0.05 0.05
0 0.19319967610364688 0.15619201855406264 0.05 0.05
0 0.23062769913627643 0.15491242802303257 0.05 0.05
0 0.23638585652591174 0.09861044465770945 0.05 0.05
0 0.23062769913627643 0.08709412987843888 0.05 0.05
0 0.20759506957773516 0.0755778150991682 0.05 0.05
0 0.2536603286948177 0.07941658669225843 0.05 0.05
0 0.2834108085412669 0.07429822456813812 0.05 0.05
0 0.32755668186180426 0.09477167306461923 0.05 0.05
0 0.36498470489443385 0.08709412987843888 0.05 0.05
0 0.4158484285028791 0.05126559500959686 0.05 0.05
0 0.3784204054702496 0.16642874280230327 0.05 0.05
0 0.4465586012476008 0.21377359245041586 0.05 0.05
0 0.4177678142994242 0.26751639475367883 0.05 0.05
0 0.4187275071976968 0.17282669545745363 0.05 0.05
0 0.5022207893474089 0.524714091490723 0.05 0.05
0 0.5511651271593091 0.5195957293666027 0.05 0.05
0 0.5607620561420347 0.506799824056302 0.05 0.05
0 0.5444472768714013 0.46841210812539985 0.05 0.05
0 0.5396488123800385 0.5707793506078055 0.05 0.05
0 0.40433211372360855 0.5323916346769034 0.05 0.05
0 0.3937754918426104 0.5119181861804223 0.05 0.05
0 0.4148887356046066 0.4799284229046705 0.05 0.05
0 0.36114593330134365 0.8177403230966092 0.05 0.05
0 0.6605701175623802 0.868923944337812 0.05 0.05
0 0.8630653190978886 0.8791606685860526 0.05 0.05
0 0.9561555302303264 0.8727627159309022 0.05 0.05
0 0.7718944937619961 0.30206533909149064 0.05 0.05
0 0.7421440139155471 0.23296745041586686 0.05 0.05
0 0.7824511156429943 0.23040826935380684 0.05 0.05
0 0.6730461252399234 0.1651491522712732 0.05 0.05
0 0.6490538027831094 0.16770833333333332 0.05 0.05
0 0.6087467010556622 0.2572796705054382 0.05 0.05
0 0.5895528430902112 0.25344089891234794 0.05 0.05
0 0.6298599448176584 0.28031230006397956 0.05 0.05
0 0.27575496188222914 0.09515312828601499 0.05 0.05
