0 0.01949526151631479 0.5439079494561739 0.05 0.05
0 0.041568198176583505 0.5515854926423545 0.05 0.05
0 0.007978946737044145 0.5938119801663467 0.05 0.05
0 0.1087467010556622 0.5016814619321817 0.05 0.05
0 0.15001349568138198 0.5131977767114523 0.05 0.05
0 0.18168336132437624 0.7691158829174665 0.05 0.05
0 0.4072111924184261 0.5323916346769034 0.05 0.05
0 0.3985739563339732 0.505520233525272 0.05 0.05
0 0.4196872000959694 0.4760896513115803 0.05 0.05
0 0.5127774112284069 0.5400691778630837 0.05 0.05
0 0.5473263555662189 0.5234345009596929 0.05 0.05
0 0.5674799064299425 0.505520233525272 0.05 0.05
0 0.5492457413627639 0.4696916986564299 0.05 0.05
0 0.669207353646833 0.5822956653870761 0.05 0.05
0 0.7642169505758158 0.3174204254638516 0.05 0.05
0 0.8083628238963533 0.3302163307741523 0.05 0.05
0 0.6490538027831094 0.2112144113883557 0.05 0.05
0 0.658650731765835 0.19330014395393463 0.05 0.05
0 0.45135706573896356 0.20737563979526547 0.05 0.05
0 0.45807491602687145 0.2777531190019194 0.05 0.05
0 0.3717025551823417 0.22401031669865645 0.05 0.05
0 0.2546200215930903 0.34173264555342286 0.05 0.05
0 0.22774862044145877 0.308463291746641 0.05 0.05
0 0.22582923464491364 0.18690219129878435 0.05 0.05
0 0.2469424784069098 0.19330014395393463 0.05 0.05
0 0.2853301943378119 0.18306341970569412 0.05 0.05
0 0.28724958013435703 0.1651491522712732 0.05 0.05
0 0.30164497360844533 0.15619201855406264 0.05 0.05
0 0.31795975287907874 0.18818178182981443 0.05 0.05
0 0.3534683901151632 0.14851447536788218 0.05 0.05
0 0.3822591770633398 0.1369981605886116 0.05 0.05
0 0.32851637476007683 0.09861044465770945 0.05 0.05
0 0.2862898872360845 0.06917986244401793 0.05 0.05
0 0.2930077375239924 0.09349208253358915 0.05 0.05
0 0.2728541866602688 0.09605126359564929 0.05 0.05
0 0.22007107725527836 0.055104366602687097 0.05 0.05
0 0.20183691218809985 0.06790027191298785 0.05 0.05
0 0.34675053982725534 0.09221249200255907 0.05 0.05
0 0.36114593330134365 0.0858145393474088 0.05 0.05
