0 0.24620072926711672 0.398180850208936 0.05 0.05
0 0.28959513621022176 0.4071811716489876 0.05 0.05
0 0.23945048818707812 0.7620509884281581 0.05 0.05
0 0.30791721914175507 0.780051631308261 0.05 0.05
0 0.36095482762777237 0.8031953150112504 0.05 0.05
0 0.4409934004339441 0.6476183301189329 0.05 0.05
0 0.39952763379942136 0.5254711105753778 0.05 0.05
0 0.3908487524108003 0.5010416666666667 0.05 0.05
0 0.5065671709257473 0.5267568707810993 0.05 0.05
0 0.5962489452748312 0.5113277483124398 0.05 0.05
0 0.54803293756027 0.4663261411121827 0.05 0.05
0 0.2085922432497589 0.1448860896817744 0.05 0.05
0 0.2500580098842816 0.1333142478302797 0.05 0.05
0 0.2751303338958534 0.1333142478302797 0.05 0.05
0 0.18351991923818708 0.04073951301832217 0.05 0.05
0 0.290559456364513 0.09602720186435233 0.05 0.05
0 0.3146674602217936 0.09602720186435233 0.05 0.05
0 0.35131162608486016 0.09988448248151727 0.05 0.05
0 0.38216987102217936 0.17574433461909358 0.05 0.05
0 0.45835116321118613 0.2104598601735777 0.05 0.05
0 0.6801447986981677 0.2798909112825458 0.05 0.05
0 0.6849663994696239 0.22974626325940217 0.05 0.05
0 0.7486115296528448 0.25546146737383485 0.05 0.05
0 0.7264321661041466 0.11274208453873354 0.05 0.05
0 0.7756124939729989 0.1333142478302797 0.05 0.05
0 0.5634620600289295 0.2683190694310511 0.05 0.05
0 0.1970204013982642 0.036882232401157226 0.05 0.05
