0 0.014330201048951042 0.5316360722610723 0.05 0.05
0 0.10086866258741256 0.51939831002331 0.05 0.05
0 0.2057637674825175 0.12604166666666666 0.05 0.05
0 0.2306763548951049 0.30611159673659666 0.05 0.05
0 0.2778791520979021 0.26939831002331 0.05 0.05
0 0.31328125 0.08758012820512823 0.05 0.05
0 0.3421274038461538 0.07184586247086244 0.05 0.05
0 0.35261691433566433 0.07359411421911423 0.05 0.05
0 0.361795236013986 0.1592584498834499 0.05 0.05
0 0.3198371940559441 0.17499271561771554 0.05 0.05
0 0.340816215034965 0.2641535547785548 0.05 0.05
0 0.4378441870629371 0.20995775058275054 0.05 0.05
0 0.44440013111888116 0.20995775058275054 0.05 0.05
0 0.1834735576923077 0.5578598484848486 0.05 0.05
0 0.2687008304195804 0.5666011072261072 0.05 0.05
0 0.3211483828671328 0.5491185897435897 0.05 0.05
0 0.39064138986013985 0.5001675407925408 0.05 0.05
0 0.403753277972028 0.533384324009324 0.05 0.05
0 0.44702250874125876 0.575342365967366 0.05 0.05
0 0.2949246066433567 0.7449227855477856 0.05 0.05
0 0.3578616695804196 0.7711465617715618 0.05 0.05
0 0.40506446678321684 0.7693983100233102 0.05 0.05
0 0.431288243006993 0.7326850233100234 0.05 0.05
0 0.4273546765734266 0.7938738344988345 0.05 0.05
0 0.5479840472027973 0.8865311771561772 0.05 0.05
0 0.5597847465034965 0.6557619463869464 0.05 0.05
0 0.5479840472027973 0.4739437645687646 0.05 0.05
0 0.5833861451048952 0.4896780303030303 0.05 0.05
0 0.5676518793706294 0.5246430652680654 0.05 0.05
0 0.6384560751748253 0.283384324009324 0.05 0.05
0 0.681725305944056 0.27114656177156177 0.05 0.05
0 0.793176354895105 0.2536640442890442 0.05 0.05
0 0.8469350961538462 0.241426282051282 0.05 0.05
0 0.7695749562937063 0.3742934149184149 0.05 0.05
0 0.8128441870629372 0.3847829254079253 0.05 0.05
0 0.6633686625874127 0.5298878205128206 0.05 0.05
0 0.7013931381118882 0.5718458624708624 0.05 0.05
0 0.848246284965035 0.916251456876457 0.05 0.05
0 0.7957987325174825 0.4599577505827507 0.05 0.05
0 0.8534910402097904 0.4284892191142191 0.05 0.05
0 0.95314138986014 0.5281395687645688 0.05 0.05
