0 0.2051463293650794 0.0711474867724867 0.05 0.05
0 0.3103050595238095 0.09231150793650791 0.05 0.05
0 0.365860615079365 0.09495701058201055 0.05 0.05
0 0.2607018849206349 0.17167658730158722 0.05 0.05
0 0.2706225198412698 0.22458664021164007 0.05 0.05
0 0.32419394841269833 0.20077711640211635 0.05 0.05
0 0.38173363095238083 0.2113591269841269 0.05 0.05
0 0.4511780753968253 0.203422619047619 0.05 0.05
0 0.4234002976190475 0.2986607142857142 0.05 0.05
0 0.2527653769841269 0.34098875661375655 0.05 0.05
0 0.22101934523809516 0.2907242063492063 0.05 0.05
0 0.5920510912698411 0.2483961640211639 0.05 0.05
0 0.5444320436507935 0.203422619047619 0.05 0.05
0 0.5444320436507935 0.4785548941798941 0.05 0.05
0 0.5841145833333332 0.49178240740740736 0.05 0.05
0 0.5702256944444443 0.5235284391534392 0.05 0.05
0 0.5107018849206348 0.539401455026455 0.05 0.05
0 0.3936383928571428 0.5076554232804232 0.05 0.05
0 0.40752728174603164 0.5367559523809523 0.05 0.05
0 0.24681299603174595 0.6610945767195767 0.05 0.05
0 0.2904637896825396 0.7960152116402116 0.05 0.05
0 0.3281622023809523 0.777496693121693 0.05 0.05
0 0.367844742063492 0.8013062169312168 0.05 0.05
0 0.3777653769841269 0.7907242063492063 0.05 0.05
0 0.41546378968253955 0.7457506613756613 0.05 0.05
0 0.45514632936507926 0.7298776455026454 0.05 0.05
0 0.5860987103174602 0.888607804232804 0.05 0.05
0 0.5880828373015872 0.9256448412698411 0.05 0.05
0 0.8182415674603172 0.6901951058201057 0.05 0.05
0 0.8797495039682536 0.6901951058201057 0.05 0.05
