0 0.19919394841269836 0.05262896825396825 0.05 0.05
0 0.18728918650793644 0.11083002645502636 0.05 0.05
0 0.21308283730158725 0.09231150793650791 0.05 0.05
0 0.22300347222222214 0.16638558201058196 0.05 0.05
0 0.22300347222222214 0.14257605820105812 0.05 0.05
0 0.24879712301587292 0.12934854497354492 0.05 0.05
0 0.3083209325396824 0.10289351851851845 0.05 0.05
0 0.35990823412698403 0.1769675925925925 0.05 0.05
0 0.34006696428571426 0.18225859788359788 0.05 0.05
0 0.33014632936507926 0.20871362433862425 0.05 0.05
0 0.2924479166666666 0.21665013227513227 0.05 0.05
0 0.23887648809523804 0.2854332010582011 0.05 0.05
0 0.09205109126984123 0.4520998677248677 0.05 0.05
0 0.1912574404761904 0.49707341269841265 0.05 0.05
0 0.32419394841269833 0.30659722222222213 0.05 0.05
0 0.39959077380952374 0.31982473544973544 0.05 0.05
0 0.44720982142857135 0.2113591269841269 0.05 0.05
0 0.5424479166666665 0.20871362433862425 0.05 0.05
0 0.609908234126984 0.09760251322751318 0.05 0.05
0 0.6218129960317459 0.08702050264550264 0.05 0.05
0 0.7448288690476189 0.16638558201058196 0.05 0.05
0 0.830146329365079 0.2854332010582011 0.05 0.05
0 0.8698288690476188 0.2827876984126983 0.05 0.05
0 0.8817336309523807 0.48913690476190474 0.05 0.05
0 0.6416542658730158 0.49442791005291004 0.05 0.05
0 0.5464161706349204 0.4679728835978835 0.05 0.05
0 0.5702256944444443 0.48913690476190474 0.05 0.05
0 0.5662574404761903 0.5076554232804232 0.05 0.05
0 0.5087177579365079 0.5155919312169311 0.05 0.05
0 0.4015749007936507 0.47590939153439143 0.05 0.05
0 0.38173363095238083 0.49707341269841265 0.05 0.05
0 0.4134796626984126 0.5420469576719575 0.05 0.05
0 0.31228918650793647 0.7536871693121692 0.05 0.05
0 0.29641617063492054 0.8277612433862434 0.05 0.05
0 0.365860615079365 0.7801421957671957 0.05 0.05
0 0.3777653769841269 0.8092427248677247 0.05 0.05
0 0.39760664682539676 0.7695601851851851 0.05 0.05
0 0.46308283730158717 0.7325231481481481 0.05 0.05
