0 0.02759513012618301 0.5970809235892046 0.05 0.05
0 0.13905674947423763 0.3979922450052579 0.05 0.05
0 0.27680648659305984 0.3545292236242555 0.05 0.05
0 0.3251766232912722 0.35593125657202973 0.05 0.05
0 0.24946684411146158 0.274613345601122 0.05 0.05
0 0.2578790417981072 0.1834812039957942 0.05 0.05
0 0.2915278325446897 0.20310966526463403 0.05 0.05
0 0.45451416272344886 0.20170763231685976 0.05 0.05
0 0.41035012486855926 0.5339894409393623 0.05 0.05
0 0.400886402471083 0.5129589467227482 0.05 0.05
0 0.41665927313354356 0.4835162548194885 0.05 0.05
0 0.4618748356992638 0.6503581756046268 0.05 0.05
0 0.49762667586750775 0.6727907027690153 0.05 0.05
0 0.5081419229758148 0.5353914738871366 0.05 0.05
0 0.5544090102523658 0.5241752103049424 0.05 0.05
0 0.5670273067823342 0.4947325184016827 0.05 0.05
0 0.5512544361198736 0.4596816947073259 0.05 0.05
0 0.6890041732386958 0.6026890553803016 0.05 0.05
0 0.7499926064668767 0.33069466351209276 0.05 0.05
0 0.7931051196109355 0.3601373554153525 0.05 0.05
0 0.8204447620925339 0.3461170259376098 0.05 0.05
0 0.8435783057308093 0.34331296004206124 0.05 0.05
0 0.8456813551524707 0.22273812653347386 0.05 0.05
0 0.6826950249737116 0.08113279880827236 0.05 0.05
0 0.2841671595688748 0.07552466701717529 0.05 0.05
0 0.27365191246056775 0.1119775236593064 0.05 0.05
0 0.21371500394321763 0.0713185681738525 0.05 0.05
0 0.2841671595688748 0.0909470294426922 0.05 0.05
0 0.29573393138801257 0.0909470294426922 0.05 0.05
