0 0.2610336159305993 0.7737370750087629 0.05 0.05
0 0.3178159503154573 0.77934520679986 0.05 0.05
0 0.38195895767613025 0.8087878987031196 0.05 0.05
0 0.3882681059411145 0.763922844374343 0.05 0.05
0 0.07070764327024189 0.6391419120224328 0.05 0.05
0 0.11907777996845426 0.3909820802663866 0.05 0.05
0 0.26523971477392216 0.34050889414651275 0.05 0.05
0 0.27890953601472124 0.22554219242902238 0.05 0.05
0 0.3062491784963196 0.2199340606379253 0.05 0.05
0 0.23895159700315452 0.16245070977918014 0.05 0.05
0 0.2074058556782334 0.1119775236593064 0.05 0.05
0 0.20845738038906408 0.06150433753943254 0.05 0.05
0 0.21792110278654042 0.09935922712933791 0.05 0.05
0 0.24526074526813874 0.11057549071153201 0.05 0.05
0 0.26734276419558356 0.09795719418156364 0.05 0.05
0 0.2578790417981072 0.08393686470382088 0.05 0.05
0 0.28837325841219763 0.0909470294426922 0.05 0.05
0 0.37670133412197676 0.08393686470382088 0.05 0.05
0 0.36618608701366967 0.08533889765159515 0.05 0.05
0 0.40929860015772856 0.517165045566071 0.05 0.05
0 0.3987833530494215 0.5045467490361025 0.05 0.05
0 0.41455622371188217 0.4694959253417457 0.05 0.05
0 0.5102449723974762 0.5409996056782337 0.05 0.05
0 0.5470483372765508 0.5311853750438137 0.05 0.05
0 0.568078831493165 0.5059487819838768 0.05 0.05
0 0.5491513866982122 0.4722999912372944 0.05 0.05
0 0.7678685265509986 0.5732463634770419 0.05 0.05
0 0.8309600092008409 0.3180763669821244 0.05 0.05
0 0.8067749408517347 0.29564383981773595 0.05 0.05
0 0.8099295149842269 0.16946087451805145 0.05 0.05
0 0.5806971280231333 0.19329543463021417 0.05 0.05
0 0.5785940786014719 0.11898768839817772 0.05 0.05
0 0.5533574855415351 0.1077714248159835 0.05 0.05
