0 0.18301944301848053 0.110897929500342 0.05 0.05
0 0.2004732417864477 0.11089792950034223 0.05 0.05
0 0.2795286832648871 0.09720867556468171 0.05 0.05
0 0.2949290939425052 0.09310189938398353 0.05 0.05
0 0.29595578798767974 0.12869395961670094 0.05 0.05
0 0.3195697510266941 0.11500470568104042 0.05 0.05
0 0.21587365246406573 0.25737294661190974 0.05 0.05
0 0.1655656442505134 0.3244502908966461 0.05 0.05
0 0.1604321740246407 0.4216439938398357 0.05 0.05
0 0.22100712268993844 0.4189061430527037 0.05 0.05
0 0.24975455595482549 0.38057623203285423 0.05 0.05
0 0.2826087654004107 0.3792073066392882 0.05 0.05
0 0.277475295174538 0.2943339322381931 0.05 0.05
0 0.3339434676591376 0.291596081451061 0.05 0.05
0 0.4479065066735114 0.2149362594113621 0.05 0.05
0 0.4520132828542095 0.20261593086926766 0.05 0.05
0 0.561869545687885 0.2012470054757016 0.05 0.05
0 0.6121775539014375 0.06572339151266249 0.05 0.05
0 0.6327114348049283 0.05887876454483229 0.05 0.05
0 0.7672083547227928 0.16976172142368237 0.05 0.05
0 0.8349701617043122 0.32034351471594796 0.05 0.05
0 0.5485225231006161 0.47366315879534576 0.05 0.05
0 0.5670030159137578 0.4887213381245722 0.05 0.05
0 0.5526292992813142 0.5229444729637236 0.05 0.05
0 0.5054013732032855 0.5311580253251198 0.05 0.05
0 0.4448264245379877 0.5256823237508556 0.05 0.05
0 0.6111508598562629 0.5722257871321014 0.05 0.05
0 0.6101241658110884 0.6064489219712527 0.05 0.05
0 0.6624855621149898 0.5982353696098563 0.05 0.05
0 0.2333274512320329 0.778933521560575 0.05 0.05
