0 0.29071560448577677 0.07215764040846094 0.05 0.05
0 0.2628162609409191 0.08309855944565996 0.05 0.05
0 0.3317440508752735 0.2012604850474105 0.05 0.05
0 0.4449825629102845 0.22533050692924864 0.05 0.05
0 0.4466237007658644 0.20782503646972994 0.05 0.05
0 0.21850553884026264 0.21876595550692918 0.05 0.05
0 0.17583595459518597 0.406949762946754 0.05 0.05
0 0.5434508342450767 0.21220140408460963 0.05 0.05
0 0.676383000547046 0.2209541393143689 0.05 0.05
0 0.7485930661925603 0.21657777169948922 0.05 0.05
0 0.7403873769146609 0.2384596097738875 0.05 0.05
0 0.7814158233041577 0.2209541393143689 0.05 0.05
0 0.8880897839168492 0.8708447301239971 0.05 0.05
0 0.7846980990153173 0.8533392596644785 0.05 0.05
0 0.6616127598468272 0.8752210977388768 0.05 0.05
0 0.5122692149890591 0.846774708242159 0.05 0.05
0 0.4728819064551423 0.8445865244347193 0.05 0.05
0 0.39903070295404813 0.7986346644784829 0.05 0.05
0 0.5040635257111598 0.7242364150255288 0.05 0.05
0 0.4449825629102845 0.634520878920496 0.05 0.05
0 0.4991401121444202 0.533864423778264 0.05 0.05
0 0.5483742478118162 0.45727799051787 0.05 0.05
0 0.39738956509846834 0.5054180342815463 0.05 0.05
0 0.4088775300875274 0.5382407913931435 0.05 0.05
0 0.1167549917943107 0.5995099380014587 0.05 0.05
0 0.20045302242888402 0.5863808351568198 0.05 0.05
0 0.19717074671772425 0.7417418854850475 0.05 0.05
0 0.21029984956236328 0.7658119073668855 0.05 0.05
0 0.2546105716630197 0.9211729576951131 0.05 0.05
0 0.20373529814004382 0.9430547957695113 0.05 0.05
0 0.008439893326039328 0.6979782093362509 0.05 0.05
0 0.05931516684901526 0.6542145331874544 0.05 0.05
