0 0.2748298757928119 0.09300784002818858 0.05 0.05
0 0.2875148652219873 0.09300784002818858 0.05 0.05
0 0.2938573599365751 0.08877951021846352 0.05 0.05
0 0.33984044661733626 0.08877951021846352 0.05 0.05
0 0.36203917811839326 0.08877951021846352 0.05 0.05
0 0.19871993921775896 0.15220445736434082 0.05 0.05
0 0.23677490750528546 0.14374779774489058 0.05 0.05
0 0.46193346987315015 0.1923735905567298 0.05 0.05
0 0.6966057743128965 0.23254272374911883 0.05 0.05
0 0.7299038715644821 0.247341878083157 0.05 0.05
0 0.6030539772727274 0.1500902924594783 0.05 0.05
0 0.6315952034883722 0.156432787174066 0.05 0.05
0 0.6284239561310783 0.09300784002818858 0.05 0.05
0 0.8250412922832983 0.23465688865398146 0.05 0.05
0 0.8646818842494716 0.23254272374911883 0.05 0.05
0 0.8837093683932349 0.23254272374911883 0.05 0.05
0 0.5491427721987316 0.4629866983791401 0.05 0.05
0 0.16859308932346723 0.34036513389711043 0.05 0.05
0 0.19237744450317124 0.3424792988019731 0.05 0.05
0 0.15590809989429172 0.42281756518675107 0.05 0.05
0 0.2066480576109936 0.4312742248062013 0.05 0.05
0 0.08455503435517968 0.5898365926708949 0.05 0.05
0 0.3144704677589852 0.8012530831571528 0.05 0.05
