0 0.1841291520979021 0.09806963869463878 0.05 0.05
0 0.20117460664335668 0.10506264568764566 0.05 0.05
0 0.19592985139860142 0.11904865967365967 0.05 0.05
0 0.21297530594405595 0.05086684149184144 0.05 0.05
0 0.26017810314685313 0.1085591491841491 0.05 0.05
0 0.2837795017482518 0.1085591491841491 0.05 0.05
0 0.2706676136363636 0.10156614219114223 0.05 0.05
0 0.2772235576923077 0.09632138694638688 0.05 0.05
0 0.3008249562937063 0.09457313519813511 0.05 0.05
0 0.3191815996503497 0.09457313519813511 0.05 0.05
0 0.3388494318181819 0.08758012820512823 0.05 0.05
0 0.3506501311188811 0.09632138694638688 0.05 0.05
0 0.25755572552447553 0.17499271561771554 0.05 0.05
0 0.2785347465034965 0.17499271561771554 0.05 0.05
0 0.1946186625874126 0.24667103729603734 0.05 0.05
0 0.23657670454545454 0.24667103729603734 0.05 0.05
0 0.24313264860139863 0.23093677156177156 0.05 0.05
0 0.2746011800699301 0.26939831002331 0.05 0.05
0 0.2772235576923077 0.2886290792540792 0.05 0.05
0 0.29295782342657345 0.262405303030303 0.05 0.05
0 0.3060697115384615 0.23618152680652676 0.05 0.05
0 0.3296711101398601 0.28163607226107223 0.05 0.05
0 0.3296711101398601 0.25716054778554776 0.05 0.05
0 0.34409418706293715 0.227440268065268 0.05 0.05
0 0.3624508304195805 0.2291885198135198 0.05 0.05
0 0.39654173951048954 0.24841928904428912 0.05 0.05
0 0.4319438374125875 0.24841928904428912 0.05 0.05
0 0.4450557255244755 0.2064612470862471 0.05 0.05
0 0.4607899912587413 0.2064612470862471 0.05 0.05
0 0.4725906905594407 0.5316360722610723 0.05 0.05
0 0.525038243006993 0.5456220862470862 0.05 0.05
0 0.5486396416083916 0.4739437645687646 0.05 0.05
0 0.5801081730769232 0.6645032051282052 0.05 0.05
0 0.3113144667832168 0.7659018065268065 0.05 0.05
0 0.23526551573426574 0.7082094988344989 0.05 0.05
0 0.25493334790209793 0.7414262820512821 0.05 0.05
0 0.6128878933566435 0.26065705128205136 0.05 0.05
0 0.629933347902098 0.08058712121212111 0.05 0.05
0 0.6797585227272729 0.12429341491841489 0.05 0.05
0 0.7387620192307693 0.12604166666666666 0.05 0.05
0 0.7243389423076925 0.1522654428904429 0.05 0.05
0 0.7636746066433568 0.15401369463869466 0.05 0.05
0 0.692870410839161 0.20121649184149176 0.05 0.05
0 0.6954927884615385 0.2536640442890442 0.05 0.05
0 0.6600906905594407 0.26065705128205136 0.05 0.05
0 0.7466291520979021 0.26590180652680645 0.05 0.05
0 0.8016990821678324 0.2938738344988344 0.05 0.05
0 0.8921711101398604 0.2746430652680653 0.05 0.05
0 0.5853529283216783 0.9704472610722611 0.05 0.05
