0 0.6608583956123433 0.5267568707810993 0.05 0.05
0 0.7380040079556413 0.6103312841530055 0.05 0.05
0 0.5027098903085825 0.5357571922211508 0.05 0.05
0 0.40917083534233367 0.531899911603986 0.05 0.05
0 0.39277739271938283 0.5087562279009965 0.05 0.05
0 0.45449388259402124 0.6553328913532627 0.05 0.05
0 0.26741577266152367 0.5100419881067181 0.05 0.05
0 0.204734962632594 0.5576151157184185 0.05 0.05
0 0.15651895491803278 0.5228995901639345 0.05 0.05
0 0.10733862704918033 0.5267568707810993 0.05 0.05
0 0.0031920503857280624 0.513899268723883 0.05 0.05
0 0.0321216550144648 0.5203280697524912 0.05 0.05
0 0.29345241682738665 0.783908911925426 0.05 0.05
0 0.32623930207328833 0.780051631308261 0.05 0.05
0 0.3754196299421408 0.8031953150112504 0.05 0.05
0 0.7563260908871745 0.37760868691738997 0.05 0.05
0 0.7206462451783991 0.26446178881388627 0.05 0.05
0 0.7650049722757956 0.2593187479909998 0.05 0.05
0 0.8045420986017359 0.2773193908711027 0.05 0.05
0 0.2722373734329797 0.18088737544198008 0.05 0.05
0 0.28091625482160076 0.1577436917389908 0.05 0.05
0 0.24137912849566057 0.16674401317904214 0.05 0.05
0 0.20087768201542913 0.16802977338476383 0.05 0.05
0 0.1883415200096432 0.09859872227579558 0.05 0.05
0 0.1999133618611379 0.07288351816136292 0.05 0.05
0 0.24620072926711672 0.08316959980713605 0.05 0.05
0 0.2693444129701061 0.08831264063002256 0.05 0.05
0 0.26162985173577624 0.10631328351012546 0.05 0.05
0 0.28670217574734813 0.09731296207007402 0.05 0.05
0 0.30791721914175507 0.09216992124718738 0.05 0.05
0 0.3387754640790742 0.09474144165863076 0.05 0.05
0 0.37059802917068463 0.03816799260687891 0.05 0.05
0 0.3889201121022179 0.03559647219543554 0.05 0.05
0 0.290559456364513 0.036882232401157226 0.05 0.05
0 0.32141770130183217 0.03816799260687891 0.05 0.05
0 0.4429220407425265 0.20788833976213444 0.05 0.05
0 0.5451399770973964 0.475326462552234 0.05 0.05
