0 0.20754225628930817 0.11844208595387826 0.05 0.05
0 0.19968062106918244 0.1750458595387838 0.05 0.05
0 0.21697621855345917 0.17294942348008355 0.05 0.05
0 0.2861586084905661 0.1268278301886789 0.05 0.05
0 0.27357999213836487 0.09118841719077532 0.05 0.05
0 0.28144162735849065 0.09118841719077532 0.05 0.05
0 0.35848565251572334 0.08699554507337494 0.05 0.05
0 0.3694919418238995 0.14988862683438123 0.05 0.05
0 0.3317560927672957 0.15408149895178175 0.05 0.05
0 0.2610013757861636 0.22955319706498922 0.05 0.05
0 0.2201208726415095 0.30712133123689705 0.05 0.05
0 0.2594290487421384 0.3050248951781968 0.05 0.05
0 0.3317560927672957 0.2882534067085951 0.05 0.05
0 0.3694919418238995 0.25890330188679217 0.05 0.05
0 0.44024665880503155 0.277771226415094 0.05 0.05
0 0.43867433176100634 0.18552803983228483 0.05 0.05
0 0.12578125000000004 0.4308110587002094 0.05 0.05
0 0.19968062106918244 0.7536622117400417 0.05 0.05
0 0.27515231918239 0.766240828092243 0.05 0.05
0 0.504712067610063 0.6530332809224316 0.05 0.05
0 0.5518818789308177 0.4685469077568131 0.05 0.05
0 0.67452338836478 0.29034984276729525 0.05 0.05
0 0.7688630110062895 0.23164963312368947 0.05 0.05
0 0.8081711871069185 0.2463246855345909 0.05 0.05
