0 0.26804523601398594 0.09282488344988356 0.05 0.05
0 0.2811571241258741 0.09806963869463867 0.05 0.05
0 0.2982025786713287 0.09806963869463867 0.05 0.05
0 0.34147180944055944 0.08058712121212111 0.05 0.05
0 0.34933894230769236 0.08058712121212111 0.05 0.05
0 0.31393684440559444 0.13827942890442887 0.05 0.05
0 0.24837740384615387 0.17499271561771554 0.05 0.05
0 0.23133194930069928 0.3183493589743589 0.05 0.05
0 0.30344733391608397 0.3183493589743589 0.05 0.05
0 0.31655922202797204 0.3026150932400932 0.05 0.05
0 0.1382375437062937 0.5001675407925408 0.05 0.05
0 0.3676955856643357 0.505412296037296 0.05 0.05
0 0.3952305506993007 0.5281395687645688 0.05 0.05
0 0.4660347465034965 0.5438738344988345 0.05 0.05
0 0.532905375874126 0.547370337995338 0.05 0.05
0 0.5683074737762238 0.5211465617715618 0.05 0.05
0 0.5905976835664337 0.5071605477855478 0.05 0.05
0 0.5512620192307693 0.4686990093240093 0.05 0.05
0 0.434566215034965 0.7501675407925409 0.05 0.05
0 0.4621011800699302 0.7781395687645688 0.05 0.05
0 0.34409418706293715 0.8288388694638695 0.05 0.05
0 0.6312445367132868 0.8620556526806528 0.05 0.05
0 0.67189138986014 0.4145032051282051 0.05 0.05
0 0.7072934877622379 0.40576194638694646 0.05 0.05
0 0.741384396853147 0.4005171911421911 0.05 0.05
0 0.8344788024475525 0.42149621212121213 0.05 0.05
0 0.8751256555944057 0.4494682400932401 0.05 0.05
0 0.8934822989510491 0.39177593240093245 0.05 0.05
0 0.8357899912587413 0.5875801282051282 0.05 0.05
0 0.6351781031468532 0.23792977855477856 0.05 0.05
0 0.6469788024475525 0.2064612470862471 0.05 0.05
0 0.45161166958041965 0.20471299533799533 0.05 0.05
0 0.45816761363636366 0.20995775058275054 0.05 0.05
