0 0.28380921528447445 0.17703009482481516 0.05 0.05
0 0.2992383377531341 0.15902945194471235 0.05 0.05
0 0.290559456364513 0.1346000080360014 0.05 0.05
0 0.2847735354387657 0.09731296207007402 0.05 0.05
0 0.30598857883317265 0.09731296207007402 0.05 0.05
0 0.3426327446962391 0.10117024268723883 0.05 0.05
0 0.24427208895853428 0.2606045081967213 0.05 0.05
0 0.2568082509643202 0.3518934828029573 0.05 0.05
0 0.45642252290260366 0.2104598601735777 0.05 0.05
0 0.7524688102700097 0.121742405978785 0.05 0.05
0 0.7582547311957569 0.10759904371584703 0.05 0.05
0 0.5914273445033751 0.5409002330440373 0.05 0.05
0 0.49885260969141754 0.5344714320154292 0.05 0.05
0 0.5441756569431051 0.4714691819350692 0.05 0.05
0 0.4072421950337512 0.531899911603986 0.05 0.05
0 0.39181307256509157 0.5087562279009965 0.05 0.05
0 0.4400290802796528 0.580758799421408 0.05 0.05
0 0.4400290802796528 0.6759050546448088 0.05 0.05
0 0.37059802917068463 0.8031953150112504 0.05 0.05
0 0.30020265790742523 0.798052274188364 0.05 0.05
0 0.27127305327868856 0.7633367486338798 0.05 0.05
0 0.49981692984570875 0.9857732642237224 0.05 0.05
0 0.6029991863548698 0.9819159836065574 0.05 0.05
