0 0.21140492864693447 0.08032285059901328 0.05 0.05
0 0.20506243393234672 0.05283870683579958 0.05 0.05
0 0.27165862843551797 0.09512200493305123 0.05 0.05
0 0.2811723705073996 0.09089367512332605 0.05 0.05
0 0.34142607029598315 0.09089367512332605 0.05 0.05
0 0.344597317653277 0.07820868569415064 0.05 0.05
0 0.29702860729386893 0.116263653981677 0.05 0.05
0 0.32556983350951374 0.12049198379140218 0.05 0.05
0 0.3652104254756871 0.20505857998590535 0.05 0.05
0 0.3271554571881607 0.20505857998590535 0.05 0.05
0 0.2637305100422833 0.21562940451021836 0.05 0.05
0 0.24945989693446088 0.24311354827343182 0.05 0.05
0 0.19554869186046514 0.247341878083157 0.05 0.05
0 0.46034784619450325 0.19448775546159247 0.05 0.05
0 0.20189118657505284 0.7610839499647638 0.05 0.05
0 0.5491427721987316 0.46932919309372784 0.05 0.05
0 0.6601364297040171 0.38053426708949945 0.05 0.05
0 0.7045338927061311 0.3551642882311486 0.05 0.05
0 0.7663732161733616 0.367849277660324 0.05 0.05
0 0.8250412922832983 0.3889909267089498 0.05 0.05
0 0.6537939349894293 0.23254272374911883 0.05 0.05
0 0.6966057743128965 0.22831439393939376 0.05 0.05
0 0.683920784883721 0.17546027131782924 0.05 0.05
0 0.6553795586680762 0.14163363284002795 0.05 0.05
0 0.6030539772727274 0.13740530303030288 0.05 0.05
