0 0.3445613850048216 0.09731296207007402 0.05 0.05
0 0.3040599385245901 0.09859872227579558 0.05 0.05
0 0.3108101796046287 0.09216992124718738 0.05 0.05
0 0.28188057497589203 0.08831264063002256 0.05 0.05
0 0.24620072926711672 0.08831264063002256 0.05 0.05
0 0.22884296648987465 0.08831264063002256 0.05 0.05
0 0.2654871323529412 0.17060129379620706 0.05 0.05
0 0.2944167369816779 0.20145953873352623 0.05 0.05
0 0.320453381147541 0.18603041626486672 0.05 0.05
0 0.243307768804243 0.300463074574092 0.05 0.05
0 0.3908487524108003 0.5023274268723884 0.05 0.05
0 0.4072421950337512 0.5357571922211508 0.05 0.05
0 0.44195772058823524 0.591044881067181 0.05 0.05
0 0.4429220407425265 0.6437610495017679 0.05 0.05
0 0.36770506870781094 0.7877661925425908 0.05 0.05
0 0.320453381147541 0.7710513098682096 0.05 0.05
0 0.3021312982160077 0.7530506669881069 0.05 0.05
0 0.7331824071841851 0.7119063404050145 0.05 0.05
0 0.6020348662005786 0.5203280697524912 0.05 0.05
0 0.5065671709257473 0.5267568707810993 0.05 0.05
0 0.5470686174059788 0.4663261411121827 0.05 0.05
0 0.6483222336065573 0.517756549341048 0.05 0.05
0 0.7322180870298939 0.4984701462552234 0.05 0.05
0 0.7515044901157184 0.5743299983927999 0.05 0.05
0 0.814185300144648 0.6591901719704276 0.05 0.05
0 0.7977918575216971 0.7607652282224365 0.05 0.05
0 0.7881486559787849 0.8559114834458373 0.05 0.05
0 0.8556510667791708 0.8764836467373835 0.05 0.05
0 0.9569046829797493 0.8597687640630023 0.05 0.05
0 0.8942238729508196 0.49589862584378014 0.05 0.05
0 0.7534331304243009 0.15388641112182586 0.05 0.05
0 0.6193926289778207 0.15517217132754743 0.05 0.05
0 0.4467793213596914 0.20788833976213444 0.05 0.05
