0 0.25584393081002893 0.03945375281260048 0.05 0.05
0 0.2693444129701061 0.06002591610414664 0.05 0.05
0 0.22498568587270978 0.11402784474445522 0.05 0.05
0 0.204734962632594 0.17188705400192864 0.05 0.05
0 0.21052088355834134 0.28889123272259726 0.05 0.05
0 0.27127305327868856 0.20788833976213444 0.05 0.05
0 0.3040599385245901 0.20788833976213444 0.05 0.05
0 0.3503473059305689 0.23874658469945362 0.05 0.05
0 0.28766649590163934 0.09216992124718738 0.05 0.05
0 0.3069528989874638 0.10631328351012546 0.05 0.05
0 0.34552570515911285 0.10117024268723883 0.05 0.05
0 0.385062831485053 0.03816799260687891 0.05 0.05
0 0.2982740175988428 0.03816799260687891 0.05 0.05
0 0.320453381147541 0.03816799260687891 0.05 0.05
0 0.3426327446962391 0.03816799260687891 0.05 0.05
0 0.5943203049662488 0.2631760286081646 0.05 0.05
0 0.633857431292189 0.26446178881388627 0.05 0.05
0 0.4458150012054002 0.20660257955641276 0.05 0.05
0 0.39181307256509157 0.49204134522661536 0.05 0.05
0 0.40917083534233367 0.5306141513982643 0.05 0.05
0 0.3349181834619094 0.765908269045323 0.05 0.05
0 0.29634537729026034 0.783908911925426 0.05 0.05
0 0.3792769105593057 0.7787658711025395 0.05 0.05
0 0.5056028507714562 0.5254711105753778 0.05 0.05
0 0.54803293756027 0.465040380906461 0.05 0.05
0 0.6174639886692381 0.11274208453873354 0.05 0.05
0 0.5914273445033751 0.10245600289296052 0.05 0.05
0 0.5663550204918033 0.10117024268723883 0.05 0.05
0 0.6570011149951783 0.10245600289296052 0.05 0.05
0 0.6946096010125362 0.09088416104146582 0.05 0.05
