0 0.27575496188222914 0.517165045566071 0.05 0.05
0 0.2536729429547844 0.4666918594461972 0.05 0.05
0 0.19899365799158777 0.4498674640729059 0.05 0.05
0 0.15272657071503679 0.4456613652295831 0.05 0.05
0 0.22948787460567818 0.7162537241500178 0.05 0.05
0 0.3356918703995793 0.77934520679986 0.05 0.05
0 0.3903711553627759 0.815798063441991 0.05 0.05
0 0.44084434148264967 0.76953097616544 0.05 0.05
0 0.4029894518927444 0.5353914738871366 0.05 0.05
0 0.3956287789169294 0.5073508149316511 0.05 0.05
0 0.5039358241324919 0.5339894409393623 0.05 0.05
0 0.5544090102523658 0.5199691114616196 0.05 0.05
0 0.5617696832281807 0.4919284525061341 0.05 0.05
0 0.542842238433228 0.4751040571328429 0.05 0.05
0 0.7510441311777074 0.6475541097090783 0.05 0.05
0 0.8046718914300733 0.6195134507535929 0.05 0.05
0 0.7605078535751837 0.5620300998948478 0.05 0.05
0 0.8099295149842269 0.569040264633719 0.05 0.05
0 0.8993091154048368 0.5367935068349109 0.05 0.05
0 0.9224426590431122 0.5045467490361025 0.05 0.05
0 0.7678685265509986 0.2199340606379253 0.05 0.05
0 0.738425834647739 0.2704072467577992 0.05 0.05
0 0.6732313025762353 0.09234906239046646 0.05 0.05
0 0.45241111330178746 0.2045116982124083 0.05 0.05
0 0.32307357386961083 0.35593125657202973 0.05 0.05
0 0.2841671595688748 0.34471499298983554 0.05 0.05
0 0.24315769584647734 0.29844790571328456 0.05 0.05
0 0.29678545609884327 0.19750153347353697 0.05 0.05
0 0.2074058556782334 0.29564383981773595 0.05 0.05
0 0.34200101866456356 0.18207917104801996 0.05 0.05
0 0.27049733832807565 0.13861614966701755 0.05 0.05
0 0.24736379468980013 0.13721411671924327 0.05 0.05
0 0.2810125854363827 0.10917345776375775 0.05 0.05
0 0.2810125854363827 0.09375109533824073 0.05 0.05
0 0.28732173370136693 0.09234906239046646 0.05 0.05
0 0.24315769584647734 0.044679942166141254 0.05 0.05
0 0.22002415220820187 0.0713185681738525 0.05 0.05
0 0.3619799881703469 0.0909470294426922 0.05 0.05
0 0.18322078732912722 0.08674093059936941 0.05 0.05
0 0.5775425538906412 0.29984993866105886 0.05 0.05
0 0.5512544361198736 0.22273812653347386 0.05 0.05
