0 0.0486256243427971 0.6293276813880128 0.05 0.05
0 0.004461586487907521 0.5325874079915881 0.05 0.05
0 0.005513111198738219 0.5928748247458818 0.05 0.05
0 0.08227441508937963 0.4779081230283914 0.05 0.05
0 0.15693266955835963 0.4821142218717142 0.05 0.05
0 0.23790007229232382 0.33069466351209276 0.05 0.05
0 0.2946824066771818 0.3222824658254472 0.05 0.05
0 0.3272796727129337 0.3194783999298986 0.05 0.05
0 0.3115068020504731 0.15964664388363162 0.05 0.05
0 0.33253729626708717 0.14983241324921165 0.05 0.05
0 0.4713385580967401 0.7456964160532774 0.05 0.05
0 0.40614402602523647 0.5339894409393623 0.05 0.05
0 0.3987833530494215 0.5059487819838768 0.05 0.05
0 0.41771079784437426 0.4793101559761657 0.05 0.05
0 0.5091934476866455 0.5466077374693307 0.05 0.05
0 0.5544090102523658 0.5255772432527166 0.05 0.05
0 0.5764910291798105 0.5073508149316511 0.05 0.05
0 0.5480998619873815 0.4737020241850686 0.05 0.05
0 0.7321166863827547 0.6012870224325274 0.05 0.05
0 0.7878474960567821 0.578854495268139 0.05 0.05
0 0.645891660094637 0.19890356642131124 0.05 0.05
0 0.6995194203470029 0.18488323694356848 0.05 0.05
0 0.7237044886961091 0.15824461093585734 0.05 0.05
0 0.7520956558885381 0.16245070977918014 0.05 0.05
0 0.7867959713459514 0.1638527427269544 0.05 0.05
0 0.7510441311777074 0.12319378724150051 0.05 0.05
0 0.3251766232912722 0.09655516123378938 0.05 0.05
0 0.34200101866456356 0.08393686470382088 0.05 0.05
0 0.2852186842797055 0.09234906239046646 0.05 0.05
0 0.27785801130389054 0.09795719418156364 0.05 0.05
0 0.2505183688222923 0.06991653522607813 0.05 0.05
0 0.36618608701366967 0.08674093059936941 0.05 0.05
0 0.25577599237644577 0.09655516123378938 0.05 0.05
