0 0.33043576055662194 0.08453494881637873 0.05 0.05
0 0.3035643594049905 0.09349208253358915 0.05 0.05
0 0.29492712332053744 0.11012675943698014 0.05 0.05
0 0.2853301943378119 0.09093290147152899 0.05 0.05
0 0.2728541866602688 0.09861044465770945 0.05 0.05
0 0.25270063579654517 0.08837372040946896 0.05 0.05
0 0.2267889275431862 0.08965331094049904 0.05 0.05
0 0.20951445537428026 0.08709412987843888 0.05 0.05
0 0.2104741482725528 0.07173904350607797 0.05 0.05
0 0.32179852447216895 0.1331593889955214 0.05 0.05
0 0.3534683901151632 0.1331593889955214 0.05 0.05
0 0.43312290067178505 0.27519393793985925 0.05 0.05
0 0.4465586012476008 0.21249400191938578 0.05 0.05
0 0.2930077375239924 0.32253878758797183 0.05 0.05
0 0.27669295825335893 0.33661428342930255 0.05 0.05
0 0.1903205974088292 0.6219629718490083 0.05 0.05
0 0.11066608685220732 0.5784568937939859 0.05 0.05
0 0.0070192538387715995 0.6629098688419706 0.05 0.05
0 0.4820672384836853 0.6449956014075495 0.05 0.05
0 0.4408004438579655 0.5515854926423545 0.05 0.05
0 0.40433211372360855 0.525993682021753 0.05 0.05
0 0.3956948776391555 0.5016814619321817 0.05 0.05
0 0.4206468929942419 0.4812080134357006 0.05 0.05
0 0.5185355686180423 0.5298324536148432 0.05 0.05
0 0.5511651271593091 0.5170365483045425 0.05 0.05
0 0.5655605206333973 0.5004018714011517 0.05 0.05
0 0.5406085052783111 0.4748100607805502 0.05 0.05
0 0.6816833613243763 0.6053282949456175 0.05 0.05
0 0.8659443977927064 0.7166526711452336 0.05 0.05
0 0.7843705014395395 0.4479386596289187 0.05 0.05
0 0.7853301943378119 0.25344089891234794 0.05 0.05
0 0.6884012116122842 0.2457633557261675 0.05 0.05
0 0.7354261636276392 0.19713891554702484 0.05 0.05
0 0.722950155950096 0.17282669545745363 0.05 0.05
0 0.7296680062380039 0.16258997120921304 0.05 0.05
0 0.613545165547025 0.15747160908509272 0.05 0.05
0 0.36690409069097896 0.0858145393474088 0.05 0.05
0 0.4235259716890596 0.03846968969929622 0.05 0.05
0 0.31412098128598853 0.0806961772232885 0.05 0.05
