0 0.18552967767295597 0.09118841719077556 0.05 0.05
0 0.21068691037735854 0.09328485324947558 0.05 0.05
0 0.27357999213836487 0.09118841719077532 0.05 0.05
0 0.28301395440251575 0.09118841719077532 0.05 0.05
0 0.3380454009433963 0.1268278301886789 0.05 0.05
0 0.3317560927672957 0.14150288259958047 0.05 0.05
0 0.2201208726415095 0.12892426624737918 0.05 0.05
0 0.24527810534591202 0.12263495807127853 0.05 0.05
0 0.305026533018868 0.2002030922431864 0.05 0.05
0 0.2798693003144655 0.2735783542976937 0.05 0.05
0 0.30659886006289316 0.3532429245283017 0.05 0.05
0 0.13207055817610067 0.3721108490566035 0.05 0.05
0 0.1792403694968554 0.3909787735849054 0.05 0.05
0 0.34433470911949693 0.4727397798742137 0.05 0.05
0 0.38521521226415106 0.43290749475890966 0.05 0.05
0 0.42295106132075483 0.53563286163522 0.05 0.05
0 0.514146029874214 0.4895112683438153 0.05 0.05
0 0.5125737028301888 0.5314399895178195 0.05 0.05
0 0.6053409984276731 0.4999934486373164 0.05 0.05
0 0.4103724449685536 0.5188613731656182 0.05 0.05
0 0.22641018081761013 0.7578550838574423 0.05 0.05
0 0.6446491745283021 0.7494693396226413 0.05 0.05
0 0.7374164701257864 0.7243121069182388 0.05 0.05
0 0.8160328223270442 0.875255503144654 0.05 0.05
0 0.8694919418238996 0.7976873689727462 0.05 0.05
0 0.9119447720125787 0.8249410377358489 0.05 0.05
0 0.8883598663522015 0.277771226415094 0.05 0.05
0 0.87263659591195 0.2505175576519913 0.05 0.05
0 0.8411900550314467 0.24842112159329113 0.05 0.05
0 0.8254667845911952 0.2547104297693918 0.05 0.05
0 0.743705778301887 0.10795990566037711 0.05 0.05
0 0.8804982311320757 0.2882534067085951 0.05 0.05
0 0.3619160622866894 0.08892562571103516 0.05 0.05
0 0.5503095518867925 0.4685469077568131 0.05 0.05
0 0.295442983615222 0.09723616983791387 0.05 0.05
