0 0.22477600524475522 0.07359411421911423 0.05 0.05
0 0.2746011800699301 0.09981789044289044 0.05 0.05
0 0.2877130681818182 0.09806963869463867 0.05 0.05
0 0.3113144667832168 0.09806963869463867 0.05 0.05
0 0.33622705419580423 0.09457313519813511 0.05 0.05
0 0.3427829982517483 0.08058712121212111 0.05 0.05
0 0.35982845279720277 0.08408362470862467 0.05 0.05
0 0.3454053758741259 0.19072698135198132 0.05 0.05
0 0.37294034090909095 0.20121649184149176 0.05 0.05
0 0.4332550262237763 0.20820949883449877 0.05 0.05
0 0.448989291958042 0.21520250582750577 0.05 0.05
0 0.2982025786713287 0.1942234848484849 0.05 0.05
0 0.20117460664335668 0.15051719114219111 0.05 0.05
0 0.2064193618881119 0.23093677156177156 0.05 0.05
0 0.26148929195804194 0.23093677156177156 0.05 0.05
0 0.3047585227272727 0.2991185897435898 0.05 0.05
0 0.24575502622377626 0.47569201631701635 0.05 0.05
0 0.29164663461538465 0.48268502331002333 0.05 0.05
0 0.2654228583916084 0.7624053030303031 0.05 0.05
0 0.3047585227272727 0.7763913170163171 0.05 0.05
0 0.3506501311188811 0.7763913170163171 0.05 0.05
0 0.3532725087412588 0.9284892191142192 0.05 0.05
0 0.4607899912587413 0.5386290792540792 0.05 0.05
0 0.5211046765734266 0.540377331002331 0.05 0.05
0 0.5473284527972029 0.46170600233100234 0.05 0.05
0 0.7505627185314687 0.15401369463869466 0.05 0.05
0 0.7662969842657343 0.1225451631701631 0.05 0.05
0 0.9262620192307693 0.4739437645687646 0.05 0.05
