0 0.18444932610993653 0.13529113812544036 0.05 0.05
0 0.2272611654334038 0.11414948907681446 0.05 0.05
0 0.2272611654334038 0.06975202607470028 0.05 0.05
0 0.2510455206131078 0.10357866455250159 0.05 0.05
0 0.27165862843551797 0.09723616983791387 0.05 0.05
0 0.2843436178646934 0.09089367512332605 0.05 0.05
0 0.29227173625792807 0.09089367512332605 0.05 0.05
0 0.25580239164904867 0.0422678823114867 0.05 0.05
0 0.2780011231501057 0.1500902924594783 0.05 0.05
0 0.31605609143763214 0.1775744362226919 0.05 0.05
0 0.33984044661733626 0.08877951021846352 0.05 0.05
0 0.3636248017970402 0.09723616983791387 0.05 0.05
0 0.3842379096194503 0.0422678823114867 0.05 0.05
0 0.465104717230444 0.19448775546159247 0.05 0.05
0 0.7521026030655392 0.09935033474277641 0.05 0.05
0 0.5412146538054969 0.46721502818886523 0.05 0.05
0 0.36045355443974636 0.7906822586328399 0.05 0.05
0 0.809185055496829 0.8498788759689921 0.05 0.05
0 0.8868806157505287 0.8075955778717406 0.05 0.05
