0 0.23490823412698414 0.08966600529100527 0.05 0.05
0 0.2686383928571428 0.084375 0.05 0.05
0 0.3182415674603174 0.10024801587301582 0.05 0.05
0 0.365860615079365 0.084375 0.05 0.05
0 0.3341145833333332 0.15315806878306878 0.05 0.05
0 0.22895585317460307 0.25897817460317457 0.05 0.05
0 0.21903521825396818 0.32247023809523795 0.05 0.05
0 0.43927331349206333 0.19284060846560844 0.05 0.05
0 0.44919394841269833 0.20077711640211635 0.05 0.05
0 0.5384796626984125 0.203422619047619 0.05 0.05
0 0.5682415674603173 0.18225859788359788 0.05 0.05
0 0.6773685515873015 0.11347552910052912 0.05 0.05
0 0.39760664682539676 0.49971891534391527 0.05 0.05
0 0.40752728174603164 0.5288194444444444 0.05 0.05
0 0.2507812499999999 0.6399305555555554 0.05 0.05
0 0.2785590277777777 0.7933697089947089 0.05 0.05
0 0.3003844246031745 0.7642691798941799 0.05 0.05
0 0.3539558531746031 0.7986607142857143 0.05 0.05
0 0.37974950396825385 0.7986607142857143 0.05 0.05
0 0.41943204365079356 0.7483961640211639 0.05 0.05
0 0.44720982142857135 0.7351686507936507 0.05 0.05
0 0.5126860119047618 0.5367559523809523 0.05 0.05
0 0.5622891865079364 0.5261739417989417 0.05 0.05
0 0.5841145833333332 0.49707341269841265 0.05 0.05
0 0.5543526785714284 0.4706183862433862 0.05 0.05
0 0.8003844246031744 0.5261739417989417 0.05 0.05
0 0.9234002976190473 0.9229993386243385 0.05 0.05
0 0.7051463293650791 0.8780257936507936 0.05 0.05
