0 0.18896505743982492 0.14655588986141505 0.05 0.05
0 0.22178781455142232 0.1728140955506928 0.05 0.05
0 0.30712698304157554 0.0852867432530998 0.05 0.05
0 0.362925670131291 0.17062591174325295 0.05 0.05
0 0.362925670131291 0.22751869073668834 0.05 0.05
0 0.43841801148796505 0.2056368526622901 0.05 0.05
0 0.4564705278993436 0.21438958789204948 0.05 0.05
0 0.5450919721006565 0.21220140408460963 0.05 0.05
0 0.5762735913566741 0.1268622355944564 0.05 0.05
0 0.6386368298687091 0.13999133843909536 0.05 0.05
0 0.8027506154266961 0.2100132202771698 0.05 0.05
0 0.5779147292122538 0.25377689642596635 0.05 0.05
0 0.6468425191466084 0.5294880561633843 0.05 0.05
0 0.6960766548140045 0.5644989970824216 0.05 0.05
0 0.5500153856673962 0.4725952771699489 0.05 0.05
0 0.49257556072210074 0.5316762399708241 0.05 0.05
0 0.39574842724288845 0.49885348285922676 0.05 0.05
0 0.400671840809628 0.5272998723559444 0.05 0.05
0 0.2611751230853392 0.470407093362509 0.05 0.05
0 0.2726630880743982 0.49228893143690733 0.05 0.05
0 0.23327577954048145 0.58419265134938 0.05 0.05
0 0.12167840536105032 0.5601226294675418 0.05 0.05
0 0.09870247538293211 0.5798162837345003 0.05 0.05
0 0.02156899617067827 0.5535580780452224 0.05 0.05
0 0.036339236870897115 0.6170154084609772 0.05 0.05
0 0.047827201859956175 0.6629672684172138 0.05 0.05
0 0.11347271608315095 0.6279563274981764 0.05 0.05
0 0.2660985366520788 0.7811291940189643 0.05 0.05
0 0.3350263265864333 0.7876937454412837 0.05 0.05
0 0.4072363922319475 0.7876937454412837 0.05 0.05
0 0.43677687363238515 0.7417418854850475 0.05 0.05
0 0.4466237007658644 0.7132954959883298 0.05 0.05
0 0.4466237007658644 0.6870372902990518 0.05 0.05
0 0.11839612964989055 0.3719388220277169 0.05 0.05
0 0.18404164387308533 0.3544333515681983 0.05 0.05
0 0.275945363785558 0.28878783734500346 0.05 0.05
0 0.38097818654266963 0.7920701130561635 0.05 0.05
