0 0.22014667669584237 0.04808761852662281 0.05 0.05
0 0.22835236597374178 0.08966311086797939 0.05 0.05
0 0.25296943380743986 0.1443677060539751 0.05 0.05
0 0.23491691739606124 0.15312044128373437 0.05 0.05
0 0.22014667669584242 0.20782503646972994 0.05 0.05
0 0.31040925875273523 0.08091037563822011 0.05 0.05
0 0.44005914934354495 0.2056368526622901 0.05 0.05
0 0.45154711433260397 0.20782503646972994 0.05 0.05
0 0.5483742478118162 0.21220140408460963 0.05 0.05
0 0.5762735913566741 0.11592131655725725 0.05 0.05
0 0.651765932713348 0.0940394784828591 0.05 0.05
0 0.664895035557987 0.10716858132749808 0.05 0.05
0 0.6747418626914662 0.3128578592268416 0.05 0.05
0 0.7715689961706784 0.3369278811086797 0.05 0.05
0 0.8322910968271338 0.38506792487235575 0.05 0.05
0 0.689512103391685 0.4025733953318744 0.05 0.05
0 0.6402779677242889 0.4178906819839531 0.05 0.05
0 0.6829475519693655 0.5251116885485048 0.05 0.05
0 0.5500153856673962 0.46821890955506923 0.05 0.05
0 0.5795558670678338 0.49228893143690733 0.05 0.05
0 0.5598622128008753 0.5382407913931435 0.05 0.05
0 0.50242238785558 0.5426171590080232 0.05 0.05
0 0.413800943654267 0.5316762399708241 0.05 0.05
0 0.3842604622538293 0.5097944018964259 0.05 0.05
0 0.2808687773522976 0.8008228482859228 0.05 0.05
0 0.3284617751641138 0.8139519511305617 0.05 0.05
0 0.3826193243982494 0.7920701130561635 0.05 0.05
0 0.39903070295404813 0.7898819292487236 0.05 0.05
0 0.4564705278993436 0.6782845550692923 0.05 0.05
0 0.4794464578774618 0.6520263493800146 0.05 0.05
0 0.4991401121444202 0.7220482312180889 0.05 0.05
0 0.5943261077680526 0.6760963712618526 0.05 0.05
0 0.664895035557987 0.7045427607585704 0.05 0.05
