0 0.054934772607781325 0.7975716351209255 0.05 0.05
0 0.014976833596214555 0.8256122940764109 0.05 0.05
0 0.19689060856992638 0.6910171310900808 0.05 0.05
0 0.34831016692954775 0.8017777339642483 0.05 0.05
0 0.38090743296529955 0.7835513056431828 0.05 0.05
0 0.42507147082018915 0.7779431738520857 0.05 0.05
0 0.40614402602523647 0.5241752103049424 0.05 0.05
0 0.4029894518927444 0.5087528478794253 0.05 0.05
0 0.4324321437960041 0.5185670785138453 0.05 0.05
0 0.5102449723974762 0.5297833420960394 0.05 0.05
0 0.5523059608307043 0.5213711444093938 0.05 0.05
0 0.5722849303364878 0.5031447160883283 0.05 0.05
0 0.5470483372765508 0.47089795828951997 0.05 0.05
0 0.8751240470557307 0.7218618559411147 0.05 0.05
0 0.9592460239221868 0.7372842183666318 0.05 0.05
0 0.34410406808622496 0.34050889414651275 0.05 0.05
0 0.2810125854363827 0.3194783999298986 0.05 0.05
0 0.23159092402733958 0.2521808184367335 0.05 0.05
0 0.22423025105152466 0.3377048282509642 0.05 0.05
0 0.15482962013669818 0.34892109183315845 0.05 0.05
0 0.4376897673501576 0.28723164213109037 0.05 0.05
0 0.45451416272344886 0.2087177970557311 0.05 0.05
0 0.3251766232912722 0.17787307220469703 0.05 0.05
0 0.3556708399053627 0.1638527427269544 0.05 0.05
0 0.3840620070977917 0.14702834735366313 0.05 0.05
0 0.34305254337539426 0.1273998860848233 0.05 0.05
0 0.29678545609884327 0.17366697336137424 0.05 0.05
0 0.28732173370136693 0.1119775236593064 0.05 0.05
0 0.2547244676656151 0.11337955660708067 0.05 0.05
0 0.26839428890641426 0.09515312828601499 0.05 0.05
0 0.27680648659305984 0.08533889765159515 0.05 0.05
0 0.27365191246056775 0.0671124693305296 0.05 0.05
0 0.19899365799158777 0.12459582018927477 0.05 0.05
0 0.19899365799158777 0.15824461093585734 0.05 0.05
0 0.7005709450578336 0.15263647914476028 0.05 0.05
0 0.5544090102523658 0.19329543463021417 0.05 0.05
