0 0.27165862843551797 0.09089367512332618 0.05 0.05
0 0.2795867468287526 0.09300784002818858 0.05 0.05
0 0.2938573599365751 0.09089367512332605 0.05 0.05
0 0.33666919926004224 0.09089367512332605 0.05 0.05
0 0.3477685650105709 0.0824370155038757 0.05 0.05
0 0.4460772330866808 0.207172744890768 0.05 0.05
0 0.45717659883720935 0.19660192036645513 0.05 0.05
0 0.45559097515856245 0.23465688865398146 0.05 0.05
0 0.32556983350951374 0.22408606412966858 0.05 0.05
0 0.2986142309725158 0.2198577343199434 0.05 0.05
0 0.27324425211416487 0.2642551973220576 0.05 0.05
0 0.31605609143763214 0.2642551973220576 0.05 0.05
0 0.35569668340380556 0.3001960007047214 0.05 0.05
0 0.3319123282241015 0.3171093199436221 0.05 0.05
0 0.3874091569767442 0.3445934637068357 0.05 0.05
0 0.6950201506342496 0.1860310958421421 0.05 0.05
0 0.7425888609936576 0.1860310958421421 0.05 0.05
0 0.8075994318181821 0.26848352713178275 0.05 0.05
0 0.5491427721987316 0.46932919309372784 0.05 0.05
0 0.5665846326638478 0.5496674594785059 0.05 0.05
0 0.636352074524313 0.5729232734319942 0.05 0.05
0 0.4460772330866808 0.644804880197322 0.05 0.05
0 0.20347681025369982 0.49469917195207874 0.05 0.05
0 0.10992501321353063 0.49681333685694135 0.05 0.05
0 0.046500066067653244 0.6469190451021845 0.05 0.05
0 0.2098193049682875 0.608864076814658 0.05 0.05
0 0.18920619714587736 0.6553757047216349 0.05 0.05
0 0.9090793472515857 0.7124581571529245 0.05 0.05
0 0.8916374867864695 0.7674264446793515 0.05 0.05
0 0.2669017573995772 0.8181664023960535 0.05 0.05
0 0.35679660836177474 0.095751564277588 0.05 0.05
0 0.363195925767918 0.080393202502844 0.05 0.05
