0 0.08419494334619093 0.639903768884603 0.05 0.05
0 0.11505318828351012 0.5846160800385729 0.05 0.05
0 0.2269143261812922 0.7761943506910961 0.05 0.05
0 0.3050242586788814 0.7851946721311476 0.05 0.05
0 0.3686693888621022 0.7903377129540341 0.05 0.05
0 0.4487079616682738 0.6411895290903247 0.05 0.05
0 0.4110994756509161 0.531899911603986 0.05 0.05
0 0.3985633136451302 0.5023274268723884 0.05 0.05
0 0.5046385306171649 0.5344714320154292 0.05 0.05
0 0.5489972577145612 0.4701834217293475 0.05 0.05
0 0.5943203049662488 0.5113277483124398 0.05 0.05
0 0.8836163512536162 0.8494826824172292 0.05 0.05
0 0.7572904110414658 0.21817442140790747 0.05 0.05
0 0.7052171227097397 0.19503073770491805 0.05 0.05
0 0.6377147119093538 0.18988769688203153 0.05 0.05
0 0.6502508739151398 0.14745761009321764 0.05 0.05
0 0.6020348662005786 0.20660257955641276 0.05 0.05
0 0.32527498191899706 0.21688866120218578 0.05 0.05
0 0.29152377651880423 0.20145953873352623 0.05 0.05
0 0.26355849204435866 0.21303138058502094 0.05 0.05
0 0.32623930207328833 0.16417249276759888 0.05 0.05
0 0.4448506810511089 0.20531681935069107 0.05 0.05
0 0.3503473059305689 0.09859872227579558 0.05 0.05
0 0.3088815392960463 0.09088416104146582 0.05 0.05
0 0.28573785559305687 0.09345568145290907 0.05 0.05
0 0.20955656340405016 0.07545503857280617 0.05 0.05
0 0.19027016031822563 0.0741692783670846 0.05 0.05
