0 0.28732173370136693 0.08674093059936941 0.05 0.05
0 0.3073007032071503 0.09795719418156364 0.05 0.05
0 0.2831156348580441 0.15684257798808307 0.05 0.05
0 0.28942478312302833 0.187687302839117 0.05 0.05
0 0.2862702089905362 0.22133609358569958 0.05 0.05
0 0.24315769584647734 0.2241401594812481 0.05 0.05
0 0.34410406808622496 0.17787307220469703 0.05 0.05
0 0.33674339511041 0.14843038030143738 0.05 0.05
0 0.37354675998948467 0.1638527427269544 0.05 0.05
0 0.3998348777602523 0.16104867683140586 0.05 0.05
0 0.45451416272344886 0.19609950052576272 0.05 0.05
0 0.3030946043638275 0.3222824658254472 0.05 0.05
0 0.2599820912197686 0.341910927094287 0.05 0.05
0 0.24105464642481592 0.5227731773571681 0.05 0.05
0 0.3903711553627759 0.5045467490361025 0.05 0.05
0 0.41876232255520496 0.5213711444093938 0.05 0.05
0 0.45135958859095676 0.5199691114616196 0.05 0.05
0 0.5218117442166139 0.5283813091482652 0.05 0.05
0 0.5512544361198736 0.5199691114616196 0.05 0.05
0 0.5480998619873815 0.48491828776726276 0.05 0.05
0 0.5323269913249209 0.46108372765510014 0.05 0.05
0 0.5785940786014719 0.6671825709779181 0.05 0.05
0 0.6427370859621448 0.6657805380301439 0.05 0.05
0 0.33148577155625647 0.7400882842621803 0.05 0.05
0 0.8204447620925339 0.17086290746582572 0.05 0.05
0 0.5565120596740272 0.1834812039957942 0.05 0.05
0 0.32097052444794943 0.10496735892043496 0.05 0.05
