0 0.14536589773922187 0.4386512004907118 0.05 0.05
0 0.40929860015772856 0.5227731773571681 0.05 0.05
0 0.3998348777602523 0.5087528478794253 0.05 0.05
0 0.41876232255520496 0.4793101559761657 0.05 0.05
0 0.5039358241324919 0.5353914738871366 0.05 0.05
0 0.5470483372765508 0.5283813091482652 0.05 0.05
0 0.5596666338065193 0.5073508149316511 0.05 0.05
0 0.5470483372765508 0.4737020241850686 0.05 0.05
0 0.48921447818086206 0.6573683403434983 0.05 0.05
0 0.3945772542060987 0.8115919645986682 0.05 0.05
0 0.6311703141430072 0.7583147125832459 0.05 0.05
0 0.6911072226603573 0.7597167455310202 0.05 0.05
0 0.8540935528391163 0.5704422975814933 0.05 0.05
0 0.9024636895373288 0.5970809235892046 0.05 0.05
0 0.6395825118296528 0.13020395198037182 0.05 0.05
0 0.6048821963722395 0.13300801787592037 0.05 0.05
0 0.571233405625657 0.13861614966701755 0.05 0.05
0 0.6837465496845423 0.13861614966701755 0.05 0.05
0 0.2810125854363827 0.09655516123378938 0.05 0.05
0 0.26839428890641426 0.09375109533824073 0.05 0.05
0 0.24315769584647734 0.10917345776375775 0.05 0.05
0 0.20214823212407987 0.07272060112162677 0.05 0.05
0 0.18952993559411144 0.0629063704872068 0.05 0.05
0 0.3115068020504731 0.09515312828601499 0.05 0.05
0 0.32307357386961083 0.09655516123378938 0.05 0.05
0 0.36618608701366967 0.08814296354714367 0.05 0.05
0 0.38090743296529955 0.08674093059936941 0.05 0.05
