0 0.08963508806519457 0.42883696985629194 0.05 0.05
0 0.11907777996845426 0.4358471345951633 0.05 0.05
0 0.13590217534174553 0.5003406501927797 0.05 0.05
0 0.2074058556782334 0.5045467490361025 0.05 0.05
0 0.3535677904837013 0.9602074570627411 0.05 0.05
0 0.21266347923238693 0.9531972923238697 0.05 0.05
0 0.4671324592534173 0.7709330091132143 0.05 0.05
0 0.45977178627760235 0.6812029004556609 0.05 0.05
0 0.6911072226603573 0.9251566333683843 0.05 0.05
0 0.731065161671924 0.867673282509639 0.05 0.05
0 0.9392670544164033 0.7849533385909571 0.05 0.05
0 0.5102449723974762 0.5353914738871366 0.05 0.05
0 0.5512544361198736 0.517165045566071 0.05 0.05
0 0.5670273067823342 0.4947325184016827 0.05 0.05
0 0.5386361395899052 0.4722999912372944 0.05 0.05
0 0.40824707544689787 0.5311853750438137 0.05 0.05
0 0.3924742047844373 0.5101548808271996 0.05 0.05
0 0.41771079784437426 0.4765060900806172 0.05 0.05
0 0.45346263801261816 0.22834625832457103 0.05 0.05
0 0.26208514064143 0.264799114966702 0.05 0.05
0 0.24315769584647734 0.19609950052576272 0.05 0.05
0 0.19373603443743423 0.18488323694356848 0.05 0.05
0 0.22528177576235536 0.13861614966701755 0.05 0.05
0 0.27049733832807565 0.14282224851034034 0.05 0.05
0 0.23159092402733958 0.09655516123378938 0.05 0.05
0 0.24210617113564664 0.09234906239046646 0.05 0.05
0 0.27785801130389054 0.09655516123378938 0.05 0.05
0 0.2925793572555204 0.09375109533824073 0.05 0.05
0 0.3178159503154573 0.09655516123378938 0.05 0.05
0 0.33043424684542577 0.09375109533824073 0.05 0.05
0 0.36618608701366967 0.0909470294426922 0.05 0.05
0 0.22528177576235536 0.05169010690501257 0.05 0.05
0 0.18322078732912722 0.04187587627059273 0.05 0.05
0 0.7216014392744476 0.22273812653347386 0.05 0.05
0 0.7552502300210302 0.25919098317560496 0.05 0.05
0 0.5575635843848579 0.20170763231685976 0.05 0.05
