0 0.4270497489429176 0.2008302501761803 0.05 0.05
0 0.46034784619450325 0.19448775546159247 0.05 0.05
0 0.2621448863636363 0.11414948907681446 0.05 0.05
0 0.2780011231501057 0.10357866455250159 0.05 0.05
0 0.2780011231501057 0.08877951021846352 0.05 0.05
0 0.2875148652219873 0.08877951021846352 0.05 0.05
0 0.33666919926004224 0.08877951021846352 0.05 0.05
0 0.35411105972515855 0.09935033474277641 0.05 0.05
0 0.30654234936575053 0.29596767089499637 0.05 0.05
0 0.0671131738900634 0.5348683051444678 0.05 0.05
0 0.014787592494714553 0.5412107998590555 0.05 0.05
0 0.046500066067653244 0.6469190451021845 0.05 0.05
0 0.03222945295983083 0.7441706307258632 0.05 0.05
0 0.18603494978858348 0.7526272903453134 0.05 0.05
0 0.7394176136363637 0.9640437808315715 0.05 0.05
0 0.8250412922832983 0.991527924594785 0.05 0.05
0 0.683920784883721 0.2705976920366453 0.05 0.05
0 0.5459715248414377 0.4629866983791401 0.05 0.05
0 0.7473457320295983 0.3361368040873854 0.05 0.05
0 0.7552738504228331 0.2938535059901337 0.05 0.05
0 0.7663732161733616 0.23677105355884412 0.05 0.05
0 0.8123563028541227 0.21774356941508088 0.05 0.05
