0 0.19032059740882917 0.2815918905950098 0.05 0.05
0 0.22966800623800387 0.27647352847088935 0.05 0.05
0 0.3006852807101728 0.2841510716570697 0.05 0.05
0 0.45231675863723614 0.20865523032629554 0.05 0.05
0 0.40913057821497123 0.525993682021753 0.05 0.05
0 0.39953364923224577 0.49912228087012156 0.05 0.05
0 0.4196872000959694 0.4786488323736405 0.05 0.05
0 0.5060595609404991 0.5375099968010237 0.05 0.05
0 0.5569232845489445 0.5183161388355726 0.05 0.05
0 0.5799559141074857 0.4965630998080614 0.05 0.05
0 0.5406085052783111 0.4658529270633397 0.05 0.05
0 0.2805317298464492 0.7588791586692258 0.05 0.05
0 0.20375629798464495 0.7473628438899553 0.05 0.05
0 0.7479021713051824 0.5272732725527831 0.05 0.05
0 0.766136336372361 0.20737563979526547 0.05 0.05
0 0.6653685820537428 0.11012675943698014 0.05 0.05
0 0.2776526511516315 0.09861044465770945 0.05 0.05
0 0.222950155950096 0.1126859404990403 0.05 0.05
0 0.22774862044145877 0.14979406589891225 0.05 0.05
0 0.2085547624760077 0.08837372040946896 0.05 0.05
0 0.3083628238963532 0.09733085412667937 0.05 0.05
0 0.1826430542226488 0.03719009916826614 0.05 0.05
0 0.34387146113243766 0.09733085412667937 0.05 0.05
0 0.35922654750479854 0.08837372040946896 0.05 0.05
