0 0.08323062319189971 0.9073418916747027 0.05 0.05
0 0.36191914778206363 0.9137706927033109 0.05 0.05
0 0.3590261873191899 0.7993380343940856 0.05 0.05
0 0.28380921528447445 0.7916234731597558 0.05 0.05
0 0.31948906099324975 0.769765549662488 0.05 0.05
0 0.7071457630183221 0.8674833252973321 0.05 0.05
0 0.663751356075217 0.8096241160398586 0.05 0.05
0 0.822864181533269 0.7774801108968178 0.05 0.05
0 0.8749374698649952 0.857197243651559 0.05 0.05
0 0.955940362825458 0.8006237945998073 0.05 0.05
0 0.4506366019768563 0.6386180086788814 0.05 0.05
0 0.44195772058823524 0.5859018402442946 0.05 0.05
0 0.4033849144165863 0.5331856718097076 0.05 0.05
0 0.39181307256509157 0.5061847074895532 0.05 0.05
0 0.49788828953712627 0.5383287126325941 0.05 0.05
0 0.599141905737705 0.5100419881067181 0.05 0.05
0 0.5461042972516875 0.4701834217293475 0.05 0.05
0 0.6994312017839922 0.2580329877852781 0.05 0.05
0 0.7515044901157184 0.25546146737383485 0.05 0.05
0 0.4332788391996142 0.2503184265509483 0.05 0.05
0 0.4467793213596914 0.20917409996785613 0.05 0.05
0 0.3011669780617165 0.24260386531661857 0.05 0.05
0 0.23173592695274828 0.23874658469945362 0.05 0.05
0 0.2568082509643202 0.10245600289296052 0.05 0.05
0 0.2828448951301832 0.09988448248151727 0.05 0.05
0 0.3088815392960463 0.09602720186435233 0.05 0.05
0 0.33781114392478306 0.10245600289296052 0.05 0.05
