0 0.10645948343848581 0.5269792762004909 0.05 0.05
0 0.19689060856992638 0.4456613652295831 0.05 0.05
0 0.24946684411146158 0.4428572993340346 0.05 0.05
0 0.41035012486855926 0.5297833420960394 0.05 0.05
0 0.3977318283385908 0.5045467490361025 0.05 0.05
0 0.41560774842271286 0.4779081230283914 0.05 0.05
0 0.5112964971083069 0.5339894409393623 0.05 0.05
0 0.5470483372765508 0.5325874079915881 0.05 0.05
0 0.5638727326498421 0.5101548808271996 0.05 0.05
0 0.5502029114090429 0.4722999912372944 0.05 0.05
0 0.4671324592534173 0.6573683403434983 0.05 0.05
0 0.4629263604100945 0.6335337802313357 0.05 0.05
0 0.6974163709253415 0.41621867332632334 0.05 0.05
0 0.7783837736593058 0.42042477216964624 0.05 0.05
0 0.8246508609358567 0.43444510164738903 0.05 0.05
0 0.8572481269716086 0.4316410357518405 0.05 0.05
0 0.7720746253943214 0.17647103925692278 0.05 0.05
0 0.6658706296004204 0.08814296354714367 0.05 0.05
0 0.45135958859095676 0.19750153347353697 0.05 0.05
0 0.2915278325446897 0.1750690063091485 0.05 0.05
0 0.26629123948475286 0.16946087451805145 0.05 0.05
0 0.2610336159305993 0.23395439011566807 0.05 0.05
0 0.27680648659305984 0.11337955660708067 0.05 0.05
0 0.2820641101472134 0.09515312828601499 0.05 0.05
0 0.2915278325446897 0.09375109533824073 0.05 0.05
0 0.2852186842797055 0.07272060112162677 0.05 0.05
0 0.21371500394321763 0.07412263406940103 0.05 0.05
