0 0.44774364151398266 0.20788833976213444 0.05 0.05
0 0.36963370901639336 0.174458574413372 0.05 0.05
0 0.33781114392478306 0.17831585503053685 0.05 0.05
0 0.25198665019286404 0.18217313564770177 0.05 0.05
0 0.20955656340405016 0.2914627531340405 0.05 0.05
0 0.28188057497589203 0.28117667148826747 0.05 0.05
0 0.3397397842333655 0.31460643683702993 0.05 0.05
0 0.38988443225650915 0.5061847074895532 0.05 0.05
0 0.40627787487945993 0.531899911603986 0.05 0.05
0 0.5027098903085825 0.5434717534554806 0.05 0.05
0 0.5470686174059788 0.4701834217293475 0.05 0.05
0 0.36963370901639336 0.7890519527483125 0.05 0.05
0 0.3339538633076181 0.7723370700739313 0.05 0.05
0 0.28091625482160076 0.7787658711025395 0.05 0.05
0 0.6560367948408872 0.14102880906460946 0.05 0.05
0 0.6878593599324976 0.14874337029893922 0.05 0.05
0 0.719681925024108 0.1577436917389908 0.05 0.05
0 0.7302894467213115 0.21431714079074263 0.05 0.05
0 0.5837127832690453 0.06131167630986833 0.05 0.05
0 0.5596047794117647 0.06131167630986833 0.05 0.05
0 0.3407041043876567 0.09859872227579558 0.05 0.05
0 0.3069528989874638 0.09988448248151727 0.05 0.05
0 0.2847735354387657 0.08831264063002256 0.05 0.05
0 0.18159127892960464 0.1088848039215686 0.05 0.05
