0 0.18444932610993653 0.10780699436222677 0.05 0.05
0 0.21616179968287524 0.11414948907681446 0.05 0.05
0 0.2684873810782241 0.09300784002818858 0.05 0.05
0 0.2811723705073996 0.09089367512332605 0.05 0.05
0 0.2906861125792812 0.08877951021846352 0.05 0.05
0 0.33508357558139534 0.08666534531360087 0.05 0.05
0 0.35411105972515855 0.0824370155038757 0.05 0.05
0 0.3287410808668076 0.18180276603241693 0.05 0.05
0 0.3493541886892178 0.207172744890768 0.05 0.05
0 0.3826522859408034 0.20505857998590535 0.05 0.05
0 0.39533727536997887 0.22408606412966858 0.05 0.05
0 0.4111935121564483 0.22408606412966858 0.05 0.05
0 0.46193346987315015 0.19871608527131765 0.05 0.05
0 0.27641549947145877 0.2198577343199434 0.05 0.05
0 0.2621448863636363 0.247341878083157 0.05 0.05
0 0.12261000264270612 0.38687676180408725 0.05 0.05
0 0.1812780787526427 0.3974475863284001 0.05 0.05
0 0.14005186310782242 0.630005725863284 0.05 0.05
0 0.1527368525369979 0.6511473749119097 0.05 0.05
0 0.19554869186046514 0.7314856412966877 0.05 0.05
0 0.27641549947145877 0.7568556201550386 0.05 0.05
0 0.8123563028541227 0.5031558315715291 0.05 0.05
0 0.902736852536998 0.4820141825229033 0.05 0.05
0 0.6934345269556026 0.23465688865398146 0.05 0.05
0 0.7299038715644821 0.2536843727977447 0.05 0.05
0 0.5523140195560254 0.46932919309372784 0.05 0.05
0 0.7838150766384778 0.2135152396053557 0.05 0.05
0 0.563413385306554 0.08877951021846352 0.05 0.05
0 0.6030539772727274 0.08455118040873835 0.05 0.05
