0 0.3054858451859956 0.09622766229029907 0.05 0.05
0 0.20045302242888402 0.11592131655725725 0.05 0.05
0 0.2398403309628009 0.12029768417213696 0.05 0.05
0 0.2644573987964989 0.12467405178701665 0.05 0.05
0 0.25296943380743986 0.17500227935813265 0.05 0.05
0 0.19388847100656453 0.23189505835156807 0.05 0.05
0 0.37441363512035014 0.1553086250911741 0.05 0.05
0 0.4449825629102845 0.2056368526622901 0.05 0.05
0 0.45482939004376377 0.2056368526622901 0.05 0.05
0 0.5352451449671773 0.20344866885485036 0.05 0.05
0 0.03141582330415749 0.5054180342815463 0.05 0.05
0 0.14465433533916844 0.7526828045222466 0.05 0.05
0 0.32025608588621446 0.5272998723559444 0.05 0.05
0 0.39903070295404813 0.5076062180889861 0.05 0.05
0 0.41215980579868716 0.5294880561633843 0.05 0.05
0 0.2825099152078775 0.7767528264040846 0.05 0.05
0 0.34159087800875276 0.785505561633844 0.05 0.05
0 0.413800943654267 0.7548709883296865 0.05 0.05
0 0.41708321936542675 0.7942582968636033 0.05 0.05
0 0.45811166575492346 0.7373655178701678 0.05 0.05
0 0.5106280771334792 0.5207353209336251 0.05 0.05
0 0.5483742478118162 0.4616543581327497 0.05 0.05
0 0.5828381427789935 0.48791256382202763 0.05 0.05
0 0.5680679020787747 0.5141707695113056 0.05 0.05
0 0.8224442696936544 0.36975063822027704 0.05 0.05
0 0.8880897839168492 0.3916324762946753 0.05 0.05
0 0.8569081646608318 0.5907572027716995 0.05 0.05
0 0.8011094775711161 0.5929453865791392 0.05 0.05
0 0.702641206236324 0.7789410102115244 0.05 0.05
0 0.6731007248358863 0.8708447301239971 0.05 0.05
