0 0.20445257867132866 0.07009761072261078 0.05 0.05
0 0.22412041083916084 0.07009761072261066 0.05 0.05
0 0.3145924388111888 0.09107663170163166 0.05 0.05
0 0.25296656468531464 0.1522654428904429 0.05 0.05
0 0.2949246066433567 0.14527243589743588 0.05 0.05
0 0.2791903409090909 0.19072698135198132 0.05 0.05
0 0.23198754370629376 0.21520250582750577 0.05 0.05
0 0.2962357954545454 0.23268502331002333 0.05 0.05
0 0.3263931381118881 0.18373397435897434 0.05 0.05
0 0.21756446678321684 0.2344332750582751 0.05 0.05
0 0.237232298951049 0.26939831002331 0.05 0.05
0 0.19134069055944056 0.297370337995338 0.05 0.05
0 0.03530922202797202 0.49492278554778557 0.05 0.05
0 0.39064138986013985 0.5036640442890443 0.05 0.05
0 0.3985085227272728 0.5228948135198136 0.05 0.05
0 0.5545399912587412 0.5176500582750584 0.05 0.05
0 0.5728966346153846 0.48792977855477854 0.05 0.05
0 0.5492952360139861 0.46170600233100234 0.05 0.05
0 0.3172148164335664 0.7624053030303031 0.05 0.05
0 0.355239291958042 0.7938738344988345 0.05 0.05
0 0.3971973339160839 0.7554122960372961 0.05 0.05
0 0.43259943181818183 0.7833843240093241 0.05 0.05
0 0.46800152972027975 0.8061115967365968 0.05 0.05
0 0.5230714597902099 0.7501675407925409 0.05 0.05
0 0.6515679632867133 0.6889787296037296 0.05 0.05
0 0.7131938374125875 0.888279428904429 0.05 0.05
0 0.8246448863636365 0.45121649184149176 0.05 0.05
0 0.8784036276223777 0.4389787296037296 0.05 0.05
0 0.87578125 0.5159018065268065 0.05 0.05
0 0.4417777534965035 0.2064612470862471 0.05 0.05
