0 0.8120325644058883 0.7667269102698915 0.05 0.05
0 0.9676582216088324 0.7737370750087629 0.05 0.05
0 0.48711142875920066 0.6615744391868211 0.05 0.05
0 0.4639778851209252 0.6419459779179812 0.05 0.05
0 0.4040409766035751 0.5339894409393623 0.05 0.05
0 0.3956287789169294 0.496134551349457 0.05 0.05
0 0.41560774842271286 0.48071218892393996 0.05 0.05
0 0.5133995465299683 0.5269792762004909 0.05 0.05
0 0.5480998619873815 0.5269792762004909 0.05 0.05
0 0.56071815851735 0.5003406501927797 0.05 0.05
0 0.5491513866982122 0.4722999912372944 0.05 0.05
0 0.6932102720820187 0.35312719067648124 0.05 0.05
0 0.7342197358044161 0.3278905976165442 0.05 0.05
0 0.7499926064668767 0.31246823519102734 0.05 0.05
0 0.7815383477917979 0.3222824658254472 0.05 0.05
0 0.32202204915878013 0.24376862075008793 0.05 0.05
0 0.41771079784437426 0.21432592884682813 0.05 0.05
0 0.45346263801261816 0.23395439011566807 0.05 0.05
0 0.45766873685594095 0.20591373116018255 0.05 0.05
0 0.1285415023659306 0.4260329039607433 0.05 0.05
0 0.09278966219768665 0.40780647563967776 0.05 0.05
0 0.2578790417981072 0.10917345776375775 0.05 0.05
0 0.2810125854363827 0.09795719418156364 0.05 0.05
0 0.290476307833859 0.08814296354714367 0.05 0.05
0 0.2841671595688748 0.06851450227830386 0.05 0.05
0 0.21056042981072554 0.06430840343498107 0.05 0.05
