0 0.19268450972660353 0.4540735629162288 0.05 0.05
0 0.18111773790746583 0.42883696985629194 0.05 0.05
0 0.15903571898002103 0.3951881791097094 0.05 0.05
0 0.11066558228180863 0.4007963109008064 0.05 0.05
0 0.18532383675078862 0.7274699877322118 0.05 0.05
0 0.4050925013144058 0.5199691114616196 0.05 0.05
0 0.3945772542060987 0.501742683140554 0.05 0.05
0 0.41455622371188217 0.4751040571328429 0.05 0.05
0 0.41560774842271286 0.3012519716088331 0.05 0.05
0 0.3598769387486855 0.29844790571328456 0.05 0.05
0 0.29888850552050467 0.274613345601122 0.05 0.05
0 0.5018327747108305 0.5325874079915881 0.05 0.05
0 0.542842238433228 0.5269792762004909 0.05 0.05
0 0.5691303562039957 0.5031447160883283 0.05 0.05
0 0.5449452878548894 0.4624857606028744 0.05 0.05
0 0.8540935528391163 0.4554755958640031 0.05 0.05
0 0.8257023856466873 0.9461871275849983 0.05 0.05
0 0.8130840891167189 0.9027241062039959 0.05 0.05
0 0.8856392941640376 0.8620651507185421 0.05 0.05
0 0.76997157597266 0.2451706536978622 0.05 0.05
0 0.7857444466351207 0.22554219242902238 0.05 0.05
0 0.8204447620925339 0.2199340606379253 0.05 0.05
0 0.7173953404311249 0.19049136873466566 0.05 0.05
0 0.7436834582018925 0.14562631440588886 0.05 0.05
0 0.6500977589379598 0.13861614966701755 0.05 0.05
0 0.279961060725552 0.09515312828601499 0.05 0.05
0 0.24315769584647734 0.10216329302488643 0.05 0.05
0 0.3377949198212407 0.1035653259726607 0.05 0.05
0 0.3588254140378548 0.08674093059936941 0.05 0.05
0 0.3703921858569926 0.08393686470382088 0.05 0.05
0 0.18637536146161932 0.06010230459165828 0.05 0.05
0 0.18847841088328074 0.13020395198037182 0.05 0.05
0 0.24631226997896943 0.17787307220469703 0.05 0.05
0 0.24526074526813874 0.14422428145811458 0.05 0.05
