0 0.21933304704016915 0.06340953136011258 0.05 0.05
0 0.23677490750528546 0.06975202607470028 0.05 0.05
0 0.27324425211416487 0.09089367512332605 0.05 0.05
0 0.2827579941860465 0.09300784002818858 0.05 0.05
0 0.2906861125792812 0.09300784002818858 0.05 0.05
0 0.33825482293868925 0.09089367512332605 0.05 0.05
0 0.35728230708245245 0.08877951021846352 0.05 0.05
0 0.22408991807610992 0.25579853770260735 0.05 0.05
0 0.247874273255814 0.2536843727977447 0.05 0.05
0 0.30019985465116283 0.24945604298801954 0.05 0.05
0 0.34142607029598315 0.24945604298801954 0.05 0.05
0 0.36203917811839326 0.26214103241719494 0.05 0.05
0 0.29702860729386893 0.27482602184637045 0.05 0.05
0 0.3667960491543341 0.3065384954193092 0.05 0.05
0 0.4096078884778013 0.3065384954193092 0.05 0.05
0 0.246288649577167 0.35939261804087363 0.05 0.05
0 0.12102437896405918 0.3720776074700492 0.05 0.05
0 0.18286370243128963 0.7526272903453134 0.05 0.05
0 0.5491427721987316 0.46721502818886523 0.05 0.05
0 0.7156332584566597 0.15431862226920348 0.05 0.05
0 0.45559097515856245 0.19448775546159247 0.05 0.05
