0 0.18085118006993003 0.075342365967366 0.05 0.05
0 0.19658544580419582 0.09806963869463867 0.05 0.05
0 0.21494208916083918 0.07709061771561766 0.05 0.05
0 0.23460992132867134 0.07534236596736589 0.05 0.05
0 0.3106588723776224 0.08758012820512823 0.05 0.05
0 0.2896798513986014 0.16275495337995333 0.05 0.05
0 0.3211483828671328 0.16100670163170155 0.05 0.05
0 0.4417777534965035 0.20820949883449877 0.05 0.05
0 0.452267263986014 0.20820949883449877 0.05 0.05
0 0.6764805506993007 0.20820949883449877 0.05 0.05
0 0.7184385926573427 0.18023747086247088 0.05 0.05
0 0.7263057255244755 0.18723047785547778 0.05 0.05
0 0.5532288024475525 0.4686990093240093 0.05 0.05
0 0.5807637674825175 0.48618152680652676 0.05 0.05
0 0.5597847465034965 0.5176500582750584 0.05 0.05
0 0.3985085227272728 0.5351325757575758 0.05 0.05
0 0.39064138986013985 0.5001675407925408 0.05 0.05
0 0.14413789335664334 0.7064612470862471 0.05 0.05
0 0.31328125 0.7624053030303031 0.05 0.05
0 0.34737215909090907 0.7659018065268065 0.05 0.05
0 0.39588614510489506 0.7659018065268065 0.05 0.05
0 0.4417777534965035 0.7851325757575758 0.05 0.05
0 0.50078125 0.6784892191142191 0.05 0.05
0 0.6620574737762238 0.9302374708624709 0.05 0.05
0 0.7407288024475525 0.9669507575757577 0.05 0.05
0 0.5768302010489511 0.6679997086247087 0.05 0.05
0 0.7210609702797204 0.6068108974358974 0.05 0.05
0 0.8430015297202799 0.6872304778554779 0.05 0.05
0 0.9242952360139862 0.6907269813519814 0.05 0.05
0 0.9780539772727274 0.8428248834498836 0.05 0.05
