0 0.06556052063339732 0.4748100607805503 0.05 0.05
0 0.10778700815738965 0.5170365483045425 0.05 0.05
0 0.38513825575815747 0.7831913787587972 0.05 0.05
0 0.5415681981765836 0.7767934261036468 0.05 0.05
0 0.5876334572936661 0.7409648912348049 0.05 0.05
0 0.5079789467370441 0.5298324536148432 0.05 0.05
0 0.5530845129558541 0.5208753198976327 0.05 0.05
0 0.5636411348368523 0.4965630998080614 0.05 0.05
0 0.5434875839731287 0.46713251759436974 0.05 0.05
0 0.40433211372360855 0.5170365483045425 0.05 0.05
0 0.3899367202495202 0.49912228087012156 0.05 0.05
0 0.4187275071976968 0.4760896513115803 0.05 0.05
0 0.6797639755278312 0.6872220889315419 0.05 0.05
0 0.7536603286948178 0.7025771753039027 0.05 0.05
0 0.7431037068138197 0.7895893314139476 0.05 0.05
0 0.7987658949136278 0.6283609245041587 0.05 0.05
0 0.8908964131477927 0.6053282949456175 0.05 0.05
0 0.9408004438579655 0.761438339731286 0.05 0.05
0 0.7642169505758158 0.34173264555342286 0.05 0.05
0 0.7786123440499041 0.22912867882277677 0.05 0.05
0 0.8246776031669866 0.23168785988483678 0.05 0.05
0 0.6970384476967372 0.30718370121561095 0.05 0.05
0 0.4465586012476008 0.2048164587332053 0.05 0.05
0 0.2709348008637237 0.09605126359564929 0.05 0.05
0 0.2882092730326296 0.09093290147152899 0.05 0.05
0 0.2642169505758158 0.04358805182341641 0.05 0.05
0 0.3697831693857966 0.08453494881637873 0.05 0.05
0 0.4168081214011517 0.04230846129238633 0.05 0.05
0 0.3064434380998081 0.03719009916826614 0.05 0.05
