0 0.24946684411146158 0.23816048895899086 0.05 0.05
0 0.29994003023133536 0.23675845601121662 0.05 0.05
0 0.2936308819663511 0.27180927970557345 0.05 0.05
0 0.2547244676656151 0.2844275762355418 0.05 0.05
0 0.3409494939537328 0.30405603750438165 0.05 0.05
0 0.2063543309674027 0.4947325184016827 0.05 0.05
0 0.14536589773922187 0.4779081230283914 0.05 0.05
0 0.08753203864353314 0.4779081230283914 0.05 0.05
0 0.41140164957938996 0.5353914738871366 0.05 0.05
0 0.3966803036277601 0.5115569137749739 0.05 0.05
0 0.41560774842271286 0.48491828776726276 0.05 0.05
0 0.48711142875920066 0.6040910883280759 0.05 0.05
0 0.5039358241324919 0.5466077374693307 0.05 0.05
0 0.5533574855415351 0.5255772432527166 0.05 0.05
0 0.5649242573606728 0.501742683140554 0.05 0.05
0 0.5491513866982122 0.48071218892393996 0.05 0.05
0 0.7520956558885381 0.5760504293725905 0.05 0.05
0 0.8172901879600417 0.5900707588503331 0.05 0.05
0 0.8456813551524707 0.5536179022082022 0.05 0.05
0 0.8425267810199788 0.7485004819488259 0.05 0.05
0 0.8972060659831751 0.7765411409043115 0.05 0.05
0 0.8088779902733961 0.3825698825797409 0.05 0.05
0 0.8561966022607777 0.35593125657202973 0.05 0.05
0 0.8972060659831751 0.3377048282509642 0.05 0.05
0 0.2526214182439537 0.09795719418156364 0.05 0.05
0 0.22843634989484748 0.054494172800561104 0.05 0.05
0 0.27049733832807565 0.09515312828601499 0.05 0.05
0 0.2841671595688748 0.08533889765159515 0.05 0.05
0 0.30204307965299676 0.0909470294426922 0.05 0.05
0 0.33148577155625647 0.11337955660708067 0.05 0.05
0 0.3609284634595162 0.08954499649491794 0.05 0.05
0 0.36513456230283897 0.08253483175604662 0.05 0.05
0 0.6143459187697159 0.12319378724150051 0.05 0.05
0 0.6164489681913773 0.07832873291272383 0.05 0.05
