0 0.18255559908389588 0.5061847074895532 0.05 0.05
0 0.1970204013982642 0.4226102941176471 0.05 0.05
0 0.30020265790742523 0.7851946721311476 0.05 0.05
0 0.32527498191899706 0.7581937078109934 0.05 0.05
0 0.37059802917068463 0.7826231517197043 0.05 0.05
0 0.4506366019768563 0.6309034474445517 0.05 0.05
0 0.4448506810511089 0.5859018402442946 0.05 0.05
0 0.4033849144165863 0.5241853503696561 0.05 0.05
0 0.39567035318225646 0.5036131870781101 0.05 0.05
0 0.5113887716972034 0.5344714320154292 0.05 0.05
0 0.5489972577145612 0.4727549421407907 0.05 0.05
0 0.6348217514464802 0.5679011973641916 0.05 0.05
0 0.6319287909836065 0.7119063404050145 0.05 0.05
0 0.7505401699614271 0.3750371665059467 0.05 0.05
0 0.8035777784474446 0.36475108486017355 0.05 0.05
0 0.8354003435390549 0.3570365236258438 0.05 0.05
0 0.7495758498071359 0.2528899469623916 0.05 0.05
0 0.6917166405496624 0.25546146737383485 0.05 0.05
0 0.6946096010125362 0.18474465605914503 0.05 0.05
0 0.7495758498071359 0.18217313564770177 0.05 0.05
0 0.6001062258919961 0.18860193667630984 0.05 0.05
0 0.6145710282063644 0.17060129379620706 0.05 0.05
0 0.586605743731919 0.17188705400192864 0.05 0.05
0 0.3686693888621022 0.21303138058502094 0.05 0.05
0 0.4429220407425265 0.21431714079074263 0.05 0.05
0 0.3725266694792671 0.04073951301832217 0.05 0.05
0 0.38699147179363547 0.04459679363548699 0.05 0.05
0 0.33781114392478306 0.09988448248151727 0.05 0.05
0 0.3040599385245901 0.09474144165863076 0.05 0.05
0 0.22498568587270978 0.11274208453873354 0.05 0.05
0 0.18930584016393442 0.12045664577306331 0.05 0.05
0 0.20955656340405016 0.18345889585342334 0.05 0.05
0 0.24909368972999033 0.2040310591449695 0.05 0.05
