0 0.7632019688160677 0.11203532417195193 0.05 0.05
0 0.7743013345665963 0.10569282945736411 0.05 0.05
0 0.7980856897463002 0.29808183579985886 0.05 0.05
0 0.7727157108879494 0.7357139711064129 0.05 0.05
0 0.5332865354122622 0.5306399753347427 0.05 0.05
0 0.4444916094080339 0.6363482205778717 0.05 0.05
0 0.29702860729386893 0.7927964235377025 0.05 0.05
0 0.3969228990486259 0.48412834742776584 0.05 0.05
0 0.3874091569767442 0.5094983262861168 0.05 0.05
0 0.4635190935517971 0.5327541402396052 0.05 0.05
0 0.5507283958773785 0.46721502818886523 0.05 0.05
0 0.29702860729386893 0.26214103241719494 0.05 0.05
0 0.33825482293868925 0.2536843727977447 0.05 0.05
0 0.2098193049682875 0.247341878083157 0.05 0.05
0 0.23043241279069768 0.19660192036645513 0.05 0.05
0 0.247874273255814 0.19871608527131765 0.05 0.05
0 0.21299055232558137 0.167003611698379 0.05 0.05
0 0.23518928382663845 0.17546027131782924 0.05 0.05
0 0.246288649577167 0.1627752818886538 0.05 0.05
0 0.21774742336152214 0.11203532417195182 0.05 0.05
0 0.2669017573995772 0.17123194150810406 0.05 0.05
0 0.3128848440803383 0.156432787174066 0.05 0.05
0 0.33825482293868925 0.1500902924594783 0.05 0.05
0 0.4444916094080339 0.20294441508104283 0.05 0.05
0 0.4635190935517971 0.1902594256518673 0.05 0.05
0 0.45559097515856245 0.20928690979563053 0.05 0.05
0 0.33825482293868925 0.09089367512332605 0.05 0.05
0 0.344597317653277 0.076094520789288 0.05 0.05
0 0.2780011231501057 0.09089367512332605 0.05 0.05
0 0.28592924154334043 0.10146449964763894 0.05 0.05
0 0.29227173625792807 0.09300784002818858 0.05 0.05
0 0.35569668340380556 0.08877951021846352 0.05 0.05
0 0.3667960491543341 0.08032285059901317 0.05 0.05
