0 0.36784908369803054 0.09185129467541936 0.05 0.05
0 0.400671840809628 0.08966311086797939 0.05 0.05
0 0.31040925875273523 0.08966311086797939 0.05 0.05
0 0.2628162609409191 0.07872219183078026 0.05 0.05
0 0.238199193107221 0.1443677060539751 0.05 0.05
0 0.2792276394967178 0.13123860320933609 0.05 0.05
0 0.20865871170678338 0.16624954412837323 0.05 0.05
0 0.30220356947483584 0.17719046316557238 0.05 0.05
0 0.32353836159737415 0.13999133843909536 0.05 0.05
0 0.3432320158643326 0.16624954412837323 0.05 0.05
0 0.39082501367614875 0.2012604850474105 0.05 0.05
0 0.4499059764770242 0.2056368526622901 0.05 0.05
0 0.5483742478118162 0.2056368526622901 0.05 0.05
0 0.5697090399343546 0.2012604850474105 0.05 0.05
0 0.725617136214442 0.17937864697301223 0.05 0.05
0 0.727258274070022 0.2209541393143689 0.05 0.05
0 0.6927943791028447 0.2472123450036469 0.05 0.05
0 0.7797746854485778 0.1881313822027715 0.05 0.05
0 0.8224442696936544 0.18594319839533177 0.05 0.05
0 0.889730921772429 0.3522451677607584 0.05 0.05
0 0.8273676832603941 0.3631860867979576 0.05 0.05
0 0.8322910968271338 0.3960088439095549 0.05 0.05
0 0.7551576176148797 0.39819702771699483 0.05 0.05
0 0.7092057576586435 0.41351431436907354 0.05 0.05
0 0.5483742478118162 0.4660307257476294 0.05 0.05
0 0.4974989742888403 0.533864423778264 0.05 0.05
0 0.39574842724288845 0.5097944018964259 0.05 0.05
0 0.4055952543763676 0.5207353209336251 0.05 0.05
0 0.42036549507658644 0.6717200036469729 0.05 0.05
0 0.4728819064551423 0.732989150255288 0.05 0.05
0 0.3859016001094092 0.8051992159008025 0.05 0.05
0 0.31533267231947487 0.8292692377826404 0.05 0.05
0 0.2808687773522976 0.7964464806710432 0.05 0.05
0 0.17747709245076587 0.7898819292487236 0.05 0.05
0 0.17911823030634572 0.7373655178701678 0.05 0.05
0 0.11183157822757109 0.6607790846097737 0.05 0.05
0 0.11019044037199122 0.6082626732312181 0.05 0.05
0 0.060956304704595135 0.6564027169948943 0.05 0.05
0 0.029774685448577625 0.6695318198395331 0.05 0.05
0 0.100343613238512 0.433207968636032 0.05 0.05
0 0.1266018189277899 0.38069155725747617 0.05 0.05
0 0.13644864606126914 0.38506792487235575 0.05 0.05
0 0.16763026531728661 0.43977252005835143 0.05 0.05
