0 0.24311740221987313 0.10992115926708929 0.05 0.05
0 0.2748298757928119 0.10146449964763894 0.05 0.05
0 0.2843436178646934 0.09089367512332605 0.05 0.05
0 0.295442983615222 0.08666534531360087 0.05 0.05
0 0.33666919926004224 0.08877951021846352 0.05 0.05
0 0.35569668340380556 0.08877951021846352 0.05 0.05
0 0.23994615486257925 0.13740530303030288 0.05 0.05
0 0.2272611654334038 0.19448775546159247 0.05 0.05
0 0.27165862843551797 0.1923735905567298 0.05 0.05
0 0.30019985465116283 0.2600268675123324 0.05 0.05
0 0.33825482293868925 0.26214103241719494 0.05 0.05
0 0.4286353726215645 0.21140107470049305 0.05 0.05
0 0.466690340909091 0.20294441508104283 0.05 0.05
0 0.5998827299154335 0.167003611698379 0.05 0.05
0 0.7489313557082454 0.11837781888653964 0.05 0.05
0 0.7489313557082454 0.408018410852713 0.05 0.05
0 0.7790582056025371 0.38687676180408725 0.05 0.05
0 0.8567537658562369 0.408018410852713 0.05 0.05
0 0.9011512288583511 0.4249317300916137 0.05 0.05
0 0.7489313557082454 0.5517816243833684 0.05 0.05
0 0.6759926664904864 0.5264116455250175 0.05 0.05
0 0.6458658165961946 0.6469190451021845 0.05 0.05
0 0.5475571485200846 0.4608725334742774 0.05 0.05
0 0.2605592626849894 0.6046357470049329 0.05 0.05
0 0.1622505946088795 0.7251431465821 0.05 0.05
