0 0.18728918650793644 0.10024801587301582 0.05 0.05
0 0.2011780753968253 0.11612103174603164 0.05 0.05
0 0.19324156746031737 0.11083002645502636 0.05 0.05
0 0.2170510912698412 0.08966600529100527 0.05 0.05
0 0.3063368055555554 0.09495701058201055 0.05 0.05
0 0.3360987103174602 0.11612103174603164 0.05 0.05
0 0.30236855158730147 0.1690310846560846 0.05 0.05
0 0.30236855158730147 0.1981316137566137 0.05 0.05
0 0.44720982142857135 0.203422619047619 0.05 0.05
0 0.4610987103174602 0.2060681216931216 0.05 0.05
0 0.5364955357142855 0.21400462962962952 0.05 0.05
0 0.5702256944444443 0.09495701058201055 0.05 0.05
0 0.7845114087301586 0.4626818783068783 0.05 0.05
0 0.840066964285714 0.4468088624338625 0.05 0.05
0 0.7527653769841268 0.6346395502645502 0.05 0.05
0 0.5464161706349204 0.4732638888888888 0.05 0.05
0 0.5920510912698411 0.5023644179894179 0.05 0.05
0 0.5741939484126982 0.5367559523809523 0.05 0.05
0 0.5206225198412697 0.539401455026455 0.05 0.05
0 0.3956225198412698 0.5076554232804232 0.05 0.05
0 0.41546378968253955 0.5288194444444444 0.05 0.05
0 0.04244791666666663 0.5579199735449735 0.05 0.05
0 0.09205109126984123 0.5446924603174602 0.05 0.05
0 0.18332093253968249 0.7298776455026454 0.05 0.05
0 0.34205109126984123 0.7801421957671957 0.05 0.05
0 0.39760664682539676 0.7854332010582009 0.05 0.05
0 0.4333209325396824 0.7431051587301586 0.05 0.05
0 0.486892361111111 0.7060681216931216 0.05 0.05
0 0.5424479166666665 0.7219411375661374 0.05 0.05
