0 0.2569001311188811 0.06310460372960378 0.05 0.05
0 0.31197006118881115 0.08758012820512823 0.05 0.05
0 0.243788243006993 0.1645032051282051 0.05 0.05
0 0.2687008304195804 0.18023747086247088 0.05 0.05
0 0.22412041083916084 0.1942234848484849 0.05 0.05
0 0.24247705419580418 0.26590180652680645 0.05 0.05
0 0.2778791520979021 0.213454254079254 0.05 0.05
0 0.2988581730769231 0.276391317016317 0.05 0.05
0 0.32770432692307694 0.20471299533799533 0.05 0.05
0 0.36441761363636366 0.20995775058275054 0.05 0.05
0 0.38801901223776225 0.19247523310023312 0.05 0.05
0 0.44440013111888116 0.20296474358974356 0.05 0.05
0 0.153316215034965 0.51939831002331 0.05 0.05
0 0.15724978146853147 0.37604166666666666 0.05 0.05
0 0.3945749562937063 0.5106570512820513 0.05 0.05
0 0.40899803321678324 0.51939831002331 0.05 0.05
0 0.5571623688811189 0.5246430652680654 0.05 0.05
0 0.5728966346153846 0.49667103729603734 0.05 0.05
0 0.5479840472027973 0.4704472610722611 0.05 0.05
0 0.3185260052447553 0.7519157925407925 0.05 0.05
0 0.34868334790209793 0.7763913170163171 0.05 0.05
0 0.41162041083916084 0.7431745337995339 0.05 0.05
0 0.43653299825174824 0.7693983100233102 0.05 0.05
0 0.4653791520979021 0.7991185897435897 0.05 0.05
0 0.5256938374125875 0.7449227855477856 0.05 0.05
0 0.5571623688811189 0.6382794289044289 0.05 0.05
0 0.7040155157342658 0.8725451631701632 0.05 0.05
0 0.7826868444055946 0.7676500582750584 0.05 0.05
0 0.793176354895105 0.30611159673659666 0.05 0.05
0 0.8285784527972029 0.3585591491841491 0.05 0.05
0 0.862669361888112 0.30611159673659666 0.05 0.05
0 0.6358336975524476 0.09632138694638688 0.05 0.05
