0 0.03285275368033654 0.5409996056782337 0.05 0.05
0 0.09068661277602526 0.5522158692604279 0.05 0.05
0 0.17375706493165088 0.4456613652295831 0.05 0.05
0 0.290476307833859 0.26199504907115345 0.05 0.05
0 0.24420922055730804 0.24657268664563645 0.05 0.05
0 0.17796316377497368 0.29424180686996165 0.05 0.05
0 0.3598769387486855 0.3769617507886437 0.05 0.05
0 0.37670133412197676 0.29424180686996165 0.05 0.05
0 0.41771079784437426 0.31106620224325304 0.05 0.05
0 0.5102449723974762 0.5381955397826851 0.05 0.05
0 0.3977318283385908 0.5059487819838768 0.05 0.05
0 0.41140164957938996 0.5255772432527166 0.05 0.05
0 0.37354675998948467 0.4134146074307748 0.05 0.05
0 0.5480998619873815 0.5227731773571681 0.05 0.05
0 0.5691303562039957 0.501742683140554 0.05 0.05
0 0.5333785160357516 0.47089795828951997 0.05 0.05
0 0.22948787460567818 0.7078415264633721 0.05 0.05
0 0.33674339511041 0.7933655362776028 0.05 0.05
0 0.40824707544689787 0.8228082281808624 0.05 0.05
0 0.4345351932176655 0.7807472397476343 0.05 0.05
0 0.6900556979495265 0.8915078426218018 0.05 0.05
0 0.7741776748159828 0.7821492726954085 0.05 0.05
0 0.6259126905888536 0.2928397739221874 0.05 0.05
0 0.6490462342271291 0.3236844987732214 0.05 0.05
0 0.692158747371188 0.3377048282509642 0.05 0.05
0 0.6858495991062037 0.31106620224325304 0.05 0.05
0 0.6795404508412195 0.22554219242902238 0.05 0.05
0 0.6932102720820187 0.20591373116018255 0.05 0.05
0 0.6942617967928494 0.187687302839117 0.05 0.05
0 0.7194983898527862 0.17647103925692278 0.05 0.05
0 0.7573532794426916 0.15263647914476028 0.05 0.05
0 0.7931051196109355 0.21011983000350534 0.05 0.05
0 0.7962596937434276 0.2451706536978622 0.05 0.05
0 0.8456813551524707 0.249376752541185 0.05 0.05
0 0.34831016692954775 0.19329543463021417 0.05 0.05
0 0.37670133412197676 0.17787307220469703 0.05 0.05
0 0.45346263801261816 0.19609950052576272 0.05 0.05
0 0.35041321635120914 0.12599785313704903 0.05 0.05
0 0.33043424684542577 0.12599785313704903 0.05 0.05
0 0.28732173370136693 0.09655516123378938 0.05 0.05
0 0.27575496188222914 0.09655516123378938 0.05 0.05
0 0.23579702287066243 0.07272060112162677 0.05 0.05
0 0.22423025105152466 0.04748400806168978 0.05 0.05
0 0.2063543309674027 0.05589620574833549 0.05 0.05
