0 0.26690175739957717 0.10357866455250159 0.05 0.05
0 0.27007300475687107 0.08666534531360087 0.05 0.05
0 0.2843436178646934 0.08455118040873835 0.05 0.05
0 0.30178547832980973 0.08877951021846352 0.05 0.05
0 0.33508357558139534 0.08877951021846352 0.05 0.05
0 0.35252543604651165 0.08455118040873835 0.05 0.05
0 0.2938573599365751 0.1923735905567298 0.05 0.05
0 0.3097135967230444 0.1923735905567298 0.05 0.05
0 0.466690340909091 0.1860310958421421 0.05 0.05
0 0.3826522859408034 0.35727845313601114 0.05 0.05
0 0.22091867071881605 0.42281756518675107 0.05 0.05
0 0.25421676797040166 0.30865266032417177 0.05 0.05
0 0.2684873810782241 0.43973088442565167 0.05 0.05
0 0.3319123282241015 0.4460733791402395 0.05 0.05
0 0.5491427721987316 0.46932919309372784 0.05 0.05
0 0.17017871300211415 0.46721502818886523 0.05 0.05
0 0.17810683139534883 0.48412834742776584 0.05 0.05
0 0.14322311046511624 0.6194349013389711 0.05 0.05
0 0.1622505946088795 0.6574898696264974 0.05 0.05
0 0.1939630681818182 0.7441706307258632 0.05 0.05
0 0.2795867468287526 0.7547414552501761 0.05 0.05
0 0.7378319899577168 0.17334610641296672 0.05 0.05
0 0.7473457320295983 0.167003611698379 0.05 0.05
0 0.7917431950317125 0.1627752818886538 0.05 0.05
0 0.7980856897463002 0.156432787174066 0.05 0.05
0 0.4064366411205074 0.046496212121211876 0.05 0.05
