0 0.2367749075052854 0.0760945207892881 0.05 0.05
0 0.27007300475687107 0.08455118040873835 0.05 0.05
0 0.2891004889006343 0.08666534531360087 0.05 0.05
0 0.34301169397463005 0.09300784002818858 0.05 0.05
0 0.35569668340380556 0.09300784002818858 0.05 0.05
0 0.3303267045454546 0.3847625968992247 0.05 0.05
0 0.27324425211416487 0.3953334214235376 0.05 0.05
0 0.2082336812896406 0.33190847427766007 0.05 0.05
0 0.16542184196617332 0.32768014446793503 0.05 0.05
0 0.10041127114164902 0.623663231148696 0.05 0.05
0 0.1448087341437632 0.6384623854827342 0.05 0.05
0 0.20347681025369982 0.7378281360112754 0.05 0.05
0 0.295442983615222 0.7462847956307257 0.05 0.05
0 0.5412146538054969 0.46932919309372784 0.05 0.05
0 0.6553795586680762 0.3488217935165608 0.05 0.05
0 0.7235613768498944 0.33190847427766007 0.05 0.05
0 0.7790582056025371 0.09300784002818858 0.05 0.05
0 0.7378319899577168 0.5729232734319942 0.05 0.05
0 0.8218700449260042 0.5517816243833684 0.05 0.05
0 0.8646818842494716 0.6638323643410852 0.05 0.05
0 0.7774725819238902 0.6553757047216349 0.05 0.05
0 0.6855064085623679 0.8223947322057785 0.05 0.05
