0 0.1101241658110883 0.5270512491444214 0.05 0.05
0 0.18712621919917866 0.5284201745379877 0.05 0.05
0 0.31032950462012326 0.8076809548254621 0.05 0.05
0 0.5023212910677619 0.5927596680355921 0.05 0.05
0 0.44277303644763866 0.5229444729637236 0.05 0.05
0 0.5012945970225873 0.5325269507186859 0.05 0.05
0 0.5474958290554415 0.5174687713894593 0.05 0.05
0 0.5628962397330597 0.49967274127310063 0.05 0.05
0 0.5485225231006161 0.4668185318275154 0.05 0.05
0 0.6183377181724847 0.6228760266940453 0.05 0.05
0 0.6624855621149898 0.5954975188227242 0.05 0.05
0 0.6583787859342917 0.5804393394934977 0.05 0.05
0 0.7569414142710473 0.2012470054757016 0.05 0.05
0 0.7477011678644765 0.13553858658453113 0.05 0.05
0 0.23743422741273107 0.28475145448323075 0.05 0.05
0 0.29698248203285427 0.28475145448323075 0.05 0.05
0 0.31546297484599595 0.2614797227926078 0.05 0.05
0 0.28363545944558527 0.2806446783025324 0.05 0.05
0 0.2785019892197126 0.22725658795345657 0.05 0.05
0 0.33497016170431215 0.21082948323066392 0.05 0.05
0 0.3113561986652978 0.186188826146475 0.05 0.05
0 0.3534506545174539 0.17523742299794662 0.05 0.05
0 0.3739845354209447 0.1615481690622861 0.05 0.05
0 0.4448264245379877 0.21356733401779604 0.05 0.05
0 0.4520132828542095 0.20261593086926766 0.05 0.05
0 0.5557093814168379 0.1971402292950034 0.05 0.05
0 0.6121775539014375 0.06709231690622867 0.05 0.05
0 0.6306580467145791 0.06709231690622867 0.05 0.05
0 0.27644860112936354 0.08762619780971939 0.05 0.05
0 0.29698248203285427 0.09036404859685139 0.05 0.05
0 0.40991882700205345 0.054771988364134216 0.05 0.05
