0 0.20030556289640594 0.09935033474277652 0.05 0.05
0 0.23043241279069768 0.08877951021846352 0.05 0.05
0 0.2748298757928119 0.09512200493305123 0.05 0.05
0 0.2843436178646934 0.09512200493305123 0.05 0.05
0 0.29227173625792807 0.09300784002818858 0.05 0.05
0 0.33825482293868925 0.09723616983791387 0.05 0.05
0 0.3477685650105709 0.09300784002818858 0.05 0.05
0 0.6062252246300213 0.11203532417195182 0.05 0.05
0 0.7156332584566597 0.3044243305144466 0.05 0.05
0 0.3311993387372013 0.16742391922639352 0.05 0.05
0 0.46046555034129694 0.18619525028441403 0.05 0.05
0 0.2851242534129692 0.16742391922639352 0.05 0.05
0 0.2876839803754266 0.21349900455062557 0.05 0.05
0 0.20449285409556306 0.2220314277588167 0.05 0.05
0 0.21345189846416374 0.2629870591581341 0.05 0.05
0 0.26080684726962444 0.2578676052332194 0.05 0.05
0 0.3068819325938566 0.3210075369738338 0.05 0.05
0 0.3043222056313992 0.42680958475540376 0.05 0.05
0 0.2518478029010238 0.4387549772468713 0.05 0.05
0 0.33984044661733626 0.805481412966878 0.05 0.05
0 0.5919546115221987 0.8794771846370683 0.05 0.05
0 0.804428184460888 0.8139380725863283 0.05 0.05
0 0.8932231104651164 0.780111434108527 0.05 0.05
0 0.9201787130021144 0.7103439922480619 0.05 0.05
0 0.9439630681818183 0.6828598484848484 0.05 0.05
0 0.6966057743128965 0.6596040345313601 0.05 0.05
0 0.5443859011627907 0.46721502818886523 0.05 0.05
0 0.28698343579234975 0.41178847905282334 0.05 0.05
