0 0.1907918208245243 0.042267882311486815 0.05 0.05
0 0.2748298757928119 0.09300784002818858 0.05 0.05
0 0.2843436178646934 0.09300784002818858 0.05 0.05
0 0.30495672568710364 0.09300784002818858 0.05 0.05
0 0.33984044661733626 0.09089367512332605 0.05 0.05
0 0.344597317653277 0.0824370155038757 0.05 0.05
0 0.34142607029598315 0.2304285588442563 0.05 0.05
0 0.29702860729386893 0.26848352713178275 0.05 0.05
0 0.2811723705073996 0.24945604298801954 0.05 0.05
0 0.43973473837209304 0.20928690979563053 0.05 0.05
0 0.4444916094080339 0.19660192036645513 0.05 0.05
0 0.5745127510570825 0.13740530303030288 0.05 0.05
0 0.63793769820296 0.13106280831571507 0.05 0.05
0 0.6728214191331925 0.21774356941508088 0.05 0.05
0 0.612567719344609 0.22620022903453124 0.05 0.05
0 0.8329694106765329 0.17546027131782924 0.05 0.05
0 0.8852949920718818 0.2769401867512331 0.05 0.05
0 0.878952497357294 0.448187544045102 0.05 0.05
0 0.9629905523255815 0.925988812544045 0.05 0.05
0 0.6252527087737845 0.9048471634954193 0.05 0.05
0 0.5221871696617336 0.8815913495419309 0.05 0.05
0 0.295442983615222 0.8075955778717406 0.05 0.05
0 0.1907918208245243 0.7272573114869625 0.05 0.05
0 0.1368806157505285 0.7378281360112754 0.05 0.05
0 0.025886958245243098 0.699773167723749 0.05 0.05
0 0.14322311046511624 0.5602382840028188 0.05 0.05
0 0.27641549947145877 0.42281756518675107 0.05 0.05
0 0.27007300475687107 0.49469917195207874 0.05 0.05
0 0.32398420983086684 0.49469917195207874 0.05 0.05
0 0.35252543604651165 0.48412834742776584 0.05 0.05
0 0.46034784619450325 0.5348683051444678 0.05 0.05
0 0.5158446749471459 0.5644666138125439 0.05 0.05
0 0.5967114825581395 0.4820141825229033 0.05 0.05
0 0.5459715248414377 0.47355752290345293 0.05 0.05
