0 0.4525652422854387 0.20788833976213444 0.05 0.05
0 0.32238202145612344 0.19760225811636142 0.05 0.05
0 0.290559456364513 0.19503073770491805 0.05 0.05
0 0.2529509703471552 0.198888018322083 0.05 0.05
0 0.19123448047251684 0.10759904371584703 0.05 0.05
0 0.2886308160559306 0.09602720186435233 0.05 0.05
0 0.30984585945033755 0.09859872227579558 0.05 0.05
0 0.34166842454194796 0.10374176309868209 0.05 0.05
0 0.3657764283992285 0.04716831404693025 0.05 0.05
0 0.4101351554966248 0.06002591610414664 0.05 0.05
0 0.39759899349083894 0.5061847074895532 0.05 0.05
0 0.4101351554966248 0.5267568707810993 0.05 0.05
0 0.5084958112343297 0.5434717534554806 0.05 0.05
0 0.5509258980231436 0.4727549421407907 0.05 0.05
0 0.5962489452748312 0.513899268723883 0.05 0.05
0 0.7264321661041466 0.542185993249759 0.05 0.05
0 0.822864181533269 0.5781872790099647 0.05 0.05
0 0.8797590706364513 0.5820445596271296 0.05 0.05
0 0.9318323589681775 0.9754871825779492 0.05 0.05
0 0.39277739271938283 0.7517649067823852 0.05 0.05
0 0.44195772058823524 0.6579044117647059 0.05 0.05
0 0.3165961005303761 0.7620509884281581 0.05 0.05
0 0.2587368912729026 0.745336105753777 0.05 0.05
0 0.8209355412246866 0.39689509000321443 0.05 0.05
0 0.7505401699614271 0.3827517277402765 0.05 0.05
0 0.7601833715043395 0.22331746223079396 0.05 0.05
0 0.7852556955159112 0.21431714079074263 0.05 0.05
0 0.7977918575216971 0.20145953873352623 0.05 0.05
