0 0.18840121161228404 0.6245221529110686 0.05 0.05
0 0.21719199856046068 0.44665906909788866 0.05 0.05
0 0.23446647072936666 0.7665567018554064 0.05 0.05
0 0.49454324616122847 0.6258017434420985 0.05 0.05
0 0.4148887356046066 0.5311120441458733 0.05 0.05
0 0.4024127279270634 0.505520233525272 0.05 0.05
0 0.4168081214011517 0.4786488323736405 0.05 0.05
0 0.5022207893474089 0.5375099968010237 0.05 0.05
0 0.5521248200575817 0.5208753198976327 0.05 0.05
0 0.5741977567178503 0.5004018714011517 0.05 0.05
0 0.5463666626679463 0.46329374600127954 0.05 0.05
0 0.7728541866602687 0.5733385316698656 0.05 0.05
0 0.8265969889635316 0.5733385316698656 0.05 0.05
0 0.7162323056621882 0.3660448656429942 0.05 0.05
0 0.7642169505758158 0.3724428182981446 0.05 0.05
0 0.8016449736084453 0.18178382917466404 0.05 0.05
0 0.8256372960652592 0.17666546705054376 0.05 0.05
0 0.42448566458733217 0.28543066218809976 0.05 0.05
0 0.44751829414587335 0.20865523032629554 0.05 0.05
0 0.33523422504798467 0.23936540307101725 0.05 0.05
0 0.3035643594049905 0.23936540307101725 0.05 0.05
0 0.2910883517274473 0.14851447536788218 0.05 0.05
0 0.2718944937619962 0.09733085412667937 0.05 0.05
0 0.2603781789827256 0.09733085412667937 0.05 0.05
0 0.23158739203454898 0.09989003518873953 0.05 0.05
0 0.1826430542226488 0.13187979846449133 0.05 0.05
0 0.18552213291746647 0.04230846129238633 0.05 0.05
0 0.23542616362763918 0.03974928023032618 0.05 0.05
0 0.28724958013435703 0.09349208253358915 0.05 0.05
0 0.2987658949136277 0.09349208253358915 0.05 0.05
0 0.31412098128598853 0.07941658669225843 0.05 0.05
0 0.33043576055662194 0.07301863403710804 0.05 0.05
0 0.3534683901151632 0.08197576775431857 0.05 0.05
0 0.3678637835892514 0.08325535828534865 0.05 0.05
0 0.5837946857005759 0.0704594529750479 0.05 0.05
