0 0.2359211101398601 0.1365311771561772 0.05 0.05
0 0.3145924388111888 0.09107663170163166 0.05 0.05
0 0.340816215034965 0.07883886946386945 0.05 0.05
0 0.34606097027972027 0.08233537296037288 0.05 0.05
0 0.4417777534965035 0.213454254079254 0.05 0.05
0 0.4548896416083917 0.20995775058275054 0.05 0.05
0 0.21363090034965032 0.3795381701631702 0.05 0.05
0 0.053665865384615374 0.5316360722610723 0.05 0.05
0 0.14151551573426574 0.512405303030303 0.05 0.05
0 0.2818127185314685 0.3742934149184149 0.05 0.05
0 0.410309222027972 0.5281395687645688 0.05 0.05
0 0.39064138986013985 0.5036640442890443 0.05 0.05
0 0.452267263986014 0.5298878205128206 0.05 0.05
0 0.28443509615384616 0.7589087995337995 0.05 0.05
0 0.2057637674825175 0.8340836247086247 0.05 0.05
0 0.3067253059440559 0.804363344988345 0.05 0.05
0 0.35655048076923074 0.7693983100233102 0.05 0.05
0 0.4063756555944056 0.7624053030303031 0.05 0.05
0 0.424732298951049 0.7431745337995339 0.05 0.05
0 0.4339106206293707 0.8096081002331004 0.05 0.05
0 0.5479840472027973 0.902265442890443 0.05 0.05
0 0.5715854458041958 0.631286421911422 0.05 0.05
0 0.5191378933566434 0.5526150932400932 0.05 0.05
0 0.5689630681818183 0.5176500582750584 0.05 0.05
0 0.5925644667832168 0.49142628205128214 0.05 0.05
0 0.5492952360139861 0.4634542540792541 0.05 0.05
0 0.6174770541958042 0.9756920163170164 0.05 0.05
0 0.890204326923077 0.825342365967366 0.05 0.05
0 0.6279665646853148 0.12429341491841489 0.05 0.05
0 0.6384560751748253 0.11380390442890445 0.05 0.05
0 0.730239291958042 0.12778991841491844 0.05 0.05
0 0.7472847465034965 0.19597173659673656 0.05 0.05
0 0.7853092220279722 0.20995775058275054 0.05 0.05
0 0.8220225087412588 0.1994682400932401 0.05 0.05
0 0.7197497814685315 0.12604166666666666 0.05 0.05
