0 0.4235259716890596 0.2687959852847089 0.05 0.05
0 0.45615553023032634 0.2649572136916187 0.05 0.05
0 0.1960787547984645 0.30718370121561095 0.05 0.05
0 0.24310370681381963 0.2867102527191298 0.05 0.05
0 0.2814914227447217 0.30206533909149064 0.05 0.05
0 0.2085547624760077 0.1382777511196417 0.05 0.05
0 0.21623230566218812 0.11140634996801022 0.05 0.05
0 0.19895783349328217 0.11140634996801022 0.05 0.05
0 0.18552213291746647 0.0704594529750479 0.05 0.05
0 0.30740313099808064 0.09605126359564929 0.05 0.05
0 0.34003268953934745 0.10244921625079968 0.05 0.05
0 0.34003268953934745 0.03846968969929622 0.05 0.05
0 0.6720864323416508 0.14723488483685213 0.05 0.05
0 0.6663282749520154 0.10884716890595006 0.05 0.05
0 0.7450230926103647 0.16258997120921304 0.05 0.05
0 0.7651766434740884 0.4645733365323096 0.05 0.05
0 0.5319712691938581 0.47097128918746 0.05 0.05
0 0.5050998680422266 0.5439079494561739 0.05 0.05
0 0.40625149952015366 0.525993682021753 0.05 0.05
0 0.41296934980806144 0.4863263755598208 0.05 0.05
0 0.3937754918426104 0.5029610524632118 0.05 0.05
0 0.22870831333973132 0.4223468490083173 0.05 0.05
0 0.17400581813819582 0.42874480166346773 0.05 0.05
0 0.0761171425143954 0.5490263115802942 0.05 0.05
0 0.02429372600767755 0.5426283589251439 0.05 0.05
0 0.1644088891554703 0.7384057101727447 0.05 0.05
0 0.19991752639155475 0.7268893953934741 0.05 0.05
