0 0.20471599088291753 0.48376719449776073 0.05 0.05
0 0.2622975647792707 0.38907749520153545 0.05 0.05
0 0.2882092730326296 0.39419585732565576 0.05 0.05
0 0.222950155950096 0.7537607965451055 0.05 0.05
0 0.4024127279270634 0.5285528630838132 0.05 0.05
0 0.3966545705374281 0.5029610524632118 0.05 0.05
0 0.4254453574856047 0.4760896513115803 0.05 0.05
0 0.5060595609404991 0.5336712252079335 0.05 0.05
0 0.5444472768714013 0.5234345009596929 0.05 0.05
0 0.5617217490403072 0.4863263755598208 0.05 0.05
0 0.5434875839731287 0.47225087971849006 0.05 0.05
0 0.20663537667946258 0.13060020793346125 0.05 0.05
0 0.1960787547984645 0.09989003518873953 0.05 0.05
0 0.21431291986564305 0.09605126359564929 0.05 0.05
0 0.24118432101727452 0.09989003518873953 0.05 0.05
0 0.2517409428982726 0.08709412987843888 0.05 0.05
0 0.29972558781190023 0.09989003518873953 0.05 0.05
0 0.34195207533589256 0.09733085412667937 0.05 0.05
0 0.36018624040307107 0.08837372040946896 0.05 0.05
0 0.4484779870441459 0.20865523032629554 0.05 0.05
0 0.5626814419385797 0.1126859404990403 0.05 0.05
0 0.7200710772552784 0.15107365642994233 0.05 0.05
0 0.7296680062380039 0.17666546705054376 0.05 0.05
