0 0.03676973368522072 0.6616302783109407 0.05 0.05
0 0.17112673944337814 0.7550403870761356 0.05 0.05
0 0.2786123440499041 0.7563199776071657 0.05 0.05
0 0.2450230926103647 0.38523872360844535 0.05 0.05
0 0.30740313099808064 0.3698836372360844 0.05 0.05
0 0.3976142634357006 0.5093590051183622 0.05 0.05
0 0.4100902711132438 0.5234345009596929 0.05 0.05
0 0.413929042706334 0.48376719449776073 0.05 0.05
0 0.5089386396353167 0.5400691778630837 0.05 0.05
0 0.5511651271593091 0.5234345009596929 0.05 0.05
0 0.5636411348368523 0.49784269033909145 0.05 0.05
0 0.5348503478886757 0.4658529270633397 0.05 0.05
0 0.6874415187140116 0.761438339731286 0.05 0.05
0 0.6221824016314781 0.8650851727447217 0.05 0.05
0 0.7786123440499041 0.762717930262316 0.05 0.05
0 0.9129693498080614 0.7192118522072938 0.05 0.05
0 0.823717910268714 0.35452855086372353 0.05 0.05
0 0.7555797144913629 0.3826795425463852 0.05 0.05
0 0.7095144553742803 0.1907409628918746 0.05 0.05
0 0.7114338411708254 0.2687959852847089 0.05 0.05
0 0.6720864323416508 0.1126859404990403 0.05 0.05
0 0.8342745321497121 0.1651491522712732 0.05 0.05
0 0.32755668186180426 0.20993482085732562 0.05 0.05
0 0.29972558781190023 0.26751639475367883 0.05 0.05
0 0.30164497360844533 0.2112144113883557 0.05 0.05
0 0.4446392154510558 0.2112144113883557 0.05 0.05
0 0.3477102327255279 0.09989003518873953 0.05 0.05
0 0.3083628238963532 0.09093290147152899 0.05 0.05
0 0.35634746880998086 0.0858145393474088 0.05 0.05
0 0.24790217130518238 0.10244921625079968 0.05 0.05
0 0.23062769913627643 0.1062879878438899 0.05 0.05
