0 0.27644860112936354 0.5722257871321011 0.05 0.05
0 0.27644860112936354 0.4353332477754963 0.05 0.05
0 0.3247032212525668 0.5133619952087611 0.05 0.05
0 0.4489332007186859 0.533895876112252 0.05 0.05
0 0.5084814553388092 0.5421094284736482 0.05 0.05
0 0.4910276565708419 0.5913907426420261 0.05 0.05
0 0.47665393993839844 0.6105556981519508 0.05 0.05
0 0.5495492171457906 0.4764010095824778 0.05 0.05
0 0.3739845354209447 0.8145255817932924 0.05 0.05
0 0.10499069558521561 0.5147309206023272 0.05 0.05
0 0.10499069558521561 0.48461456194387414 0.05 0.05
0 0.03825558264887065 0.4969348904859686 0.05 0.05
0 0.007454761293634505 0.4969348904859686 0.05 0.05
0 0.17069911447638608 0.32992599247091037 0.05 0.05
0 0.1984198536960986 0.20672270704996573 0.05 0.05
0 0.22306051078028752 0.18481990075290894 0.05 0.05
0 0.2569414142710473 0.20946055783709785 0.05 0.05
0 0.29698248203285427 0.1971402292950034 0.05 0.05
0 0.2815820713552362 0.1013154517453799 0.05 0.05
0 0.29698248203285427 0.09036404859685139 0.05 0.05
0 0.18917960728952776 0.08351942162902119 0.05 0.05
0 0.19739315965092405 0.03697595824777551 0.05 0.05
0 0.6368182109856264 0.17113064681724843 0.05 0.05
0 0.5936970610882958 0.1013154517453799 0.05 0.05
0 0.5978038372689939 0.09173297399041758 0.05 0.05
0 0.5536559933264888 0.18481990075290894 0.05 0.05
0 0.45714675308008224 0.2039848562628336 0.05 0.05
0 0.437639566221766 0.21630518480492805 0.05 0.05
0 0.8667976771047229 0.4490225017111567 0.05 0.05
0 0.7240872048254621 0.3655180527036277 0.05 0.05
0 0.6912329953798768 0.26969327515400415 0.05 0.05
0 0.6748058906570843 0.30528533538672137 0.05 0.05
0 0.719980428644764 0.25874187200547566 0.05 0.05
