0 0.22408991807610992 0.23465688865398146 0.05 0.05
0 0.23360366014799155 0.21140107470049305 0.05 0.05
0 0.24153177854122623 0.23254272374911883 0.05 0.05
0 0.2589736390063425 0.22197189922480595 0.05 0.05
0 0.30495672568710364 0.17968860112755441 0.05 0.05
0 0.33666919926004224 0.17968860112755441 0.05 0.05
0 0.3081279730443975 0.22408606412966858 0.05 0.05
0 0.27324425211416487 0.08877951021846352 0.05 0.05
0 0.2843436178646934 0.09300784002818858 0.05 0.05
0 0.295442983615222 0.09512200493305123 0.05 0.05
0 0.33508357558139534 0.08666534531360087 0.05 0.05
0 0.35886793076109946 0.08666534531360087 0.05 0.05
0 0.18762057346723043 0.076094520789288 0.05 0.05
0 0.6093964719873151 0.21774356941508088 0.05 0.05
0 0.6411089455602538 0.20505857998590535 0.05 0.05
0 0.5507283958773785 0.46932919309372784 0.05 0.05
0 0.7695444635306554 0.8498788759689921 0.05 0.05
0 0.8060138081395349 0.8625638653981677 0.05 0.05
0 0.17017871300211415 0.6744031888653981 0.05 0.05
0 0.16700746564482027 0.39321925651867495 0.05 0.05
0 0.008445097780126809 0.7885680937279774 0.05 0.05
0 0.20347681025369982 0.739942300916138 0.05 0.05
0 0.2875148652219873 0.7441706307258632 0.05 0.05
