0 0.20109670741324917 0.38116784963196665 0.05 0.05
0 0.08963508806519456 0.646152076761304 0.05 0.05
0 0.038110377234490046 0.646152076761304 0.05 0.05
0 0.04652257492113567 0.5634321328426221 0.05 0.05
0 0.009719210042061045 0.5732463634770419 0.05 0.05
0 0.010770734752891743 0.846642788293025 0.05 0.05
0 0.32307357386961083 0.7597167455310202 0.05 0.05
0 0.3535677904837013 0.8270143270241852 0.05 0.05
0 0.44084434148264967 0.76953097616544 0.05 0.05
0 0.7804868230809672 0.6783988345601124 0.05 0.05
0 0.8530420281282858 0.6643785050823696 0.05 0.05
0 0.5533574855415351 0.5283813091482652 0.05 0.05
0 0.5617696832281807 0.5003406501927797 0.05 0.05
0 0.542842238433228 0.4779081230283914 0.05 0.05
0 0.49867820057833845 0.5297833420960394 0.05 0.05
0 0.41035012486855926 0.5297833420960394 0.05 0.05
0 0.3998348777602523 0.5115569137749739 0.05 0.05
0 0.7331682110935854 0.4582796617595516 0.05 0.05
0 0.45661721214511025 0.2003055993690855 0.05 0.05
0 0.5649242573606728 0.18908933578689138 0.05 0.05
0 0.32412509858044153 0.07832873291272383 0.05 0.05
0 0.27890953601472124 0.09935922712933791 0.05 0.05
0 0.28837325841219763 0.06991653522607813 0.05 0.05
0 0.2915278325446897 0.08954499649491794 0.05 0.05
0 0.21897262749737118 0.06991653522607813 0.05 0.05
0 0.19163298501577283 0.05028807395723831 0.05 0.05
0 0.3073007032071503 0.11898768839817772 0.05 0.05
