0 0.33811330374280224 0.16642874280230338 0.05 0.05
0 0.28916896593090213 0.20097768714011507 0.05 0.05
0 0.21719199856046068 0.1907409628918746 0.05 0.05
0 0.19319967610364688 0.16003079014715288 0.05 0.05
0 0.1884012116122841 0.13571857005758153 0.05 0.05
0 0.2027966050863724 0.09861044465770945 0.05 0.05
0 0.23158739203454898 0.13571857005758153 0.05 0.05
0 0.3006852807101728 0.09605126359564929 0.05 0.05
0 0.3112419025911709 0.09733085412667937 0.05 0.05
0 0.34387146113243766 0.08709412987843888 0.05 0.05
0 0.2642169505758158 0.3148612444017914 0.05 0.05
0 0.17592520393474093 0.35836732245681374 0.05 0.05
0 0.29492712332053744 0.32381837811900194 0.05 0.05
0 0.1903205974088292 0.7320077575175944 0.05 0.05
0 0.21239353406909794 0.7153730806142035 0.05 0.05
0 0.38609794865643005 0.5080794145873321 0.05 0.05
0 0.40817088531669865 0.5144773672424824 0.05 0.05
0 0.413929042706334 0.47736924184261037 0.05 0.05
0 0.49646263195777357 0.5170365483045425 0.05 0.05
0 0.5502054342610365 0.46841210812539985 0.05 0.05
0 0.7248695417466411 0.45945497440818944 0.05 0.05
0 0.7536603286948178 0.454336612284069 0.05 0.05
0 0.7651766434740884 0.6590710972488804 0.05 0.05
0 0.8122015954894433 0.7064159468969929 0.05 0.05
0 0.7757332653550864 0.7908689219449776 0.05 0.05
0 0.7287083133397314 0.8266974568138197 0.05 0.05
0 0.6087467010556622 0.743524072296865 0.05 0.05
0 0.9216065858925144 0.868923944337812 0.05 0.05
0 0.9830269313819577 0.9265055182341652 0.05 0.05
0 0.6730461252399234 0.1894613723608445 0.05 0.05
0 0.6327390235124761 0.1792246481126039 0.05 0.05
0 0.6327390235124761 0.12036348368522075 0.05 0.05
0 0.669207353646833 0.1280410268714011 0.05 0.05
0 0.4484779870441459 0.20993482085732562 0.05 0.05
0 0.3966545705374281 0.18306341970569412 0.05 0.05
