0 0.13465840930902112 0.4172284868841973 0.05 0.05
0 0.05500389875239925 0.8202995041586693 0.05 0.05
0 0.2795720369481766 0.4095509436980166 0.05 0.05
0 0.32371791026871405 0.31102247280870116 0.05 0.05
0 0.38417856285988494 0.31614083493282147 0.05 0.05
0 0.4004933421305183 0.506799824056302 0.05 0.05
0 0.40817088531669865 0.525993682021753 0.05 0.05
0 0.4187275071976968 0.48376719449776073 0.05 0.05
0 0.4408004438579655 0.5323916346769034 0.05 0.05
0 0.504140175143954 0.5336712252079335 0.05 0.05
0 0.5492457413627639 0.525993682021753 0.05 0.05
0 0.5559635916506719 0.4914447376839411 0.05 0.05
0 0.5271728047024953 0.46713251759436974 0.05 0.05
0 0.4436795225527832 0.21249400191938578 0.05 0.05
0 0.27477357245681383 0.20097768714011507 0.05 0.05
0 0.22199046305182346 0.22273072616762637 0.05 0.05
0 0.2661363363723609 0.13571857005758153 0.05 0.05
0 0.24310370681381963 0.12420225527831086 0.05 0.05
0 0.21431291986564305 0.1062879878438899 0.05 0.05
0 0.2469424784069098 0.09221249200255907 0.05 0.05
0 0.2622975647792707 0.057663547664747246 0.05 0.05
0 0.2920480446257198 0.057663547664747246 0.05 0.05
0 0.3112419025911709 0.09733085412667937 0.05 0.05
0 0.33043576055662194 0.11908389315419067 0.05 0.05
0 0.34675053982725534 0.10884716890595006 0.05 0.05
0 0.7373455494241844 0.15619201855406264 0.05 0.05
0 0.7891689659309022 0.17154710492642355 0.05 0.05
0 0.394735184740883 0.058943138195777324 0.05 0.05
0 0.4196872000959694 0.057663547664747246 0.05 0.05
