0 0.2732442521141649 0.0930078400281887 0.05 0.05
0 0.2827579941860465 0.09300784002818858 0.05 0.05
0 0.2938573599365751 0.09300784002818858 0.05 0.05
0 0.3081279730443975 0.09512200493305123 0.05 0.05
0 0.33984044661733626 0.09300784002818858 0.05 0.05
0 0.3461829413319239 0.07820868569415064 0.05 0.05
0 0.34142607029598315 0.2198577343199434 0.05 0.05
0 0.2748298757928119 0.22408606412966858 0.05 0.05
0 0.2748298757928119 0.2409993833685692 0.05 0.05
0 0.44132036205074004 0.207172744890768 0.05 0.05
0 0.4508341041226216 0.21562940451021836 0.05 0.05
0 0.20030556289640594 0.4376167195207891 0.05 0.05
0 0.15590809989429172 0.5242974806201548 0.05 0.05
0 0.0354007003171247 0.513726656095842 0.05 0.05
0 0.06869879756871033 0.5919507575757574 0.05 0.05
0 0.16542184196617332 0.7166864869626496 0.05 0.05
0 0.18444932610993658 0.7251431465821 0.05 0.05
0 0.39375165169133197 0.4862425123326285 0.05 0.05
0 0.4000941464059197 0.5158408210007046 0.05 0.05
0 0.4524197278012686 0.5348683051444678 0.05 0.05
0 0.490474696088795 0.5877224277660322 0.05 0.05
0 0.5237727933403806 0.5433249647639181 0.05 0.05
0 0.5586565142706131 0.5961790873854826 0.05 0.05
0 0.490474696088795 0.7610839499647638 0.05 0.05
0 0.5491427721987316 0.47144335799859044 0.05 0.05
0 0.5491427721987316 0.3488217935165608 0.05 0.05
0 0.6300095798097252 0.27482602184637045 0.05 0.05
0 0.6236670850951376 0.156432787174066 0.05 0.05
0 0.6157389667019029 0.1775744362226919 0.05 0.05
0 0.6934345269556026 0.24945604298801954 0.05 0.05
0 0.7663732161733616 0.167003611698379 0.05 0.05
0 0.7394176136363637 0.36996344256518654 0.05 0.05
0 0.8329694106765329 0.3911050916138123 0.05 0.05
0 0.8900518631078226 0.2769401867512331 0.05 0.05
