0 0.31370314006750244 0.16674401317904214 0.05 0.05
0 0.21919976494696236 0.23746082449373204 0.05 0.05
0 0.234628887415622 0.28117667148826747 0.05 0.05
0 0.2336645672613308 0.44061093699775 0.05 0.05
0 0.2625941718900675 0.42646757473481195 0.05 0.05
0 0.2606655315814851 0.783908911925426 0.05 0.05
0 0.3165961005303761 0.765908269045323 0.05 0.05
0 0.3657764283992285 0.7993380343940856 0.05 0.05
0 0.01958549300867888 0.6424752892960464 0.05 0.05
0 0.4400290802796528 0.6360464882674381 0.05 0.05
0 0.43810043997107034 0.580758799421408 0.05 0.05
0 0.4043492345708775 0.5190423095467696 0.05 0.05
0 0.39277739271938283 0.4984701462552234 0.05 0.05
0 0.49788828953712627 0.5254711105753778 0.05 0.05
0 0.5451399770973964 0.46889766152362594 0.05 0.05
0 0.6078207871263259 0.5228995901639345 0.05 0.05
0 0.5933559848119575 0.276033630665381 0.05 0.05
0 0.6618227157666345 0.30689187560270015 0.05 0.05
0 0.6907523203953713 0.3094633960141434 0.05 0.05
0 0.7852556955159112 0.28246243169398916 0.05 0.05
0 0.754397450578592 0.22331746223079396 0.05 0.05
0 0.7486115296528448 0.20145953873352623 0.05 0.05
0 0.8247928218418515 0.20917409996785613 0.05 0.05
0 0.8199712210703953 0.36089380424300876 0.05 0.05
0 0.7052171227097397 0.1153136049501768 0.05 0.05
0 0.44388636089681777 0.2104598601735777 0.05 0.05
0 0.28670217574734813 0.09216992124718738 0.05 0.05
0 0.30984585945033755 0.09602720186435233 0.05 0.05
0 0.34166842454194796 0.10245600289296052 0.05 0.05
