0 0.2693564248251748 0.09806963869463878 0.05 0.05
0 0.27984593531468527 0.09107663170163166 0.05 0.05
0 0.3008249562937063 0.09457313519813511 0.05 0.05
0 0.3427829982517483 0.08058712121212111 0.05 0.05
0 0.35589488636363636 0.08408362470862467 0.05 0.05
0 0.30344733391608397 0.16100670163170155 0.05 0.05
0 0.3178704108391609 0.1942234848484849 0.05 0.05
0 0.3296711101398601 0.1942234848484849 0.05 0.05
0 0.3506501311188811 0.19072698135198132 0.05 0.05
0 0.3637620192307693 0.1714962121212121 0.05 0.05
0 0.434566215034965 0.20121649184149176 0.05 0.05
0 0.44374453671328684 0.2064612470862471 0.05 0.05
0 0.240510270979021 0.35681089743589745 0.05 0.05
0 0.2864018793706294 0.35681089743589745 0.05 0.05
0 0.39654173951048954 0.505412296037296 0.05 0.05
0 0.40309768356643366 0.5368808275058276 0.05 0.05
0 0.45816761363636366 0.533384324009324 0.05 0.05
0 0.5197934877622379 0.554363344988345 0.05 0.05
0 0.5748634178321679 0.5211465617715618 0.05 0.05
0 0.587975305944056 0.4984192890442891 0.05 0.05
0 0.5538843968531468 0.46695075757575755 0.05 0.05
0 0.678447333916084 0.23268502331002333 0.05 0.05
0 0.7099158653846155 0.3882794289044289 0.05 0.05
0 0.29295782342657345 0.7396780303030304 0.05 0.05
0 0.5748634178321679 0.9617060023310025 0.05 0.05
0 0.7440067744755247 0.9197479603729605 0.05 0.05
