0 0.26162985173577624 0.27860515107682426 0.05 0.05
0 0.2703087331243973 0.18988769688203153 0.05 0.05
0 0.3050242586788814 0.17188705400192864 0.05 0.05
0 0.2847735354387657 0.09216992124718738 0.05 0.05
0 0.26355849204435866 0.09088416104146582 0.05 0.05
0 0.2211284052555448 0.07931231918997111 0.05 0.05
0 0.20087768201542913 0.07931231918997111 0.05 0.05
0 0.1883415200096432 0.16417249276759888 0.05 0.05
0 0.30984585945033755 0.09731296207007402 0.05 0.05
0 0.3368468237704918 0.09988448248151727 0.05 0.05
0 0.39759899349083894 0.5087562279009965 0.05 0.05
0 0.414956756268081 0.5370429524268725 0.05 0.05
0 0.4400290802796528 0.5859018402442946 0.05 0.05
0 0.45352956243972997 0.6501898505303761 0.05 0.05
0 0.3686693888621022 0.7903377129540341 0.05 0.05
0 0.3127388199132112 0.780051631308261 0.05 0.05
0 0.29345241682738665 0.7594794680167148 0.05 0.05
0 0.6001062258919961 0.5254711105753778 0.05 0.05
0 0.5065671709257473 0.5344714320154292 0.05 0.05
0 0.5451399770973964 0.46889766152362594 0.05 0.05
0 0.6454292731436837 0.5756157585985214 0.05 0.05
0 0.7225748854869817 0.5627581565413051 0.05 0.05
0 0.7495758498071359 0.6373322484731597 0.05 0.05
0 0.8479365055448408 0.7633367486338798 0.05 0.05
0 0.8016491381388621 0.8764836467373835 0.05 0.05
0 0.7273964862584378 0.8559114834458373 0.05 0.05
0 0.8903665923336547 0.5344714320154292 0.05 0.05
0 0.7476472094985536 0.1346000080360014 0.05 0.05
0 0.6656799963837994 0.1448860896817744 0.05 0.05
0 0.4525652422854387 0.20917409996785613 0.05 0.05
