0 0.22012087264150942 0.09328485324947569 0.05 0.05
0 0.23741647012578623 0.09957416142557622 0.05 0.05
0 0.2767246462264151 0.09328485324947558 0.05 0.05
0 0.28930326257861644 0.08699554507337494 0.05 0.05
0 0.36005797955974855 0.08909198113207518 0.05 0.05
0 0.22483785377358498 0.11215277777777738 0.05 0.05
0 0.20125294811320762 0.12473139412997866 0.05 0.05
0 0.2987372248427674 0.22326388888888857 0.05 0.05
0 0.31446049528301895 0.2987355870020962 0.05 0.05
0 0.215403891509434 0.34695361635220107 0.05 0.05
0 0.165089426100629 0.3259892557651989 0.05 0.05
0 0.7201208726415096 0.09957416142557622 0.05 0.05
0 0.7452781053459121 0.10586346960167686 0.05 0.05
0 0.7672906839622643 0.10167059748427647 0.05 0.05
0 0.844334709119497 0.2505175576519913 0.05 0.05
0 0.8820705581761008 0.2463246855345909 0.05 0.05
0 0.883642885220126 0.27986766247379435 0.05 0.05
0 0.8946491745283021 0.2819640985324945 0.05 0.05
0 0.34433470911949693 0.46435403563941274 0.05 0.05
0 0.4103724449685536 0.466450471698113 0.05 0.05
0 0.4103724449685536 0.5272471174004191 0.05 0.05
0 0.4292403694968555 0.5209578092243184 0.05 0.05
0 0.514146029874214 0.5167649371069181 0.05 0.05
0 0.5361586084905662 0.4999934486373164 0.05 0.05
0 0.6163472877358492 0.5419221698113205 0.05 0.05
0 0.7059699292452832 0.6802869496855344 0.05 0.05
0 0.7955925707547171 0.646743972746331 0.05 0.05
0 0.8506240172955977 0.9087984800838573 0.05 0.05
0 0.8742089229559751 0.9444378930817608 0.05 0.05
0 0.2043976022012579 0.7788194444444443 0.05 0.05
0 0.5487372248427674 0.4622575995807125 0.05 0.05
