0 0.02798864219712527 0.5763325633127993 0.05 0.05
0 0.009508149383983578 0.6913222963723478 0.05 0.05
0 0.155298703798768 0.48735241273100616 0.05 0.05
0 0.208686794147844 0.5160998459958932 0.05 0.05
0 0.2056067120123204 0.7159629534565366 0.05 0.05
0 0.3811713937371664 0.4900902635181383 0.05 0.05
0 0.3873315580082136 0.47092530800821364 0.05 0.05
0 0.453039976899384 0.5256823237508556 0.05 0.05
0 0.4951344327515401 0.5462162046543464 0.05 0.05
0 0.49821451488706375 0.5763325633127995 0.05 0.05
0 0.48281410420944565 0.6146624743326489 0.05 0.05
0 0.7497545559548255 0.8884475530458591 0.05 0.05
0 0.8144362808008214 0.9007678815879535 0.05 0.05
0 0.5454424409650925 0.4681874572210815 0.05 0.05
0 0.36474428901437383 0.21904303559206018 0.05 0.05
0 0.3134095867556469 0.20672270704996573 0.05 0.05
0 0.2815820713552362 0.21356733401779604 0.05 0.05
0 0.23640753336755652 0.22314981177275836 0.05 0.05
0 0.40786543891170435 0.22725658795345657 0.05 0.05
0 0.4448264245379877 0.22451873716632445 0.05 0.05
0 0.46022683521560587 0.20535378165639978 0.05 0.05
0 0.5526292992813142 0.1902956023271732 0.05 0.05
0 0.2713151309034908 0.09857760095824777 0.05 0.05
0 0.2846621534907598 0.09310189938398353 0.05 0.05
0 0.3606375128336756 0.08215049623545513 0.05 0.05
