0 0.21140492864693447 0.11626365398167711 0.05 0.05
0 0.18603494978858348 0.21562940451021836 0.05 0.05
0 0.247874273255814 0.0824370155038757 0.05 0.05
0 0.27007300475687107 0.08877951021846352 0.05 0.05
0 0.2780011231501057 0.09089367512332605 0.05 0.05
0 0.33984044661733626 0.09300784002818858 0.05 0.05
0 0.35886793076109946 0.08877951021846352 0.05 0.05
0 0.6331808271670191 0.5221833157152923 0.05 0.05
0 0.683920784883721 0.5200691508104298 0.05 0.05
0 0.5079165565539113 0.6596040345313601 0.05 0.05
0 0.2795867468287526 0.739942300916138 0.05 0.05
0 0.19713431553911204 0.7441706307258632 0.05 0.05
0 0.14163748678646934 0.8562213706835798 0.05 0.05
0 0.8408975290697676 0.16911777660324154 0.05 0.05
0 0.4333922436575054 0.15220445736434082 0.05 0.05
0 0.5507283958773785 0.46510086328400274 0.05 0.05
