0 0.195339771560575 0.06709231690622844 0.05 0.05
0 0.18301944301848053 0.08762619780971939 0.05 0.05
0 0.21074018223819305 0.19166452772073914 0.05 0.05
0 0.21279357032854213 0.15607246748802198 0.05 0.05
0 0.29082231776180706 0.15607246748802198 0.05 0.05
0 0.30416934034907606 0.17386849760438056 0.05 0.05
0 0.3247032212525668 0.18892667693360715 0.05 0.05
0 0.3565307366529774 0.1519656913073238 0.05 0.05
0 0.3544773485626284 0.24779046885694728 0.05 0.05
0 0.30416934034907606 0.24779046885694728 0.05 0.05
0 0.43866626026694056 0.2436836926762491 0.05 0.05
0 0.43661287217659145 0.21082948323066392 0.05 0.05
0 0.2928757058521561 0.09173297399041758 0.05 0.05
0 0.26926174281314175 0.09994652635181384 0.05 0.05
0 0.1429783752566735 0.37510053045859 0.05 0.05
0 0.13168474075975362 0.42711969541409994 0.05 0.05
0 0.2672083547227927 0.45860497946611917 0.05 0.05
0 0.32880999743326494 0.47366315879534576 0.05 0.05
0 0.4335327900410678 0.5119930698151952 0.05 0.05
0 0.4735738578028748 0.507886293634497 0.05 0.05
0 0.5166950077002055 0.5256823237508556 0.05 0.05
0 0.5567360754620124 0.5133619952087611 0.05 0.05
0 0.5680297099589323 0.4928281143052704 0.05 0.05
0 0.5670030159137578 0.45997390485968526 0.05 0.05
0 0.559816157597536 0.1902956023271732 0.05 0.05
0 0.65119192761807 0.07804372005475695 0.05 0.05
0 0.6737791966119098 0.23547014031485283 0.05 0.05
0 0.7056067120123204 0.23820799110198496 0.05 0.05
0 0.7343541452772075 0.21630518480492805 0.05 0.05
0 0.7169003465092404 0.16291709445585217 0.05 0.05
0 0.7343541452772075 0.16291709445585217 0.05 0.05
0 0.7610481904517454 0.14922784052019164 0.05 0.05
0 0.764128272587269 0.2149362594113621 0.05 0.05
0 0.7456477797741273 0.43807109856262844 0.05 0.05
0 0.8093028105749488 0.7406036105407257 0.05 0.05
0 0.6542720097535935 0.8377973134839152 0.05 0.05
0 0.6388715990759755 0.9692141512662561 0.05 0.05
