0 0.19552960886214438 0.12905041940189635 0.05 0.05
0 0.2693808123632385 0.0940394784828591 0.05 0.05
0 0.2743042259299781 0.13561497082421578 0.05 0.05
0 0.31369153446389497 0.08966311086797939 0.05 0.05
0 0.30056243161925605 0.1224858679795768 0.05 0.05
0 0.32682063730853395 0.13561497082421578 0.05 0.05
0 0.2972801559080963 0.2056368526622901 0.05 0.05
0 0.32189722374179436 0.19907230123997063 0.05 0.05
0 0.4449825629102845 0.2012604850474105 0.05 0.05
0 0.45318825218818387 0.20344866885485036 0.05 0.05
0 0.5483742478118162 0.21876595550692918 0.05 0.05
0 0.5844792806345734 0.21657777169948922 0.05 0.05
0 0.6484836570021882 0.13780315463165552 0.05 0.05
0 0.6731007248358863 0.11592131655725725 0.05 0.05
0 0.6911532412472648 0.14655588986141493 0.05 0.05
0 0.7124880333698032 0.21876595550692918 0.05 0.05
0 0.7666455826039388 0.22970687454412822 0.05 0.05
0 0.6402779677242889 0.4747834609773887 0.05 0.05
0 0.8076740289934357 0.533864423778264 0.05 0.05
0 0.8208031318380746 0.9343020605397521 0.05 0.05
0 0.9225536788840264 0.9189847738876733 0.05 0.05
0 0.5434508342450767 0.4660307257476294 0.05 0.05
0 0.5532976613785558 0.5229235047410649 0.05 0.05
0 0.5040635257111598 0.5426171590080232 0.05 0.05
0 0.3826193243982494 0.5054180342815463 0.05 0.05
0 0.41872435722100665 0.5272998723559444 0.05 0.05
0 0.18404164387308533 0.5885690189642595 0.05 0.05
0 0.30876812089715544 0.7898819292487236 0.05 0.05
0 0.31697381017505466 0.8205165025528811 0.05 0.05
0 0.38754273796498906 0.7986346644784829 0.05 0.05
0 0.4055952543763676 0.8073873997082421 0.05 0.05
0 0.4285711843544858 0.7373655178701678 0.05 0.05
0 0.45811166575492346 0.7570591721371261 0.05 0.05
0 0.4564705278993436 0.6870372902990518 0.05 0.05
