0 0.270073004756871 0.09512200493305135 0.05 0.05
0 0.2843436178646934 0.09935033474277641 0.05 0.05
0 0.2875148652219873 0.09300784002818858 0.05 0.05
0 0.33825482293868925 0.09300784002818858 0.05 0.05
0 0.34142607029598315 0.08032285059901317 0.05 0.05
0 0.3112992204016914 0.1500902924594783 0.05 0.05
0 0.33984044661733626 0.1500902924594783 0.05 0.05
0 0.31605609143763214 0.17546027131782924 0.05 0.05
0 0.23043241279069768 0.2135152396053557 0.05 0.05
0 0.30337110200845663 0.2135152396053557 0.05 0.05
0 0.29227173625792807 0.22831439393939376 0.05 0.05
0 0.3319123282241015 0.2198577343199434 0.05 0.05
0 0.44132036205074004 0.21562940451021836 0.05 0.05
0 0.45559097515856245 0.207172744890768 0.05 0.05
0 0.46034784619450325 0.1860310958421421 0.05 0.05
0 0.4318066199788584 0.3255659795630725 0.05 0.05
0 0.3858235332980973 0.3424792988019731 0.05 0.05
0 0.15115122885835094 0.35727845313601114 0.05 0.05
0 0.34142607029598315 0.44184504933051433 0.05 0.05
0 0.32081296247357294 0.46932919309372784 0.05 0.05
0 0.4476628567653277 0.5390966349541929 0.05 0.05
0 0.514259051268499 0.5475532945736432 0.05 0.05
0 0.4444916094080339 0.644804880197322 0.05 0.05
0 0.37789541490486267 0.7885680937279774 0.05 0.05
0 0.734660742600423 0.49469917195207874 0.05 0.05
0 0.8361406580338266 0.5179549859055671 0.05 0.05
0 0.35411105972515855 0.09512200493305123 0.05 0.05
0 0.36203917811839326 0.0824370155038757 0.05 0.05
