0 0.18920619714587736 0.06340953136011258 0.05 0.05
0 0.18444932610993658 0.08455118040873835 0.05 0.05
0 0.21933304704016915 0.05706703664552475 0.05 0.05
0 0.2684873810782241 0.09512200493305123 0.05 0.05
0 0.2795867468287526 0.09723616983791387 0.05 0.05
0 0.2906861125792812 0.09300784002818858 0.05 0.05
0 0.33984044661733626 0.09512200493305123 0.05 0.05
0 0.36996729651162796 0.09089367512332605 0.05 0.05
0 0.34399797354948797 0.07868671786120582 0.05 0.05
0 0.5986908063139932 0.09916453356086449 0.05 0.05
0 0.6460457551194538 0.09404507963594971 0.05 0.05
0 0.6370867107508532 0.23227033560864604 0.05 0.05
0 0.7241174274744028 0.24250924345847538 0.05 0.05
0 0.7599536049488054 0.2442157281001137 0.05 0.05
0 0.8943392704778157 0.28175839021615456 0.05 0.05
0 0.6946805674061431 0.37390856086461877 0.05 0.05
0 0.74587510665529 0.46435224687144466 0.05 0.05
0 0.7983495093856655 0.43022255403868026 0.05 0.05
0 0.7855508745733788 0.4899495164960181 0.05 0.05
0 0.7202778370307167 0.48312357792946514 0.05 0.05
0 0.6396464377133105 0.8773215301478953 0.05 0.05
0 0.5321379052901024 0.8551372298065983 0.05 0.05
0 0.19809353668941973 0.7271508816837314 0.05 0.05
0 0.18017544795221835 0.7083795506257109 0.05 0.05
0 0.12130172781569959 0.47459115472127406 0.05 0.05
0 0.1532983148464163 0.47459115472127406 0.05 0.05
0 0.2454484854948805 0.48141709328782695 0.05 0.05
0 0.27872493600682585 0.42851606939704195 0.05 0.05
0 0.39058040433403807 0.4820141825229033 0.05 0.05
0 0.4000941464059197 0.5116124911909794 0.05 0.05
0 0.46193346987315015 0.5496674594785059 0.05 0.05
0 0.5317009117336153 0.513726656095842 0.05 0.05
0 0.5190159223044398 0.5369824700493304 0.05 0.05
0 0.5491427721987316 0.47144335799859044 0.05 0.05
0 0.32398420983086684 0.2705976920366453 0.05 0.05
0 0.2906861125792812 0.26214103241719494 0.05 0.05
0 0.18920619714587736 0.2135152396053557 0.05 0.05
0 0.1939630681818182 0.312880990133897 0.05 0.05
0 0.21457617600422835 0.21140107470049305 0.05 0.05
0 0.246288649577167 0.20294441508104283 0.05 0.05
0 0.2938573599365751 0.20083025017618017 0.05 0.05
0 0.3287410808668076 0.20083025017618017 0.05 0.05
0 0.3509398123678647 0.24311354827343182 0.05 0.05
0 0.3810666622621565 0.2198577343199434 0.05 0.05
0 0.4064366411205074 0.2198577343199434 0.05 0.05
0 0.4111935121564483 0.1860310958421421 0.05 0.05
0 0.44132036205074004 0.20505857998590535 0.05 0.05
0 0.45876222251585624 0.1923735905567298 0.05 0.05
