0 0.2706676136363636 0.04387383449883456 0.05 0.05
0 0.19330747377622381 0.04387383449883444 0.05 0.05
0 0.310003277972028 0.09981789044289044 0.05 0.05
0 0.2601781031468532 0.16974796037296033 0.05 0.05
0 0.2523109702797203 0.27289481351981354 0.05 0.05
0 0.16708369755244756 0.38303467365967364 0.05 0.05
0 0.014985795454545458 0.8970206876456877 0.05 0.05
0 0.08316761363636364 0.9599577505827507 0.05 0.05
0 0.2995137674825175 0.2641535547785548 0.05 0.05
0 0.35458369755244756 0.2938738344988344 0.05 0.05
0 0.34671656468531464 0.3550626456876457 0.05 0.05
0 0.44243334790209793 0.20471299533799533 0.05 0.05
0 0.45816761363636366 0.2064612470862471 0.05 0.05
0 0.5433948863636364 0.20820949883449877 0.05 0.05
0 0.5748634178321679 0.16100670163170155 0.05 0.05
0 0.6968039772727275 0.10506264568764566 0.05 0.05
0 0.7256501311188812 0.10331439393939389 0.05 0.05
0 0.664024256993007 0.17674096736596734 0.05 0.05
0 0.7335172639860141 0.23268502331002333 0.05 0.05
0 0.7610522290209791 0.2781395687645688 0.05 0.05
0 0.8121885926573429 0.276391317016317 0.05 0.05
0 0.831856424825175 0.6452724358974359 0.05 0.05
0 0.9118389423076925 0.6452724358974359 0.05 0.05
0 0.6194438374125875 0.8026150932400934 0.05 0.05
0 0.4122760052447553 0.8131046037296038 0.05 0.05
0 0.34933894230769236 0.7991185897435897 0.05 0.05
0 0.2719788024475524 0.7903773310023311 0.05 0.05
0 0.45423404720279725 0.7344332750582752 0.05 0.05
0 0.4961920891608392 0.7344332750582752 0.05 0.05
0 0.5093039772727274 0.5368808275058276 0.05 0.05
0 0.5263494318181818 0.6470206876456877 0.05 0.05
0 0.5512620192307692 0.4704472610722611 0.05 0.05
0 0.5774857954545455 0.49142628205128214 0.05 0.05
0 0.5722410402097903 0.526391317016317 0.05 0.05
0 0.3912969842657342 0.5036640442890443 0.05 0.05
0 0.40572006118881127 0.526391317016317 0.05 0.05
