0 0.29573393138801257 0.7975716351209255 0.05 0.05
0 0.3840620070977917 0.8087878987031196 0.05 0.05
0 0.4029894518927444 0.7891594374342799 0.05 0.05
0 0.27890953601472124 0.1077714248159835 0.05 0.05
0 0.27890953601472124 0.09234906239046646 0.05 0.05
0 0.2925793572555204 0.10496735892043496 0.05 0.05
0 0.2841671595688748 0.06571043638275534 0.05 0.05
0 0.23369397344900103 0.08253483175604662 0.05 0.05
0 0.2263333004731861 0.06851450227830386 0.05 0.05
0 0.21581805336487903 0.09234906239046646 0.05 0.05
0 0.20845738038906408 0.11057549071153201 0.05 0.05
0 0.21371500394321763 0.12880191903259758 0.05 0.05
0 0.19689060856992638 0.1722649404136 0.05 0.05
0 0.23684854758149312 0.1750690063091485 0.05 0.05
0 0.23684854758149312 0.26199504907115345 0.05 0.05
0 0.28942478312302833 0.274613345601122 0.05 0.05
0 0.31991899973711874 0.25077878548895927 0.05 0.05
0 0.3041461290746582 0.16245070977918014 0.05 0.05
0 0.3293827221345951 0.11337955660708067 0.05 0.05
0 0.3703921858569926 0.24236658780231365 0.05 0.05
0 0.45030806388012606 0.19890356642131124 0.05 0.05
0 0.6795404508412195 0.07973076586049808 0.05 0.05
0 0.7773322489484751 0.18628526989134275 0.05 0.05
0 0.8099295149842269 0.264799114966702 0.05 0.05
0 0.8288569597791795 0.24376862075008793 0.05 0.05
0 0.8235993362250259 0.4134146074307748 0.05 0.05
0 0.7731261501051521 0.4274349369085177 0.05 0.05
0 0.7079316180336486 0.419022739221872 0.05 0.05
0 0.5649242573606728 0.4989386172450055 0.05 0.05
0 0.5470483372765508 0.5227731773571681 0.05 0.05
0 0.5459968125657201 0.4793101559761657 0.05 0.05
0 0.5060388735541533 0.5381955397826851 0.05 0.05
0 0.49236905231335426 0.5858646600070103 0.05 0.05
0 0.40824707544689787 0.5311853750438137 0.05 0.05
0 0.3966803036277601 0.5101548808271996 0.05 0.05
0 0.21371500394321763 0.7106455923589206 0.05 0.05
0 0.3577738893270241 0.04327790921836699 0.05 0.05
