0 0.310003277972028 0.08758012820512823 0.05 0.05
0 0.3427829982517483 0.06834935897435888 0.05 0.05
0 0.34802775349650356 0.07709061771561766 0.05 0.05
0 0.19068509615384616 0.21520250582750577 0.05 0.05
0 0.29164663461538465 0.1784892191142191 0.05 0.05
0 0.3296711101398601 0.16799970862470867 0.05 0.05
0 0.3663843968531469 0.16100670163170155 0.05 0.05
0 0.4332550262237763 0.1994682400932401 0.05 0.05
0 0.448989291958042 0.20296474358974356 0.05 0.05
0 0.46341236888111903 0.213454254079254 0.05 0.05
0 0.6115767045454547 0.25191579254079244 0.05 0.05
0 0.6666466346153846 0.2536640442890442 0.05 0.05
0 0.59453125 0.06660110722610722 0.05 0.05
0 0.1867515297202797 0.31660110722610724 0.05 0.05
0 0.1841291520979021 0.42499271561771557 0.05 0.05
0 0.11070257867132867 0.44597173659673667 0.05 0.05
0 0.13692635489510488 0.4791885198135198 0.05 0.05
0 0.1841291520979021 0.5228948135198136 0.05 0.05
0 0.25624453671328673 0.4040136946386947 0.05 0.05
0 0.31655922202797204 0.36205565268065265 0.05 0.05
0 0.04907670454545454 0.6522654428904429 0.05 0.05
0 0.2772235576923077 0.8078598484848486 0.05 0.05
0 0.43718859265734267 0.5805871212121212 0.05 0.05
0 0.386052229020979 0.505412296037296 0.05 0.05
0 0.400475305944056 0.526391317016317 0.05 0.05
0 0.44636691433566433 0.5316360722610723 0.05 0.05
0 0.5224158653846155 0.5351325757575758 0.05 0.05
0 0.5748634178321679 0.533384324009324 0.05 0.05
0 0.5958424388111888 0.505412296037296 0.05 0.05
0 0.5512620192307693 0.4721955128205128 0.05 0.05
0 0.6732025786713288 0.6994682400932402 0.05 0.05
0 0.9328179632867135 0.9337339743589744 0.05 0.05
