0 0.26690175739957717 0.038039552501761636 0.05 0.05
0 0.18444932610993658 0.0422678823114867 0.05 0.05
0 0.24311740221987313 0.09300784002818858 0.05 0.05
0 0.2684873810782241 0.10357866455250159 0.05 0.05
0 0.1812780787526427 0.10780699436222677 0.05 0.05
0 0.2811723705073996 0.09512200493305123 0.05 0.05
0 0.2891004889006343 0.09300784002818858 0.05 0.05
0 0.30654234936575053 0.09300784002818858 0.05 0.05
0 0.33666919926004224 0.09300784002818858 0.05 0.05
0 0.3461829413319239 0.08455118040873835 0.05 0.05
0 0.4159503831923891 0.06129536645524993 0.05 0.05
0 0.44290598572938694 0.20928690979563053 0.05 0.05
0 0.4444916094080339 0.32133764975334717 0.05 0.05
0 0.5221871696617336 0.34670762861169824 0.05 0.05
0 0.5491427721987316 0.47567168780831554 0.05 0.05
0 0.5253584170190275 0.5369824700493304 0.05 0.05
0 0.45876222251585624 0.5390966349541929 0.05 0.05
0 0.34142607029598315 0.3509359584214233 0.05 0.05
0 0.36045355443974636 0.3255659795630725 0.05 0.05
0 0.23043241279069768 0.21562940451021836 0.05 0.05
0 0.19554869186046514 0.2135152396053557 0.05 0.05
0 0.2637305100422833 0.35727845313601114 0.05 0.05
0 0.18920619714587736 0.42704589499647627 0.05 0.05
0 0.04174319503171244 0.448187544045102 0.05 0.05
0 0.11309626057082449 0.42704589499647627 0.05 0.05
0 0.13370936839323466 0.5306399753347427 0.05 0.05
0 0.21140492864693447 0.5433249647639181 0.05 0.05
0 0.20506243393234672 0.739942300916138 0.05 0.05
0 0.0671131738900634 0.739942300916138 0.05 0.05
0 0.2288467891120507 0.7568556201550386 0.05 0.05
0 0.295442983615222 0.7610839499647638 0.05 0.05
0 0.9217643366807613 0.8097097427766031 0.05 0.05
0 0.8123563028541227 0.448187544045102 0.05 0.05
0 0.7632019688160678 0.3741917723749117 0.05 0.05
0 0.7045338927061311 0.3720776074700492 0.05 0.05
0 0.5840264931289642 0.24945604298801954 0.05 0.05
0 0.6236670850951376 0.15220445736434082 0.05 0.05
0 0.6744070428118394 0.15220445736434082 0.05 0.05
0 0.7251470005285413 0.10146449964763894 0.05 0.05
0 0.7743013345665963 0.1923735905567298 0.05 0.05
0 0.8868806157505287 0.2705976920366453 0.05 0.05
