0 0.19330747377622376 0.05785984848484856 0.05 0.05
0 0.23133194930069928 0.1225451631701631 0.05 0.05
0 0.3060697115384615 0.09282488344988345 0.05 0.05
0 0.3467165646853147 0.07709061771561766 0.05 0.05
0 0.35589488636363636 0.08233537296037288 0.05 0.05
0 0.19068509615384616 0.2064612470862471 0.05 0.05
0 0.2772235576923077 0.27988782051282046 0.05 0.05
0 0.3296711101398601 0.25191579254079244 0.05 0.05
0 0.4411221590909092 0.213454254079254 0.05 0.05
0 0.45423404720279714 0.213454254079254 0.05 0.05
0 0.22346481643356647 0.3900276806526807 0.05 0.05
0 0.3912969842657343 0.49667103729603734 0.05 0.05
0 0.39916411713286715 0.5211465617715618 0.05 0.05
0 0.45423404720279714 0.5386290792540792 0.05 0.05
0 0.5237270541958041 0.540377331002331 0.05 0.05
0 0.5722410402097904 0.5211465617715618 0.05 0.05
0 0.5984648164335665 0.49492278554778557 0.05 0.05
0 0.5551955856643357 0.4686990093240093 0.05 0.05
0 0.7020487325174827 0.3795381701631702 0.05 0.05
0 0.7767864947552449 0.3795381701631702 0.05 0.05
0 0.8711920891608393 0.603314393939394 0.05 0.05
0 0.20117460664335668 0.7379297785547786 0.05 0.05
0 0.14348229895104897 0.7571605477855479 0.05 0.05
