0 0.3103050595238095 0.08702050264550264 0.05 0.05
0 0.36387648809523804 0.08172949735449725 0.05 0.05
0 0.3777653769841269 0.12934854497354492 0.05 0.05
0 0.41546378968253955 0.22987764550264547 0.05 0.05
0 0.4531622023809523 0.2060681216931216 0.05 0.05
0 0.3519717261904761 0.23781415343915338 0.05 0.05
0 0.3162574404761904 0.27220568783068777 0.05 0.05
0 0.2686383928571428 0.25368716931216917 0.05 0.05
0 0.234908234126984 0.2113591269841269 0.05 0.05
0 0.19919394841269836 0.26426917989417986 0.05 0.05
0 0.10593998015873012 0.457390873015873 0.05 0.05
0 0.06427331349206347 0.5790839947089946 0.05 0.05
0 0.2170510912698412 0.6425760582010581 0.05 0.05
0 0.28054315476190467 0.7880787037037036 0.05 0.05
0 0.3440352182539682 0.7669146825396825 0.05 0.05
0 0.3916542658730158 0.8145337301587301 0.05 0.05
0 0.46308283730158717 0.7272321428571428 0.05 0.05
0 0.37974950396825385 0.777496693121693 0.05 0.05
0 0.5047495039682539 0.5235284391534392 0.05 0.05
0 0.3956225198412698 0.49707341269841265 0.05 0.05
0 0.4035590277777777 0.5155919312169311 0.05 0.05
0 0.5484002976190474 0.4626818783068783 0.05 0.05
0 0.5841145833333332 0.49442791005291004 0.05 0.05
0 0.5741939484126982 0.5208829365079364 0.05 0.05
0 0.5345114087301586 0.203422619047619 0.05 0.05
0 0.6813368055555554 0.17961309523809513 0.05 0.05
0 0.6912574404761902 0.18754960317460317 0.05 0.05
0 0.7448288690476189 0.19548611111111108 0.05 0.05
0 0.6495907738095237 0.3515707671957671 0.05 0.05
0 0.7011780753968252 0.3542162698412698 0.05 0.05
0 0.8063368055555553 0.4520998677248677 0.05 0.05
0 0.8539558531746028 0.4653273809523809 0.05 0.05
0 0.8777653769841267 0.8251157407407406 0.05 0.05
0 0.8480034722222219 0.9917824074074073 0.05 0.05
0 0.4432415674603174 0.7298776455026454 0.05 0.05
