0 0.27575496188222914 0.11057549071153201 0.05 0.05
0 0.2820641101472134 0.0909470294426922 0.05 0.05
0 0.290476307833859 0.08393686470382088 0.05 0.05
0 0.28837325841219763 0.06010230459165828 0.05 0.05
0 0.21371500394321763 0.07552466701717529 0.05 0.05
0 0.37564980941114606 0.2690052138100249 0.05 0.05
0 0.34620711750788635 0.249376752541185 0.05 0.05
0 0.26839428890641426 0.2732113126533477 0.05 0.05
0 0.2568275170872765 0.2451706536978622 0.05 0.05
0 0.2273848251840168 0.2451706536978622 0.05 0.05
0 0.45346263801261816 0.19890356642131124 0.05 0.05
0 0.6616645307570976 0.07552466701717529 0.05 0.05
0 0.7300136369610933 0.26339708201892775 0.05 0.05
0 0.7163438157202942 0.274613345601122 0.05 0.05
0 0.7773322489484751 0.2704072467577992 0.05 0.05
0 0.7973112184542583 0.2886336750788646 0.05 0.05
0 0.8929999671398523 0.32648856466876996 0.05 0.05
0 0.5060388735541533 0.5367935068349109 0.05 0.05
0 0.542842238433228 0.5213711444093938 0.05 0.05
0 0.568078831493165 0.5031447160883283 0.05 0.05
0 0.5438937631440587 0.4722999912372944 0.05 0.05
0 0.40719555073606717 0.5269792762004909 0.05 0.05
0 0.400886402471083 0.5059487819838768 0.05 0.05
0 0.41350469900105136 0.4905264195583598 0.05 0.05
0 0.45661721214511025 0.6573683403434983 0.05 0.05
0 0.44294739090431107 0.723263888888889 0.05 0.05
0 0.10856253286014723 0.8704773484051876 0.05 0.05
0 0.21581805336487903 0.5409996056782337 0.05 0.05
0 0.19163298501577283 0.3993942779530322 0.05 0.05
0 0.12223235410094638 0.4134146074307748 0.05 0.05
