0 0.038110377234490046 0.6489561426568525 0.05 0.05
0 0.15482962013669818 0.38397191552751514 0.05 0.05
0 0.12328387881177708 0.36714752015422386 0.05 0.05
0 0.19478755914826493 0.2129238958990539 0.05 0.05
0 0.3094037526288117 0.274613345601122 0.05 0.05
0 0.3945772542060987 0.2087177970557311 0.05 0.05
0 0.4324321437960041 0.22133609358569958 0.05 0.05
0 0.45241111330178746 0.20170763231685976 0.05 0.05
0 0.439792816771819 0.29424180686996165 0.05 0.05
0 0.41665927313354356 0.4793101559761657 0.05 0.05
0 0.3924742047844373 0.5157630126182968 0.05 0.05
0 0.40824707544689787 0.5339894409393623 0.05 0.05
0 0.45661721214511025 0.6307297143357871 0.05 0.05
0 0.49552362644584635 0.6798008675078866 0.05 0.05
0 0.5060388735541533 0.5381955397826851 0.05 0.05
0 0.5407391890115666 0.5241752103049424 0.05 0.05
0 0.5670273067823342 0.501742683140554 0.05 0.05
0 0.5523059608307043 0.4694959253417457 0.05 0.05
0 0.8688148987907465 0.6503581756046268 0.05 0.05
0 0.983431092271293 0.7667269102698915 0.05 0.05
0 0.7815383477917979 0.30686010339993014 0.05 0.05
0 0.738425834647739 0.2970458727655102 0.05 0.05
0 0.7457865076235539 0.2970458727655102 0.05 0.05
0 0.6837465496845423 0.32648856466876996 0.05 0.05
0 0.26629123948475286 0.11478158955485493 0.05 0.05
0 0.27890953601472124 0.09655516123378938 0.05 0.05
0 0.28732173370136693 0.08674093059936941 0.05 0.05
0 0.2862702089905362 0.058700271643884014 0.05 0.05
0 0.21581805336487903 0.06991653522607813 0.05 0.05
0 0.2042512815457413 0.22834625832457103 0.05 0.05
