0 0.18544034090909087 0.14352418414918422 0.05 0.05
0 0.25886691433566433 0.14177593240093234 0.05 0.05
0 0.310003277972028 0.08932837995337989 0.05 0.05
0 0.34016062062937064 0.07534236596736589 0.05 0.05
0 0.35196131993006996 0.08058712121212111 0.05 0.05
0 0.4398109702797203 0.2064612470862471 0.05 0.05
0 0.455545236013986 0.213454254079254 0.05 0.05
0 0.2339543269230769 0.22219551282051278 0.05 0.05
0 0.32442635489510496 0.30086684149184156 0.05 0.05
0 0.3912969842657343 0.5019157925407925 0.05 0.05
0 0.40309768356643366 0.5281395687645688 0.05 0.05
0 0.455545236013986 0.5368808275058276 0.05 0.05
0 0.5224158653846155 0.5438738344988345 0.05 0.05
0 0.5683074737762238 0.5298878205128206 0.05 0.05
0 0.587975305944056 0.5036640442890443 0.05 0.05
0 0.53946131993007 0.4704472610722611 0.05 0.05
0 0.1592165646853147 0.7291885198135198 0.05 0.05
0 0.16839488636363636 0.7501675407925409 0.05 0.05
0 0.865947333916084 0.6470206876456877 0.05 0.05
0 0.7243389423076925 0.29212558275058265 0.05 0.05
0 0.6456676136363637 0.29562208624708625 0.05 0.05
0 0.6548459353146854 0.15576194638694632 0.05 0.05
