0 0.0557093814168378 0.6215071013004791 0.05 0.05
0 0.005401373203285431 0.6091867727583847 0.05 0.05
0 0.014641619609856271 0.5010416666666667 0.05 0.05
0 0.07316318018480496 0.509255219028063 0.05 0.05
0 0.0824034265913758 0.4777699349760438 0.05 0.05
0 0.11628433008213554 0.49967274127310063 0.05 0.05
0 0.20971348819301855 0.5270512491444216 0.05 0.05
0 0.2189537345995894 0.38057623203285423 0.05 0.05
0 0.27028843685831627 0.38878978439425055 0.05 0.05
0 0.2980091760780288 0.28748930527036276 0.05 0.05
0 0.21484695841889123 0.2286255133470225 0.05 0.05
0 0.2877422356262834 0.1875577515400411 0.05 0.05
0 0.3185430569815196 0.1793441991786447 0.05 0.05
0 0.370904453285421 0.2833825290896646 0.05 0.05
0 0.41607899127310066 0.28885823066392885 0.05 0.05
0 0.4407196483572896 0.21219840862422998 0.05 0.05
0 0.45817344712525676 0.2039848562628336 0.05 0.05
0 0.3791180056468173 0.48050778576317593 0.05 0.05
0 0.36474428901437383 0.4969348904859686 0.05 0.05
0 0.4479065066735114 0.5270512491444216 0.05 0.05
0 0.51772170174538 0.5380026522929501 0.05 0.05
0 0.5485225231006161 0.4764010095824778 0.05 0.05
0 0.49616112679671465 0.5845461156741958 0.05 0.05
0 0.47665393993839844 0.6283517282683094 0.05 0.05
0 0.2446210857289528 0.7707199691991787 0.05 0.05
0 0.5608428516427105 0.186188826146475 0.05 0.05
0 0.277475295174538 0.09857760095824777 0.05 0.05
0 0.2928757058521561 0.09447082477754959 0.05 0.05
0 0.36166420687885015 0.08078157084188907 0.05 0.05
