0 0.1892733134920635 0.060565476190476156 0.05 0.05
0 0.31228918650793647 0.09231150793650791 0.05 0.05
0 0.3182415674603174 0.11347552910052912 0.05 0.05
0 0.37181299603174595 0.11876653439153438 0.05 0.05
0 0.36982886904761897 0.08702050264550264 0.05 0.05
0 0.4452256944444444 0.203422619047619 0.05 0.05
0 0.45514632936507926 0.2060681216931216 0.05 0.05
0 0.39760664682539676 0.22458664021164007 0.05 0.05
0 0.21109871031746028 0.22194113756613756 0.05 0.05
0 0.24681299603174595 0.25897817460317457 0.05 0.05
0 0.5424479166666665 0.18490410052910042 0.05 0.05
0 0.609908234126984 0.1478670634920635 0.05 0.05
0 0.607924107142857 0.17961309523809513 0.05 0.05
0 0.6396701388888888 0.14522156084656074 0.05 0.05
0 0.5484002976190474 0.4679728835978835 0.05 0.05
0 0.5860987103174602 0.49707341269841265 0.05 0.05
0 0.5722098214285712 0.5103009259259258 0.05 0.05
0 0.5027653769841269 0.5288194444444444 0.05 0.05
0 0.3916542658730158 0.5050099206349206 0.05 0.05
0 0.4114955357142856 0.5314649470899471 0.05 0.05
0 0.43927331349206333 0.7192956349206348 0.05 0.05
0 0.41546378968253955 0.7325231481481481 0.05 0.05
0 0.3777653769841269 0.7880787037037036 0.05 0.05
0 0.3559399801587301 0.8065972222222222 0.05 0.05
0 0.2924479166666666 0.7563326719576718 0.05 0.05
0 0.28649553571428565 0.7827876984126984 0.05 0.05
0 0.5464161706349204 0.6267030423280423 0.05 0.05
0 0.6912574404761902 0.6372850529100529 0.05 0.05
0 0.7805431547619046 0.7272321428571428 0.05 0.05
0 0.9234002976190473 0.9573908730158729 0.05 0.05
0 0.75078125 0.8859623015873015 0.05 0.05
