0 0.056598860062893074 0.4748362159329139 0.05 0.05
0 0.04402024371069183 0.5419221698113205 0.05 0.05
0 0.09905169025157236 0.5733687106918237 0.05 0.05
0 0.12263659591194971 0.3909787735849054 0.05 0.05
0 0.19653596698113213 0.37840015723270415 0.05 0.05
0 0.23741647012578623 0.3595322327044023 0.05 0.05
0 0.21068691037735854 0.4685469077568131 0.05 0.05
0 0.3081711871069183 0.5020898846960165 0.05 0.05
0 0.32232213050314473 0.41613600628930786 0.05 0.05
0 0.364774960691824 0.386785901467505 0.05 0.05
0 0.46383156446540896 0.6215867400419285 0.05 0.05
0 0.3301837657232705 0.8144588574423479 0.05 0.05
0 0.6415045204402517 0.2924462788259955 0.05 0.05
0 0.6713787342767297 0.2463246855345909 0.05 0.05
0 0.6949636399371071 0.2505175576519913 0.05 0.05
0 0.7169762185534593 0.23164963312368947 0.05 0.05
0 0.7547120676100632 0.3050248951781968 0.05 0.05
0 0.6949636399371071 0.31760351153039795 0.05 0.05
0 0.7845862814465411 0.31969994758909837 0.05 0.05
0 0.7971648977987422 0.23164963312368947 0.05 0.05
0 0.8317560927672958 0.3008320230607964 0.05 0.05
0 0.8883598663522015 0.277771226415094 0.05 0.05
0 0.6084856525157234 0.09747772536687596 0.05 0.05
0 0.6163472877358492 0.09118841719077532 0.05 0.05
0 0.26729068396226424 0.12892426624737918 0.05 0.05
0 0.2358441430817611 0.13102070230607932 0.05 0.05
0 0.24685043238993715 0.17714229559748393 0.05 0.05
0 0.27357999213836487 0.08909198113207518 0.05 0.05
0 0.2861586084905661 0.09538128930817583 0.05 0.05
0 0.3569133254716982 0.08070623689727428 0.05 0.05
0 0.18395735062893087 0.05345256813417158 0.05 0.05
0 0.21068691037735854 0.061838312368972484 0.05 0.05
0 0.23269948899371076 0.05974187631027223 0.05 0.05
0 0.24370577830188686 0.08909198113207518 0.05 0.05
0 0.544020243710692 0.466450471698113 0.05 0.05
