0 0.14431437302839117 0.36294142131090107 0.05 0.05
0 0.18216926261829652 0.35593125657202973 0.05 0.05
0 0.18742688617245004 0.28582960918331607 0.05 0.05
0 0.22948787460567818 0.2886336750788646 0.05 0.05
0 0.2831156348580441 0.36294142131090107 0.05 0.05
0 0.21266347923238693 0.18908933578689138 0.05 0.05
0 0.19899365799158777 0.08674093059936941 0.05 0.05
0 0.2263333004731861 0.09515312828601499 0.05 0.05
0 0.26629123948475286 0.09795719418156364 0.05 0.05
0 0.27680648659305984 0.09375109533824073 0.05 0.05
0 0.2862702089905362 0.08674093059936941 0.05 0.05
0 0.24526074526813874 0.16946087451805145 0.05 0.05
0 0.30204307965299676 0.19329543463021417 0.05 0.05
0 0.3377949198212407 0.19750153347353697 0.05 0.05
0 0.3146613761829652 0.09515312828601499 0.05 0.05
0 0.32307357386961083 0.1077714248159835 0.05 0.05
0 0.3588254140378548 0.09515312828601499 0.05 0.05
0 0.37354675998948467 0.0909470294426922 0.05 0.05
0 0.3924742047844373 0.04748400806168978 0.05 0.05
0 0.3998348777602523 0.04327790921836699 0.05 0.05
0 0.6690252037329125 0.15544054504030883 0.05 0.05
0 0.6437886106729755 0.17647103925692278 0.05 0.05
0 0.6269642152996843 0.19329543463021417 0.05 0.05
0 0.656406907202944 0.20170763231685976 0.05 0.05
0 0.7005709450578336 0.19890356642131124 0.05 0.05
0 0.759456328864353 0.20591373116018255 0.05 0.05
0 0.7899505454784435 0.21152186295127962 0.05 0.05
0 0.8561966022607777 0.25778895022783066 0.05 0.05
0 0.8887938682965295 0.23675845601121662 0.05 0.05
0 0.8036203667192424 0.3461170259376098 0.05 0.05
0 0.7142407662986328 0.3236844987732214 0.05 0.05
0 0.6774374014195581 0.6882130651945322 0.05 0.05
0 0.8887938682965295 0.5830605941114618 0.05 0.05
0 0.5512544361198736 0.5311853750438137 0.05 0.05
0 0.5586151090956886 0.501742683140554 0.05 0.05
0 0.5438937631440587 0.4737020241850686 0.05 0.05
0 0.5070903982649841 0.5367935068349109 0.05 0.05
0 0.400886402471083 0.5353914738871366 0.05 0.05
0 0.393525729495268 0.5143609796705225 0.05 0.05
0 0.41350469900105136 0.4919284525061341 0.05 0.05
0 0.439792816771819 0.7078415264633721 0.05 0.05
0 0.4660809345425866 0.6938211969856294 0.05 0.05
0 0.45030806388012606 0.20731576410795682 0.05 0.05
