0 0.4120096569097888 0.49016514715291115 0.05 0.05
0 0.3956948776391555 0.5042406429942419 0.05 0.05
0 0.4052918066218811 0.5221549104286628 0.05 0.05
0 0.5050998680422266 0.5285528630838132 0.05 0.05
0 0.5454069697696737 0.524714091490723 0.05 0.05
0 0.5636411348368523 0.5016814619321817 0.05 0.05
0 0.5492457413627639 0.4760896513115803 0.05 0.05
0 0.6164242442418427 0.8126219609724888 0.05 0.05
0 0.49934171065259125 0.8804402591170825 0.05 0.05
0 0.4388810580614204 0.8254178662827896 0.05 0.05
0 0.7171919985604608 0.3826795425463852 0.05 0.05
0 0.7498215571017275 0.35324896033269343 0.05 0.05
0 0.8035643594049905 0.36348568458093405 0.05 0.05
0 0.817000059980806 0.42106725847728727 0.05 0.05
0 0.6260211732245682 0.3199796065259117 0.05 0.05
0 0.6663282749520154 0.325097968650032 0.05 0.05
0 0.6250614803262956 0.11012675943698014 0.05 0.05
0 0.6979981405950098 0.10756757837491998 0.05 0.05
0 0.43312290067178505 0.3046245201535508 0.05 0.05
0 0.43408259357005763 0.23168785988483678 0.05 0.05
0 0.44751829414587335 0.21377359245041586 0.05 0.05
0 0.3515490043186181 0.20993482085732562 0.05 0.05
0 0.31508067418426106 0.2112144113883557 0.05 0.05
0 0.14809410988483687 0.41466930582213685 0.05 0.05
0 0.19703844769673706 0.17026751439539348 0.05 0.05
0 0.21719199856046068 0.1382777511196417 0.05 0.05
0 0.1960787547984645 0.1523532469609724 0.05 0.05
0 0.18456244001919392 0.10372880678182976 0.05 0.05
0 0.20471599088291753 0.07429822456813812 0.05 0.05
0 0.2546200215930903 0.14723488483685213 0.05 0.05
0 0.2738138795585413 0.15619201855406264 0.05 0.05
0 0.2690154150671785 0.09605126359564929 0.05 0.05
0 0.2920480446257198 0.09477167306461923 0.05 0.05
0 0.31795975287907874 0.0806961772232885 0.05 0.05
0 0.30740313099808064 0.0806961772232885 0.05 0.05
0 0.34099238243762003 0.07301863403710804 0.05 0.05
0 0.36306531909788875 0.08453494881637873 0.05 0.05
0 0.422566278790787 0.04870641394753671 0.05 0.05
0 0.21239353406909794 0.23808581253998717 0.05 0.05
