0 0.27641549947145877 0.0930078400281887 0.05 0.05
0 0.2875148652219873 0.09723616983791387 0.05 0.05
0 0.2938573599365751 0.09089367512332605 0.05 0.05
0 0.18920619714587736 0.1226061486962647 0.05 0.05
0 0.21616179968287524 0.14797612755461576 0.05 0.05
0 0.2288467891120507 0.1860310958421421 0.05 0.05
0 0.23201803646934457 0.20928690979563053 0.05 0.05
0 0.29702860729386893 0.15220445736434082 0.05 0.05
0 0.31922733879492604 0.15220445736434082 0.05 0.05
0 0.3319123282241015 0.17334610641296672 0.05 0.05
0 0.36045355443974636 0.17546027131782924 0.05 0.05
0 0.33984044661733626 0.09300784002818858 0.05 0.05
0 0.344597317653277 0.076094520789288 0.05 0.05
0 0.4524197278012686 0.20928690979563053 0.05 0.05
0 0.45559097515856245 0.1839169309372796 0.05 0.05
0 0.44290598572938694 0.19871608527131765 0.05 0.05
0 0.4143647595137422 0.3001960007047214 0.05 0.05
0 0.39058040433403807 0.4820141825229033 0.05 0.05
0 0.39533727536997887 0.5031558315715291 0.05 0.05
0 0.45876222251585624 0.5348683051444678 0.05 0.05
0 0.5269440406976745 0.5433249647639181 0.05 0.05
0 0.5475571485200846 0.46721502818886523 0.05 0.05
0 0.4524197278012686 0.6469190451021845 0.05 0.05
0 0.18762057346723043 0.5348683051444678 0.05 0.05
0 0.2272611654334038 0.6469190451021845 0.05 0.05
0 0.1352949920718816 0.6067499119097955 0.05 0.05
0 0.044914442389006305 0.6109782417195206 0.05 0.05
0 0.18286370243128963 0.8963905038759689 0.05 0.05
0 0.344597317653277 0.8583355355884426 0.05 0.05
0 0.5840264931289642 0.8562213706835798 0.05 0.05
0 0.733075118921776 0.9133038231148696 0.05 0.05
0 0.8440687764270614 0.8477647110641297 0.05 0.05
0 0.9725042943974632 0.860449700493305 0.05 0.05
0 0.9344493261099368 0.44395921423537693 0.05 0.05
0 0.7616163451374207 0.44395921423537693 0.05 0.05
0 0.6855064085623679 0.4460733791402395 0.05 0.05
0 0.6664789244186047 0.1839169309372796 0.05 0.05
0 0.7108763874207189 0.14163363284002795 0.05 0.05
0 0.7299038715644821 0.167003611698379 0.05 0.05
0 0.7473457320295983 0.15431862226920348 0.05 0.05
0 0.3636248017970402 0.08666534531360087 0.05 0.05
0 0.39533727536997887 0.07186619097956282 0.05 0.05
