0 0.37605477297592993 0.08966311086797951 0.05 0.05
0 0.4055952543763676 0.10279221371261839 0.05 0.05
0 0.40231297866520793 0.19031956601021136 0.05 0.05
0 0.42200663293216634 0.2012604850474105 0.05 0.05
0 0.4482648386214443 0.2056368526622901 0.05 0.05
0 0.4449825629102845 0.22314232312180876 0.05 0.05
0 0.5500153856673962 0.2209541393143689 0.05 0.05
0 0.5697090399343546 0.20344866885485036 0.05 0.05
0 0.7846980990153173 0.2209541393143689 0.05 0.05
0 0.7732101340262584 0.2647178154631655 0.05 0.05
0 0.7535164797592999 0.2975405725747629 0.05 0.05
0 0.725617136214442 0.3216105944566009 0.05 0.05
0 0.6632538977024071 0.3325515134938 0.05 0.05
0 0.538527420678337 0.4660307257476294 0.05 0.05
0 0.5007812500000001 0.5316762399708241 0.05 0.05
0 0.4055952543763676 0.5251116885485048 0.05 0.05
0 0.3859016001094092 0.5097944018964259 0.05 0.05
0 0.4466237007658644 0.6367090627279358 0.05 0.05
0 0.4564705278993436 0.6870372902990518 0.05 0.05
0 0.476164182166302 0.7439300692924873 0.05 0.05
0 0.40231297866520793 0.7964464806710432 0.05 0.05
0 0.7190525847921226 0.573251732312181 0.05 0.05
0 0.8175208561269148 0.5579344456601021 0.05 0.05
0 0.8667549917943109 0.5097944018964259 0.05 0.05
0 0.8798840946389499 0.46384254194018953 0.05 0.05
0 0.3284617751641138 0.8248928701677608 0.05 0.05
0 0.18896505743982495 0.8008228482859228 0.05 0.05
0 0.17255367888402623 0.7526828045222466 0.05 0.05
0 0.044544926148796446 0.684849106491612 0.05 0.05
0 0.0051576176148795845 0.6870372902990518 0.05 0.05
0 0.02156899617067827 0.5579344456601021 0.05 0.05
0 0.07408540754923408 0.6410854303428155 0.05 0.05
0 0.100343613238512 0.6104508570386578 0.05 0.05
0 0.1906061952954048 0.33911606491611945 0.05 0.05
0 0.25296943380743986 0.3259869620714806 0.05 0.05
0 0.22178781455142232 0.24940052881108662 0.05 0.05
0 0.2562517095185996 0.18594319839533177 0.05 0.05
0 0.2660985366520788 0.14874407366885467 0.05 0.05
0 0.30384470733041574 0.1181095003646971 0.05 0.05
0 0.30712698304157554 0.10060402990517853 0.05 0.05
0 0.22999350382932165 0.11154494894237767 0.05 0.05
0 0.19881188457330415 0.11154494894237767 0.05 0.05
0 0.19717074671772425 0.0765340080233404 0.05 0.05
0 0.2398403309628009 0.06121672137126168 0.05 0.05
0 0.2939978801969366 0.041523067104303264 0.05 0.05
