0 0.046522574921135686 0.5283813091482652 0.05 0.05
0 0.19268450972660353 0.40780647563967776 0.05 0.05
0 0.4029894518927444 0.5269792762004909 0.05 0.05
0 0.3945772542060987 0.501742683140554 0.05 0.05
0 0.41665927313354356 0.4779081230283914 0.05 0.05
0 0.4618748356992638 0.6812029004556609 0.05 0.05
0 0.44820501445846467 0.6854089992989837 0.05 0.05
0 0.5070903982649841 0.5311853750438137 0.05 0.05
0 0.5502029114090429 0.5199691114616196 0.05 0.05
0 0.5628212079390114 0.4835162548194885 0.05 0.05
0 0.5375846148790745 0.4624857606028744 0.05 0.05
0 0.8845877694532067 0.7625208114265687 0.05 0.05
0 0.6711282531545739 0.25358285138450776 0.05 0.05
0 0.6090882952155623 0.1316059849281461 0.05 0.05
0 0.6763858767087274 0.08674093059936941 0.05 0.05
0 0.7226529639852785 0.12880191903259758 0.05 0.05
0 0.738425834647739 0.11618362250262919 0.05 0.05
0 0.34410406808622496 0.2003055993690855 0.05 0.05
0 0.3136098514721345 0.22273812653347386 0.05 0.05
0 0.26208514064143 0.21712999474237668 0.05 0.05
0 0.22002415220820187 0.2241401594812481 0.05 0.05
0 0.23159092402733958 0.14562631440588886 0.05 0.05
0 0.23684854758149312 0.11337955660708067 0.05 0.05
0 0.24526074526813874 0.09795719418156364 0.05 0.05
0 0.22528177576235536 0.06851450227830386 0.05 0.05
0 0.18532383675078862 0.11057549071153201 0.05 0.05
0 0.27154886303890635 0.09375109533824073 0.05 0.05
0 0.2810125854363827 0.09375109533824073 0.05 0.05
0 0.32202204915878013 0.0909470294426922 0.05 0.05
0 0.3598769387486855 0.09375109533824073 0.05 0.05
0 0.37249523527865397 0.08533889765159515 0.05 0.05
0 0.44820501445846467 0.21432592884682813 0.05 0.05
0 0.3125583267613038 0.0909470294426922 0.05 0.05
