0 0.20316220238095237 0.11347552910052912 0.05 0.05
0 0.21903521825396818 0.11083002645502636 0.05 0.05
0 0.27260664682539676 0.10553902116402109 0.05 0.05
0 0.2924479166666666 0.10553902116402109 0.05 0.05
0 0.31427331349206344 0.09760251322751318 0.05 0.05
0 0.3460193452380952 0.09231150793650791 0.05 0.05
0 0.34800347222222217 0.15051256613756603 0.05 0.05
0 0.3777653769841269 0.06850198412698406 0.05 0.05
0 0.4313368055555554 0.20871362433862425 0.05 0.05
0 0.45514632936507926 0.2113591269841269 0.05 0.05
0 0.3182415674603174 0.22458664021164007 0.05 0.05
0 0.5325272817460316 0.2113591269841269 0.05 0.05
0 0.5662574404761903 0.10289351851851845 0.05 0.05
0 0.5563368055555554 0.04998346560846561 0.05 0.05
0 0.5900669642857141 0.05791997354497352 0.05 0.05
0 0.6257812499999998 0.11083002645502636 0.05 0.05
0 0.6297495039682538 0.16638558201058196 0.05 0.05
0 0.6654637896825395 0.1690310846560846 0.05 0.05
0 0.5503844246031745 0.4706183862433862 0.05 0.05
0 0.7249875992063491 0.293369708994709 0.05 0.05
0 0.7686383928571426 0.25897817460317457 0.05 0.05
0 0.9075272817460315 0.39125330687830673 0.05 0.05
0 0.9154637896825394 0.4547453703703702 0.05 0.05
0 0.8222098214285711 0.48384589947089934 0.05 0.05
0 0.7249875992063491 0.4706183862433862 0.05 0.05
0 0.5245907738095237 0.5420469576719575 0.05 0.05
0 0.4610987103174602 0.5420469576719575 0.05 0.05
0 0.5662574404761903 0.6399305555555554 0.05 0.05
0 0.7706225198412697 0.7325231481481481 0.05 0.05
0 0.7289558531746031 0.8542162698412697 0.05 0.05
0 0.6257812499999998 0.9150628306878306 0.05 0.05
0 0.3261780753968253 0.7722056878306878 0.05 0.05
0 0.2527653769841269 0.7510416666666665 0.05 0.05
0 0.11189236111111105 0.6558035714285713 0.05 0.05
0 0.08609871031746026 0.6452215608465608 0.05 0.05
