0 0.04749582905544149 0.5051484428473648 0.05 0.05
0 0.09472375513347023 0.4052168891170432 0.05 0.05
0 0.13989829312114993 0.425750770020534 0.05 0.05
0 0.19739315965092405 0.36278020191649557 0.05 0.05
0 0.2651549666324436 0.3641491273100616 0.05 0.05
0 0.3051960343942506 0.38057623203285423 0.05 0.05
0 0.1881529132443532 0.7200697296372348 0.05 0.05
0 0.4396929543121151 0.5202066221765914 0.05 0.05
0 0.50642806724846 0.5448472792607804 0.05 0.05
0 0.5495492171457906 0.5270512491444216 0.05 0.05
0 0.5608428516427105 0.49830381587953465 0.05 0.05
0 0.5464691350102671 0.46955638261464755 0.05 0.05
0 0.6080707777207393 0.6228760266940453 0.05 0.05
0 0.6645389502053389 0.6078178473648187 0.05 0.05
0 0.6624855621149898 0.5804393394934977 0.05 0.05
0 0.8226498331622178 0.9240396132785764 0.05 0.05
0 0.9345594840862423 0.9322531656399727 0.05 0.05
0 0.7076601001026696 0.1369075119780972 0.05 0.05
0 0.7364075333675566 0.10816007871321011 0.05 0.05
0 0.6316847407597537 0.07393694387405887 0.05 0.05
0 0.6183377181724847 0.07256801848049281 0.05 0.05
0 0.561869545687885 0.20535378165639978 0.05 0.05
0 0.453039976899384 0.2080916324435319 0.05 0.05
0 0.44277303644763866 0.2217808863791923 0.05 0.05
0 0.39246502823408635 0.2368390657084189 0.05 0.05
0 0.36987775924024646 0.23820799110198496 0.05 0.05
0 0.3062227284394251 0.20946055783709785 0.05 0.05
0 0.3113561986652978 0.1902956023271732 0.05 0.05
0 0.2846621534907598 0.1724995722108145 0.05 0.05
0 0.2569414142710473 0.21356733401779604 0.05 0.05
0 0.30724942248459963 0.14101428815879538 0.05 0.05
0 0.33702354979466126 0.16702387063655025 0.05 0.05
0 0.2928757058521561 0.09173297399041758 0.05 0.05
0 0.27028843685831627 0.09583975017111565 0.05 0.05
0 0.3934917222792609 0.04518951060917177 0.05 0.05
0 0.4201857674537989 0.0479273613963039 0.05 0.05
0 0.28876892967145795 0.2149362594113621 0.05 0.05
