0 0.3202256944444445 0.09495701058201055 0.05 0.05
0 0.2170510912698412 0.14522156084656074 0.05 0.05
0 0.25673363095238094 0.1558035714285714 0.05 0.05
0 0.19720982142857138 0.22723214285714283 0.05 0.05
0 0.44720982142857135 0.2113591269841269 0.05 0.05
0 0.5464161706349204 0.20871362433862425 0.05 0.05
0 0.7825272817460316 0.25104166666666666 0.05 0.05
0 0.6674479166666665 0.3621527777777777 0.05 0.05
0 0.6773685515873015 0.4229993386243386 0.05 0.05
0 0.6952256944444442 0.48384589947089934 0.05 0.05
0 0.7666542658730158 0.4812003968253967 0.05 0.05
0 0.8162574404761902 0.695486111111111 0.05 0.05
0 0.9333209325396823 0.687549603174603 0.05 0.05
0 0.6575272817460316 0.830406746031746 0.05 0.05
0 0.5503844246031745 0.47590939153439143 0.05 0.05
0 0.6039558531746031 0.7854332010582009 0.05 0.05
0 0.5821304563492062 0.486491402116402 0.05 0.05
0 0.5563368055555554 0.5208829365079364 0.05 0.05
0 0.39760664682539676 0.5103009259259258 0.05 0.05
0 0.4095114087301586 0.5235284391534392 0.05 0.05
0 0.08213045634920631 0.4732638888888888 0.05 0.05
0 0.02657490079365077 0.4520998677248677 0.05 0.05
0 0.13173363095238091 0.4600363756613755 0.05 0.05
0 0.2904637896825396 0.7378141534391534 0.05 0.05
0 0.3063368055555554 0.7854332010582009 0.05 0.05
0 0.34800347222222217 0.7483961640211639 0.05 0.05
0 0.3539558531746031 0.7907242063492063 0.05 0.05
0 0.38967013888888885 0.7801421957671957 0.05 0.05
0 0.41546378968253955 0.7431051587301586 0.05 0.05
0 0.4313368055555554 0.740459656084656 0.05 0.05
