0 0.2811723705073996 0.09935033474277641 0.05 0.05
0 0.2843436178646934 0.09089367512332605 0.05 0.05
0 0.29227173625792807 0.08666534531360087 0.05 0.05
0 0.33666919926004224 0.08666534531360087 0.05 0.05
0 0.34301169397463005 0.07398035588442546 0.05 0.05
0 0.18603494978858348 0.12049198379140218 0.05 0.05
0 0.2098193049682875 0.12472031360112736 0.05 0.05
0 0.2795867468287526 0.1226061486962647 0.05 0.05
0 0.27641549947145877 0.17334610641296672 0.05 0.05
0 0.23836053118393236 0.16911777660324154 0.05 0.05
0 0.23201803646934457 0.3297943093727975 0.05 0.05
0 0.17969245507399575 0.35305012332628594 0.05 0.05
0 0.2748298757928119 0.7843397639182522 0.05 0.05
0 0.2605592626849894 0.9492446264975334 0.05 0.05
0 0.18762057346723043 0.9217604827343198 0.05 0.05
0 0.13053812103594079 0.9555871212121211 0.05 0.05
0 0.734660742600423 0.739942300916138 0.05 0.05
0 0.804428184460888 0.7610839499647638 0.05 0.05
0 0.5459715248414377 0.46932919309372784 0.05 0.05
0 0.5681702563424949 0.17968860112755441 0.05 0.05
0 0.43814911469344614 0.20294441508104283 0.05 0.05
0 0.4540053514799155 0.21140107470049305 0.05 0.05
0 0.465104717230444 0.1902594256518673 0.05 0.05
0 0.4999884381606766 0.3720776074700492 0.05 0.05
