0 0.14687575337512054 0.450897018643523 0.05 0.05
0 0.18448423939247832 0.430324855351977 0.05 0.05
0 0.2924880966730955 0.7517649067823852 0.05 0.05
0 0.32623930207328833 0.7761943506910961 0.05 0.05
0 0.3667407485535198 0.7826231517197043 0.05 0.05
0 0.5663550204918033 0.9780587029893925 0.05 0.05
0 0.7534331304243009 0.9703441417550628 0.05 0.05
0 0.45449388259402124 0.6424752892960464 0.05 0.05
0 0.43424315935390545 0.5871876004500162 0.05 0.05
0 0.4053135547251688 0.5306141513982643 0.05 0.05
0 0.39374171287367404 0.4997559064609451 0.05 0.05
0 0.5104244515429122 0.5306141513982643 0.05 0.05
0 0.5470686174059788 0.4663261411121827 0.05 0.05
0 0.5943203049662488 0.5100419881067181 0.05 0.05
0 0.6570011149951783 0.3120349164255867 0.05 0.05
0 0.6647156762295082 0.34675044198007077 0.05 0.05
0 0.6261428700578592 0.15388641112182586 0.05 0.05
0 0.5952846251205399 0.15517217132754743 0.05 0.05
0 0.7351110474927676 0.23360354387656698 0.05 0.05
0 0.7823627350530377 0.24260386531661857 0.05 0.05
0 0.8161139404532305 0.2541757071681133 0.05 0.05
0 0.7833270552073289 0.27860515107682426 0.05 0.05
0 0.8238285016875603 0.4213245339119254 0.05 0.05
0 0.8865093117164898 0.3994666104146577 0.05 0.05
0 0.21534248432979747 0.27217635004821605 0.05 0.05
0 0.21919976494696236 0.23103202346512386 0.05 0.05
0 0.2500580098842816 0.24646114593378338 0.05 0.05
0 0.2751303338958534 0.23360354387656698 0.05 0.05
0 0.28670217574734813 0.20274529893924792 0.05 0.05
0 0.3243106617647059 0.17960161523625853 0.05 0.05
0 0.35131162608486016 0.17960161523625853 0.05 0.05
0 0.3744553097878495 0.17060129379620706 0.05 0.05
0 0.4487079616682738 0.20531681935069107 0.05 0.05
0 0.33781114392478306 0.09731296207007402 0.05 0.05
0 0.3088815392960463 0.08959840083574425 0.05 0.05
0 0.28573785559305687 0.08831264063002256 0.05 0.05
0 0.26741577266152367 0.05488287528126013 0.05 0.05
0 0.24427208895853428 0.12945696721311475 0.05 0.05
0 0.21534248432979747 0.1153136049501768 0.05 0.05
0 0.18351991923818708 0.1268854468016715 0.05 0.05
0 0.1883415200096432 0.04459679363548699 0.05 0.05
