0 0.21792704055441484 0.11089792950034223 0.05 0.05
0 0.26823504876796717 0.1013154517453799 0.05 0.05
0 0.2826087654004107 0.09857760095824777 0.05 0.05
0 0.29184901180698153 0.08899512320328545 0.05 0.05
0 0.370904453285421 0.08351942162902119 0.05 0.05
0 0.30827611652977416 0.15744139288158793 0.05 0.05
0 0.27542190708418895 0.1875577515400411 0.05 0.05
0 0.2723418249486654 0.2258876625598905 0.05 0.05
0 0.2466744738193019 0.2833825290896646 0.05 0.05
0 0.22408720482546207 0.23136336413415465 0.05 0.05
0 0.17993936088295692 0.21356733401779604 0.05 0.05
0 0.30724942248459963 0.2943339322381931 0.05 0.05
0 0.370904453285421 0.295702857631759 0.05 0.05
0 0.44995989476386045 0.21630518480492805 0.05 0.05
0 0.10396400154004111 0.5777014887063655 0.05 0.05
0 0.06905640400410679 0.7077494010951404 0.05 0.05
0 0.03825558264887065 0.7063804757015743 0.05 0.05
0 0.006428067248459968 0.7638753422313485 0.05 0.05
0 0.25078125000000007 0.8104188056125942 0.05 0.05
0 0.43147940195071877 0.7885159993155374 0.05 0.05
0 0.38835825205338814 0.506517368240931 0.05 0.05
0 0.41094552104722804 0.5256823237508556 0.05 0.05
0 0.4417463424024642 0.5215755475701574 0.05 0.05
0 0.4735738578028748 0.5133619952087611 0.05 0.05
0 0.5115615374743328 0.5297890999315538 0.05 0.05
0 0.5505759111909652 0.5174687713894593 0.05 0.05
0 0.5557093814168379 0.48324563655030806 0.05 0.05
0 0.5454424409650925 0.4613428302532512 0.05 0.05
0 0.6768592787474333 0.3778383812457221 0.05 0.05
0 0.6778859727926079 0.26695542436687203 0.05 0.05
0 0.613204247946612 0.25874187200547566 0.05 0.05
0 0.5546826873716634 0.1902956023271732 0.05 0.05
0 0.6286046586242301 0.06298554072553048 0.05 0.05
