0 0.18159127892960464 0.4586115798778528 0.05 0.05
0 0.14012551229508197 0.4766122227579557 0.05 0.05
0 0.09576678519768562 0.4663261411121827 0.05 0.05
0 0.12469638982642237 0.37889444712311166 0.05 0.05
0 0.3387754640790742 0.4110384522661524 0.05 0.05
0 0.3426327446962391 0.34932196239151403 0.05 0.05
0 0.3812055508678881 0.4071811716489876 0.05 0.05
0 0.4053135547251688 0.5267568707810993 0.05 0.05
0 0.38988443225650915 0.5074704676952748 0.05 0.05
0 0.44774364151398266 0.5923306412729026 0.05 0.05
0 0.44388636089681777 0.6463325699132112 0.05 0.05
0 0.49210236861137896 0.5396144728383158 0.05 0.05
0 0.5489972577145612 0.4663261411121827 0.05 0.05
0 0.6010705460462874 0.5383287126325941 0.05 0.05
0 0.37059802917068463 0.794194993571199 0.05 0.05
0 0.2606655315814851 0.7864804323368693 0.05 0.05
0 0.2683800928158148 0.7543364271938284 0.05 0.05
0 0.27705897420443587 0.24646114593378338 0.05 0.05
0 0.24909368972999033 0.26446178881388627 0.05 0.05
0 0.19798472155255545 0.11659936515589849 0.05 0.05
0 0.2828448951301832 0.09731296207007402 0.05 0.05
0 0.31370314006750244 0.09602720186435233 0.05 0.05
0 0.3445613850048216 0.10245600289296052 0.05 0.05
0 0.4506366019768563 0.20788833976213444 0.05 0.05
0 0.6319287909836065 0.17960161523625853 0.05 0.05
0 0.6666443165380906 0.16802977338476383 0.05 0.05
0 0.7081100831726133 0.21817442140790747 0.05 0.05
0 0.7746481738187079 0.17188705400192864 0.05 0.05
0 0.78429137536162 0.18088737544198008 0.05 0.05
