0 0.19068509615384613 0.05611159673659678 0.05 0.05
0 0.30869208916083923 0.08932837995337989 0.05 0.05
0 0.3467165646853147 0.08408362470862467 0.05 0.05
0 0.3572060751748252 0.08408362470862467 0.05 0.05
0 0.44374453671328684 0.21520250582750577 0.05 0.05
0 0.45423404720279714 0.21520250582750577 0.05 0.05
0 0.2837795017482518 0.1714962121212121 0.05 0.05
0 0.26148929195804194 0.2886290792540792 0.05 0.05
0 0.1565941870629371 0.39177593240093245 0.05 0.05
0 0.2300207604895105 0.40576194638694646 0.05 0.05
0 0.35196131993006996 0.5211465617715618 0.05 0.05
0 0.4135871940559442 0.526391317016317 0.05 0.05
0 0.46472355769230766 0.526391317016317 0.05 0.05
0 0.532905375874126 0.5298878205128206 0.05 0.05
0 0.566996284965035 0.5228948135198136 0.05 0.05
0 0.587975305944056 0.4984192890442891 0.05 0.05
0 0.5447060751748252 0.46695075757575755 0.05 0.05
0 0.566996284965035 0.6330346736596737 0.05 0.05
0 0.45030048076923085 0.7326850233100234 0.05 0.05
0 0.4109648164335665 0.7624053030303031 0.05 0.05
0 0.4332550262237763 0.7886290792540793 0.05 0.05
0 0.3703179632867133 0.7798878205128206 0.05 0.05
0 0.3060697115384615 0.7693983100233102 0.05 0.05
0 0.32049278846153845 0.7938738344988345 0.05 0.05
0 0.6128878933566435 0.9529647435897437 0.05 0.05
0 0.7728529283216785 0.4302374708624709 0.05 0.05
0 0.6246885926573427 0.21520250582750577 0.05 0.05
0 0.7256501311188812 0.21520250582750577 0.05 0.05
0 0.7558074737762238 0.1784892191142191 0.05 0.05
0 0.7741641171328674 0.17674096736596734 0.05 0.05
0 0.7322060751748254 0.12604166666666666 0.05 0.05
0 0.7020487325174827 0.14876893939393934 0.05 0.05
