0 0.35442808301343576 0.08837372040946896 0.05 0.05
0 0.32755668186180426 0.07813699616122835 0.05 0.05
0 0.2910883517274473 0.07173904350607797 0.05 0.05
0 0.2670960292706334 0.09733085412667937 0.05 0.05
0 0.2546200215930903 0.08965331094049904 0.05 0.05
0 0.24310370681381963 0.055104366602687097 0.05 0.05
0 0.22966800623800387 0.09477167306461923 0.05 0.05
0 0.22390984884836856 0.12292266474728078 0.05 0.05
0 0.18456244001919392 0.09093290147152899 0.05 0.05
0 0.2565394073896353 0.1651491522712732 0.05 0.05
0 0.2450230926103647 0.2060960492642354 0.05 0.05
0 0.2795720369481766 0.19841850607805492 0.05 0.05
0 0.2536603286948177 0.2419245841330774 0.05 0.05
0 0.32659698896353173 0.16131038067818296 0.05 0.05
0 0.37458163387715937 0.17538587651951368 0.05 0.05
0 0.45231675863723614 0.20993482085732562 0.05 0.05
0 0.6605701175623802 0.1126859404990403 0.05 0.05
0 0.5530845129558541 0.22401031669865645 0.05 0.05
0 0.7603781789827256 0.12676143634037101 0.05 0.05
0 0.7517409428982726 0.12932061740243117 0.05 0.05
0 0.8035643594049905 0.4402611164427383 0.05 0.05
0 0.5434875839731287 0.4748100607805502 0.05 0.05
0 0.5655605206333973 0.5004018714011517 0.05 0.05
0 0.5358100407869483 0.5221549104286628 0.05 0.05
0 0.49934171065259125 0.5298324536148432 0.05 0.05
0 0.4072111924184261 0.5234345009596929 0.05 0.05
0 0.3937754918426104 0.5144773672424824 0.05 0.05
0 0.4148887356046066 0.48376719449776073 0.05 0.05
0 0.4571152231285989 0.7192118522072938 0.05 0.05
0 0.32755668186180426 0.7947076935380679 0.05 0.05
0 0.17976397552783113 0.8330954094689699 0.05 0.05
0 0.13753748800383878 0.8766014875239924 0.05 0.05
0 0.004140175143953939 0.6808241362763916 0.05 0.05
