0 0.9417463424024642 0.8788650752908965 0.05 0.05
0 0.910945521047228 0.7200697296372348 0.05 0.05
0 0.8236765272073923 0.7625064168377824 0.05 0.05
0 0.47768063398357297 0.6078178473648187 0.05 0.05
0 0.49616112679671465 0.564012234770705 0.05 0.05
0 0.49821451488706375 0.5434783538672143 0.05 0.05
0 0.46022683521560587 0.5325269507186859 0.05 0.05
0 0.2897956237166325 0.7926227754962355 0.05 0.05
0 0.048522523100616034 0.6461477583846681 0.05 0.05
0 0.13784490503080082 0.5174687713894593 0.05 0.05
0 0.25078125000000007 0.5243133983572896 0.05 0.05
0 0.3791180056468173 0.4914591889117043 0.05 0.05
0 0.38835825205338814 0.4750320841889117 0.05 0.05
0 0.22922067505133475 0.3258192162902122 0.05 0.05
0 0.22100712268993844 0.30254748459958936 0.05 0.05
0 0.26207488449691996 0.2970717830253252 0.05 0.05
0 0.2877422356262834 0.28885823066392885 0.05 0.05
0 0.3606375128336756 0.2765379021218344 0.05 0.05
0 0.40375866273100625 0.2751689767282683 0.05 0.05
0 0.3031426463039015 0.22725658795345657 0.05 0.05
0 0.25591472022587275 0.22041196098562638 0.05 0.05
0 0.2333274512320329 0.22041196098562638 0.05 0.05
0 0.29390239989733064 0.16017924366872005 0.05 0.05
0 0.26823504876796717 0.12184933264887061 0.05 0.05
0 0.24256769763860375 0.12458718343600275 0.05 0.05
0 0.27644860112936354 0.09994652635181384 0.05 0.05
0 0.28876892967145795 0.09720867556468171 0.05 0.05
0 0.33907693788501037 0.052034137577002086 0.05 0.05
0 0.38425147587269004 0.07119909308692675 0.05 0.05
0 0.4458531185831623 0.22041196098562638 0.05 0.05
0 0.46022683521560587 0.19850915468856947 0.05 0.05
0 0.5587894635523615 0.1793441991786447 0.05 0.05
0 0.5485225231006161 0.4613428302532512 0.05 0.05
0 0.8329167736139631 0.4654496064339494 0.05 0.05
0 0.5146416196098563 0.9774277036276524 0.05 0.05
0 0.15427200975359345 0.3244502908966461 0.05 0.05
