0 0.2216931996855346 0.08909198113207531 0.05 0.05
0 0.20125294811320762 0.12263495807127853 0.05 0.05
0 0.27357999213836487 0.08699554507337494 0.05 0.05
0 0.2861586084905661 0.09747772536687596 0.05 0.05
0 0.3459070361635221 0.08070623689727428 0.05 0.05
0 0.3569133254716982 0.08070623689727428 0.05 0.05
0 0.364774960691824 0.08699554507337494 0.05 0.05
0 0.21225923742138372 0.2421318134171905 0.05 0.05
0 0.26729068396226424 0.2463246855345909 0.05 0.05
0 0.11791961477987423 0.40984669811320734 0.05 0.05
0 0.20596992924528307 0.48112552410901444 0.05 0.05
0 0.3883598663522013 0.49370414046121575 0.05 0.05
0 0.1792403694968554 0.8018802410901466 0.05 0.05
0 0.5455925707547171 0.46435403563941274 0.05 0.05
0 0.6273535770440253 0.1750458595387838 0.05 0.05
0 0.8694919418238996 0.3721108490566035 0.05 0.05
0 0.6252527087737845 0.23888521846370664 0.05 0.05
