0 0.0824034265913758 0.4312264715947979 0.05 0.05
0 0.1501652335728953 0.42711969541409994 0.05 0.05
0 0.20766010010266944 0.41479936687200547 0.05 0.05
0 0.19944654774127316 0.5229444729637236 0.05 0.05
0 0.2446210857289528 0.5763325633127995 0.05 0.05
0 0.38938494609856267 0.5119930698151952 0.05 0.05
0 0.4212124614989734 0.5284201745379877 0.05 0.05
0 0.4448264245379877 0.5256823237508556 0.05 0.05
0 0.4797340220739221 0.5215755475701574 0.05 0.05
0 0.5074547612936346 0.5256823237508556 0.05 0.05
0 0.5516026052361397 0.5215755475701574 0.05 0.05
0 0.5608428516427105 0.4941970396988365 0.05 0.05
0 0.5454424409650925 0.4681874572210815 0.05 0.05
0 0.47665393993839844 0.7118561772758386 0.05 0.05
0 0.5474958290554415 0.7118561772758386 0.05 0.05
0 0.7969824820328544 0.9336220910335388 0.05 0.05
0 0.6214178003080083 0.24094584188911708 0.05 0.05
0 0.5505759111909652 0.19987808008213553 0.05 0.05
0 0.6049906955852157 0.06435446611909654 0.05 0.05
0 0.40375866273100625 0.2286255133470225 0.05 0.05
0 0.36474428901437383 0.23136336413415465 0.05 0.05
0 0.3380502438398358 0.23957691649555102 0.05 0.05
0 0.2713151309034908 0.23957691649555102 0.05 0.05
0 0.2569414142710473 0.25874187200547566 0.05 0.05
0 0.22819398100616023 0.3395084702258727 0.05 0.05
0 0.19431307751540045 0.2642175735797399 0.05 0.05
0 0.2661816606776181 0.13143181040383295 0.05 0.05
0 0.3411303259753594 0.15744139288158793 0.05 0.05
0 0.450986588809035 0.20672270704996573 0.05 0.05
0 0.355504042607803 0.08899512320328545 0.05 0.05
0 0.32675660934291584 0.10816007871321011 0.05 0.05
0 0.29595578798767974 0.09310189938398353 0.05 0.05
0 0.2785019892197126 0.09720867556468171 0.05 0.05
0 0.22819398100616023 0.07393694387405887 0.05 0.05
0 0.2117668762833676 0.06846124229979461 0.05 0.05
