0 0.24310370681381963 0.2265694977607166 0.05 0.05
0 0.36690409069097896 0.09093290147152899 0.05 0.05
0 0.34099238243762003 0.1011696257197696 0.05 0.05
0 0.30740313099808064 0.09989003518873953 0.05 0.05
0 0.18936090451055665 0.11524512156110044 0.05 0.05
0 0.195119061900192 0.09221249200255907 0.05 0.05
0 0.1884012116122841 0.05382477607165702 0.05 0.05
0 0.22199046305182346 0.06150231925783747 0.05 0.05
0 0.2536603286948177 0.5835752559181062 0.05 0.05
0 0.20663537667946258 0.6987384037108125 0.05 0.05
0 0.2335067778310941 0.7767934261036468 0.05 0.05
0 0.4072111924184261 0.5285528630838132 0.05 0.05
0 0.40433211372360855 0.49784269033909145 0.05 0.05
0 0.4206468929942419 0.48376719449776073 0.05 0.05
0 0.5146967970249521 0.5387895873320537 0.05 0.05
0 0.5540442058541267 0.5170365483045425 0.05 0.05
0 0.5540442058541267 0.4952835092770313 0.05 0.05
0 0.5425278910748561 0.4824876039667307 0.05 0.05
0 0.714312919865643 0.1523532469609724 0.05 0.05
0 0.44751829414587335 0.2150531829814459 0.05 0.05
