0 0.22774862044145877 0.1433961132437619 0.05 0.05
0 0.30548374520153554 0.13060020793346125 0.05 0.05
0 0.32563729606525915 0.18178382917466404 0.05 0.05
0 0.31795975287907874 0.17154710492642355 0.05 0.05
0 0.36210562619961617 0.18690219129878435 0.05 0.05
0 0.44751829414587335 0.2150531829814459 0.05 0.05
0 0.3765010196737045 0.25344089891234794 0.05 0.05
0 0.3505893114203455 0.25088171785028784 0.05 0.05
0 0.16728796785028793 0.33661428342930255 0.05 0.05
0 0.06460082773512478 0.5899732085732566 0.05 0.05
0 0.003180482245681382 0.5861344369801664 0.05 0.05
0 0.2882092730326296 0.7691158829174665 0.05 0.05
0 0.41104996401151633 0.5311120441458733 0.05 0.05
0 0.3976142634357006 0.506799824056302 0.05 0.05
0 0.4206468929942419 0.48376719449776073 0.05 0.05
0 0.5118177183301345 0.5323916346769034 0.05 0.05
0 0.5482860484644914 0.524714091490723 0.05 0.05
0 0.5617217490403072 0.49784269033909145 0.05 0.05
0 0.5377294265834933 0.4696916986564299 0.05 0.05
0 0.6740058181381958 0.17794505758157383 0.05 0.05
0 0.7200710772552784 0.14595529430582205 0.05 0.05
0 0.2978062020153551 0.09733085412667937 0.05 0.05
0 0.3534683901151632 0.08965331094049904 0.05 0.05
0 0.34099238243762003 0.10244921625079968 0.05 0.05
