0 0.20641936188811183 0.06660110722610733 0.05 0.05
0 0.31655922202797204 0.10156614219114223 0.05 0.05
0 0.34409418706293715 0.07184586247086244 0.05 0.05
0 0.34933894230769236 0.08408362470862467 0.05 0.05
0 0.4411221590909092 0.20471299533799533 0.05 0.05
0 0.45423404720279714 0.21869900932400935 0.05 0.05
0 0.3952305506993007 0.505412296037296 0.05 0.05
0 0.40178649475524486 0.51939831002331 0.05 0.05
0 0.4594788024475525 0.5421255827505828 0.05 0.05
0 0.5211046765734266 0.5438738344988345 0.05 0.05
0 0.5748634178321679 0.5228948135198136 0.05 0.05
0 0.5905976835664337 0.5036640442890443 0.05 0.05
0 0.5447060751748252 0.4739437645687646 0.05 0.05
0 0.7230277534965037 0.2641535547785548 0.05 0.05
0 0.7767864947552449 0.25716054778554776 0.05 0.05
0 0.7177829982517483 0.3795381701631702 0.05 0.05
0 0.7794088723776225 0.39177593240093245 0.05 0.05
0 0.8475906905594407 0.3847829254079253 0.05 0.05
0 0.91446131993007 0.4389787296037296 0.05 0.05
0 0.8016990821678324 0.5578598484848486 0.05 0.05
0 0.6850032779720282 0.6382794289044289 0.05 0.05
0 0.9052829982517483 0.8707969114219114 0.05 0.05
0 0.9695312500000002 0.9284892191142192 0.05 0.05
0 0.14610467657342657 0.7571605477855479 0.05 0.05
0 0.20248579545454545 0.7554122960372961 0.05 0.05
