0 0.21297530594405592 0.124293414918415 0.05 0.05
0 0.30869208916083923 0.10156614219114223 0.05 0.05
0 0.34147180944055944 0.07709061771561766 0.05 0.05
0 0.3506501311188811 0.08058712121212111 0.05 0.05
0 0.42276551573426585 0.23792977855477856 0.05 0.05
0 0.4358774038461538 0.21695075757575755 0.05 0.05
0 0.45161166958041965 0.20820949883449877 0.05 0.05
0 0.4594788024475525 0.20820949883449877 0.05 0.05
0 0.5997760052447554 0.17499271561771554 0.05 0.05
0 0.6404228583916085 0.1592584498834499 0.05 0.05
0 0.5525732080419582 0.4704472610722611 0.05 0.05
0 0.5892864947552449 0.49142628205128214 0.05 0.05
0 0.5709298513986015 0.51939831002331 0.05 0.05
0 0.5224158653846155 0.5438738344988345 0.05 0.05
0 0.4529228583916085 0.5386290792540792 0.05 0.05
0 0.40703125 0.5351325757575758 0.05 0.05
0 0.386052229020979 0.5089087995337995 0.05 0.05
0 0.28902425699300704 0.241426282051282 0.05 0.05
0 0.2418214597902098 0.24492278554778554 0.05 0.05
0 0.1841291520979021 0.32009761072261067 0.05 0.05
0 0.24575502622377626 0.32009761072261067 0.05 0.05
0 0.19724104020979022 0.51939831002331 0.05 0.05
0 0.240510270979021 0.5368808275058276 0.05 0.05
0 0.047765515734265726 0.6015661421911422 0.05 0.05
0 0.011052229020978998 0.6330346736596737 0.05 0.05
0 0.20117460664335668 0.7047129953379954 0.05 0.05
