0 0.4482648386214442 0.2143895878920496 0.05 0.05
0 0.33830860229759296 0.2997287563822026 0.05 0.05
0 0.5434508342450767 0.21876595550692918 0.05 0.05
0 0.5434508342450767 0.11154494894237767 0.05 0.05
0 0.563144488512035 0.10716858132749808 0.05 0.05
0 0.7338228254923413 0.2056368526622901 0.05 0.05
0 0.765004444748359 0.20344866885485036 0.05 0.05
0 0.5467331099562365 0.4725952771699489 0.05 0.05
0 0.513910352844639 0.5294880561633843 0.05 0.05
0 0.39574842724288845 0.5163589533187455 0.05 0.05
0 0.4482648386214443 0.5798162837345003 0.05 0.05
0 0.39903070295404813 0.5360526075857038 0.05 0.05
0 0.44005914934354495 0.6410854303428155 0.05 0.05
0 0.4991401121444202 0.7264245988329686 0.05 0.05
0 0.9028600246170682 0.6016981218088986 0.05 0.05
0 0.8076740289934357 0.7811291940189643 0.05 0.05
0 0.6813064141137857 0.7964464806710432 0.05 0.05
0 0.5664267642231948 0.8139519511305617 0.05 0.05
0 0.5171926285557988 0.8445865244347193 0.05 0.05
0 0.43021232221006567 0.8489628920495988 0.05 0.05
0 0.39246615153172865 0.7964464806710432 0.05 0.05
0 0.2398403309628009 0.7680000911743253 0.05 0.05
0 0.17583595459518597 0.7745646425966448 0.05 0.05
0 0.13152523249452952 0.7395537016776076 0.05 0.05
0 0.11347271608315095 0.5929453865791392 0.05 0.05
0 0.06587971827133475 0.6367090627279358 0.05 0.05
0 0.047827201859956175 0.6388972465353755 0.05 0.05
0 0.10690816466083149 0.5382407913931435 0.05 0.05
