0 0.4702870333859094 0.77934520679986 0.05 0.05
0 0.45766873685594095 0.7008313617245007 0.05 0.05
0 0.4050925013144058 0.5283813091482652 0.05 0.05
0 0.4040409766035751 0.5045467490361025 0.05 0.05
0 0.41245317429022066 0.4793101559761657 0.05 0.05
0 0.3388464445320714 0.19750153347353697 0.05 0.05
0 0.3062491784963196 0.16946087451805145 0.05 0.05
0 0.2841671595688748 0.16946087451805145 0.05 0.05
0 0.23579702287066243 0.0909470294426922 0.05 0.05
0 0.27785801130389054 0.09655516123378938 0.05 0.05
0 0.2862702089905362 0.08954499649491794 0.05 0.05
0 0.3157129008937959 0.09515312828601499 0.05 0.05
0 0.3346403456887486 0.09375109533824073 0.05 0.05
0 0.3640830375920083 0.08674093059936941 0.05 0.05
0 0.37354675998948467 0.0909470294426922 0.05 0.05
0 0.45346263801261816 0.21712999474237668 0.05 0.05
0 0.6196035423238694 0.2045116982124083 0.05 0.05
0 0.6606130060462669 0.2045116982124083 0.05 0.05
0 0.6711282531545739 0.22834625832457103 0.05 0.05
0 0.7005709450578336 0.21853202769015106 0.05 0.05
0 0.7815383477917979 0.21853202769015106 0.05 0.05
0 0.7899505454784435 0.2045116982124083 0.05 0.05
0 0.795208169032597 0.4064044426919035 0.05 0.05
0 0.8288569597791795 0.43444510164738903 0.05 0.05
0 0.7216014392744476 0.42042477216964624 0.05 0.05
0 0.6816435002628809 0.4582796617595516 0.05 0.05
0 0.5438937631440587 0.4737020241850686 0.05 0.05
0 0.56071815851735 0.501742683140554 0.05 0.05
0 0.5459968125657201 0.5269792762004909 0.05 0.05
0 0.5091934476866455 0.5395975727304594 0.05 0.05
