0 0.8870246362433862 0.6915178571428572 0.05 0.05
0 0.9558077050264551 0.6717647707231041 0.05 0.05
0 0.7610987103174602 0.6082727072310407 0.05 0.05
0 0.6743262235449736 0.6350804673721341 0.05 0.05
0 0.5060722552910053 0.5447806437389772 0.05 0.05
0 0.4510458002645502 0.5856977513227514 0.05 0.05
0 0.40448495370370374 0.5222056878306879 0.05 0.05
0 0.39178654100529103 0.49963073192239865 0.05 0.05
0 0.14099289021164024 0.598396164021164 0.05 0.05
0 0.0933738425925926 0.5828758818342152 0.05 0.05
0 0.10078125 0.45165895061728395 0.05 0.05
0 0.09019923941798944 0.5080963403880071 0.05 0.05
0 0.0478711970899471 0.44319334215167555 0.05 0.05
0 0.2912574404761905 0.7902832892416227 0.05 0.05
0 0.36850611772486774 0.7987488977072311 0.05 0.05
0 0.44258019179894176 0.6322585978835978 0.05 0.05
0 0.5505166997354498 0.46859016754850097 0.05 0.05
0 0.34099289021164025 0.30915454144620813 0.05 0.05
0 0.3071304563492064 0.30915454144620813 0.05 0.05
0 0.3039558531746032 0.23296406525573196 0.05 0.05
0 0.27538442460317464 0.21321097883597892 0.05 0.05
0 0.24892939814814818 0.1920469576719577 0.05 0.05
0 0.23728918650793657 0.18217041446208113 0.05 0.05
0 0.2055431547619048 0.14548611111111118 0.05 0.05
0 0.22459077380952386 0.10880180776014114 0.05 0.05
0 0.30501405423280425 0.0975143298059964 0.05 0.05
0 0.3431092923280424 0.0975143298059964 0.05 0.05
0 0.5875537367724868 0.19063602292768966 0.05 0.05
0 0.6425801917989419 0.18781415343915336 0.05 0.05
0 0.6542204034391534 0.18217041446208113 0.05 0.05
0 0.7134796626984128 0.14125330687830687 0.05 0.05
0 0.736760085978836 0.14266424162257502 0.05 0.05
