0 0.27641549947145877 0.0930078400281887 0.05 0.05
0 0.2875148652219873 0.09300784002818858 0.05 0.05
0 0.295442983615222 0.08455118040873835 0.05 0.05
0 0.31764171511627903 0.09089367512332605 0.05 0.05
0 0.33825482293868925 0.09089367512332605 0.05 0.05
0 0.35569668340380556 0.08666534531360087 0.05 0.05
0 0.31764171511627903 0.17546027131782924 0.05 0.05
0 0.247874273255814 0.1839169309372796 0.05 0.05
0 0.15749372357293867 0.41013257575757556 0.05 0.05
0 0.10358251849894289 0.43338838971106397 0.05 0.05
0 0.09724002378435515 0.6278915609584212 0.05 0.05
0 0.13370936839323466 0.6426907152924594 0.05 0.05
0 0.29702860729386893 0.5200691508104298 0.05 0.05
0 0.20347681025369982 0.7462847956307257 0.05 0.05
0 0.2637305100422833 0.7483989605355884 0.05 0.05
0 0.538043406448203 0.5771516032417193 0.05 0.05
0 0.563413385306554 0.5538957892882309 0.05 0.05
0 0.5491427721987316 0.4629866983791401 0.05 0.05
0 0.6252527087737845 0.48835667723749104 0.05 0.05
0 0.6696501717758986 0.48835667723749104 0.05 0.05
0 0.734660742600423 0.4207034002818884 0.05 0.05
0 0.7552738504228331 0.36996344256518654 0.05 0.05
0 0.8234556686046514 0.36362094785059884 0.05 0.05
0 0.8377262817124738 0.4376167195207891 0.05 0.05
0 0.7251470005285413 0.10569282945736411 0.05 0.05
0 0.733075118921776 0.09723616983791387 0.05 0.05
