0 0.06490854026036644 0.6180458453873353 0.05 0.05
0 0.1179461487463838 0.615474324975892 0.05 0.05
0 0.1459114332208293 0.6000452025072325 0.05 0.05
0 0.39374171287367404 0.4997559064609451 0.05 0.05
0 0.41206379580520724 0.5383287126325941 0.05 0.05
0 0.44774364151398266 0.6463325699132112 0.05 0.05
0 0.3570975470106075 0.8006237945998073 0.05 0.05
0 0.30020265790742523 0.7877661925425908 0.05 0.05
0 0.28380921528447445 0.7556221873995501 0.05 0.05
0 0.5383897360173577 0.8057668354226937 0.05 0.05
0 0.54803293756027 0.7440503455480554 0.05 0.05
0 0.5056028507714562 0.5254711105753778 0.05 0.05
0 0.5422470166345226 0.46889766152362594 0.05 0.05
0 0.5943203049662488 0.5100419881067181 0.05 0.05
0 0.6570011149951783 0.6116170443587271 0.05 0.05
0 0.7138960040983606 0.6334749678559949 0.05 0.05
0 0.7505401699614271 0.6553328913532627 0.05 0.05
0 0.7891129761330762 0.5331856718097076 0.05 0.05
0 0.9038670744937318 0.46246886049501773 0.05 0.05
0 0.9029027543394406 0.42775333494053364 0.05 0.05
0 0.4458150012054002 0.20917409996785613 0.05 0.05
0 0.3908487524108003 0.20660257955641276 0.05 0.05
0 0.3368468237704918 0.21303138058502094 0.05 0.05
0 0.30984585945033755 0.09602720186435233 0.05 0.05
0 0.28573785559305687 0.09602720186435233 0.05 0.05
0 0.346490025313404 0.09988448248151727 0.05 0.05
0 0.1921988006268081 0.07031199774991966 0.05 0.05
