0 0.19592985139860136 0.07009761072261078 0.05 0.05
0 0.22084243881118884 0.07709061771561766 0.05 0.05
0 0.24575502622377626 0.07534236596736589 0.05 0.05
0 0.2903354458041958 0.10331439393939389 0.05 0.05
0 0.31655922202797204 0.11555215617715611 0.05 0.05
0 0.3178704108391609 0.09282488344988345 0.05 0.05
0 0.3454053758741259 0.07359411421911423 0.05 0.05
0 0.3532725087412588 0.07709061771561766 0.05 0.05
0 0.21297530594405595 0.12429341491841489 0.05 0.05
0 0.21035292832167835 0.14876893939393934 0.05 0.05
0 0.240510270979021 0.1994682400932401 0.05 0.05
0 0.26804523601398605 0.1994682400932401 0.05 0.05
0 0.31393684440559444 0.1662514568764569 0.05 0.05
0 0.22477600524475524 0.06834935897435888 0.05 0.05
0 0.2903354458041958 0.26939831002331 0.05 0.05
0 0.33229348776223777 0.26939831002331 0.05 0.05
0 0.4411221590909092 0.2064612470862471 0.05 0.05
0 0.45030048076923085 0.2064612470862471 0.05 0.05
0 0.1421711101398601 0.42149621212121213 0.05 0.05
0 0.18544034090909092 0.48268502331002333 0.05 0.05
0 0.27984593531468527 0.4284892191142191 0.05 0.05
0 0.06481097027972024 0.6470206876456877 0.05 0.05
0 0.1238144667832168 0.6470206876456877 0.05 0.05
0 0.3021361451048951 0.7484192890442891 0.05 0.05
0 0.3191815996503497 0.7956220862470863 0.05 0.05
0 0.40440887237762235 0.7781395687645688 0.05 0.05
0 0.4358774038461538 0.7396780303030304 0.05 0.05
0 0.39391936188811194 0.5001675407925408 0.05 0.05
0 0.3978529283216784 0.5298878205128206 0.05 0.05
0 0.45685642482517486 0.5316360722610723 0.05 0.05
0 0.5263494318181818 0.5368808275058276 0.05 0.05
0 0.560440340909091 0.5211465617715618 0.05 0.05
0 0.5932200611888112 0.4984192890442891 0.05 0.05
0 0.5433948863636363 0.47569201631701635 0.05 0.05
0 0.5643739073426574 0.6557619463869464 0.05 0.05
0 0.6325557255244757 0.6225451631701632 0.05 0.05
0 0.8187445367132868 0.47569201631701635 0.05 0.05
0 0.629933347902098 0.28688082750582755 0.05 0.05
0 0.7072934877622379 0.2291885198135198 0.05 0.05
0 0.7440067744755247 0.18023747086247088 0.05 0.05
0 0.7807200611888113 0.18023747086247088 0.05 0.05
0 0.5840417395104895 0.08233537296037288 0.05 0.05
