0 0.3069528989874638 0.1628867325618773 0.05 0.05
0 0.24620072926711672 0.13974304885888789 0.05 0.05
0 0.29152377651880423 0.09474144165863076 0.05 0.05
0 0.3108101796046287 0.09345568145290907 0.05 0.05
0 0.3368468237704918 0.09859872227579558 0.05 0.05
0 0.27802329435872714 0.09602720186435233 0.05 0.05
0 0.243307768804243 0.09859872227579558 0.05 0.05
0 0.20280632232401158 0.03816799260687891 0.05 0.05
0 0.50078125 0.5409002330440373 0.05 0.05
0 0.4448506810511089 0.5820445596271296 0.05 0.05
0 0.20955656340405016 0.3287497990999679 0.05 0.05
0 0.20666360294117644 0.4393251767920283 0.05 0.05
0 0.22402136571841852 0.14874337029893922 0.05 0.05
0 0.7746481738187079 0.14102880906460946 0.05 0.05
0 0.5364610957087753 0.4727549421407907 0.05 0.05
0 0.44388636089681777 0.6579044117647059 0.05 0.05
0 0.40627787487945993 0.5357571922211508 0.05 0.05
0 0.39181307256509157 0.5048989472838316 0.05 0.05
0 0.5972132654291225 0.5228995901639345 0.05 0.05
0 0.9347253194310511 0.8559114834458373 0.05 0.05
0 0.7225748854869817 0.9806302234008357 0.05 0.05
0 0.3628834679363549 0.8006237945998073 0.05 0.05
0 0.3050242586788814 0.7916234731597558 0.05 0.05
0 0.2529509703471552 0.7646225088396015 0.05 0.05
0 0.4487079616682738 0.20917409996785613 0.05 0.05
0 0.5663550204918033 0.07674079877852785 0.05 0.05
