0 0.23926493522072936 0.4351427543186181 0.05 0.05
0 0.33043576055662194 0.38907749520153545 0.05 0.05
0 0.4465586012476008 0.8420525431861805 0.05 0.05
0 0.5003014035508638 0.8996341170825336 0.05 0.05
0 0.5991497720729367 0.8625259916826615 0.05 0.05
0 0.5223743402111325 0.6744261836212412 0.05 0.05
0 0.7162323056621882 0.7486424344209852 0.05 0.05
0 0.7680557221689062 0.742244481765835 0.05 0.05
0 0.832355146353167 0.5963711612284068 0.05 0.05
0 0.9081708853166987 0.5912527991042865 0.05 0.05
0 0.5396488123800385 0.46841210812539985 0.05 0.05
0 0.5636411348368523 0.49912228087012156 0.05 0.05
0 0.5559635916506719 0.5221549104286628 0.05 0.05
0 0.5012610964491364 0.5375099968010237 0.05 0.05
0 0.40817088531669865 0.5272732725527831 0.05 0.05
0 0.394735184740883 0.5119181861804223 0.05 0.05
0 0.4168081214011517 0.49016514715291104 0.05 0.05
0 0.3755413267754319 0.2739143474088292 0.05 0.05
0 0.313161288387716 0.2521613083813179 0.05 0.05
0 0.2613378718809981 0.24064499360204733 0.05 0.05
0 0.2008772192898273 0.27135516634676904 0.05 0.05
0 0.3112419025911709 0.17282669545745363 0.05 0.05
0 0.31412098128598853 0.14851447536788218 0.05 0.05
0 0.2728541866602688 0.11652471209213051 0.05 0.05
0 0.21911138435700578 0.11652471209213051 0.05 0.05
0 0.19128029030710175 0.11524512156110044 0.05 0.05
0 0.2085547624760077 0.06790027191298785 0.05 0.05
0 0.18360274712092134 0.04230846129238633 0.05 0.05
0 0.2795720369481766 0.06917986244401793 0.05 0.05
0 0.2901286588291747 0.06278190978886755 0.05 0.05
0 0.29684650911708255 0.10884716890595006 0.05 0.05
0 0.2930077375239924 0.09093290147152899 0.05 0.05
0 0.33523422504798467 0.0806961772232885 0.05 0.05
0 0.3525086972168906 0.07813699616122835 0.05 0.05
0 0.3083628238963532 0.07685740563019827 0.05 0.05
0 0.4484779870441459 0.20865523032629554 0.05 0.05
0 0.6538522672744722 0.11524512156110044 0.05 0.05
0 0.6509731885796546 0.18818178182981443 0.05 0.05
0 0.6816833613243763 0.18818178182981443 0.05 0.05
0 0.6874415187140116 0.2060960492642354 0.05 0.05
0 0.7181516914587334 0.18818178182981443 0.05 0.05
0 0.7527006357965452 0.2649572136916187 0.05 0.05
0 0.7910883517274473 0.1894613723608445 0.05 0.05
0 0.8102822096928982 0.18306341970569412 0.05 0.05
0 0.8419520753358926 0.26751639475367883 0.05 0.05
