0 0.2748298757928118 0.10146449964763905 0.05 0.05
0 0.28592924154334043 0.09300784002818858 0.05 0.05
0 0.29227173625792807 0.08877951021846352 0.05 0.05
0 0.33508357558139534 0.09300784002818858 0.05 0.05
0 0.34142607029598315 0.07820868569415064 0.05 0.05
0 0.19871993921775896 0.13529113812544022 0.05 0.05
0 0.19713431553911204 0.09935033474277641 0.05 0.05
0 0.2256755417547569 0.15220445736434082 0.05 0.05
0 0.247874273255814 0.16066111698379118 0.05 0.05
0 0.20347681025369982 0.247341878083157 0.05 0.05
0 0.2288467891120507 0.22620022903453124 0.05 0.05
0 0.27641549947145877 0.21140107470049305 0.05 0.05
0 0.3097135967230444 0.19660192036645513 0.05 0.05
0 0.4444916094080339 0.20294441508104283 0.05 0.05
0 0.46193346987315015 0.2198577343199434 0.05 0.05
0 0.4635190935517971 0.1923735905567298 0.05 0.05
0 0.5745127510570825 0.1839169309372796 0.05 0.05
0 0.7251470005285413 0.12472031360112736 0.05 0.05
0 0.7425888609936576 0.12049198379140218 0.05 0.05
0 0.5491427721987316 0.46932919309372784 0.05 0.05
0 0.4492484804439747 0.7526272903453134 0.05 0.05
0 0.7901575713530656 0.5602382840028188 0.05 0.05
0 0.8202844212473573 0.5581241190979561 0.05 0.05
