0 0.19272114071038243 0.03838228597449932 0.05 0.05
0 0.24873206967213118 0.0802766393442622 0.05 0.05
0 0.311573599726776 0.09667008196721305 0.05 0.05
0 0.35802168715847 0.19503073770491805 0.05 0.05
0 0.2050162226775957 0.171351320582878 0.05 0.05
0 0.22414190573770498 0.15495787795992713 0.05 0.05
0 0.26922387295081973 0.15495787795992713 0.05 0.05
0 0.3074752390710383 0.16224385245901635 0.05 0.05
0 0.3798796106557378 0.1330999544626593 0.05 0.05
0 0.40583589480874327 0.11488501821493623 0.05 0.05
0 0.43862278005464483 0.20960268670309645 0.05 0.05
0 0.45228398224043714 0.20960268670309645 0.05 0.05
0 0.3184042008196722 0.22053164845173043 0.05 0.05
0 0.2774205942622951 0.1859232695810564 0.05 0.05
0 0.17222933743169402 0.36078665755919853 0.05 0.05
0 0.22414190573770498 0.36078665755919853 0.05 0.05
0 0.3921746926229509 0.5065061475409837 0.05 0.05
0 0.40583589480874327 0.5301855646630237 0.05 0.05
0 0.3238686816939892 0.7688012295081967 0.05 0.05
0 0.3648522882513662 0.7851946721311476 0.05 0.05
0 0.40037141393442627 0.7542292805100181 0.05 0.05
0 0.44135502049180336 0.7706227231329691 0.05 0.05
0 0.4249615778688526 0.7086919398907104 0.05 0.05
0 0.5137593920765028 0.5775443989071039 0.05 0.05
0 0.5492785177595628 0.521078096539162 0.05 0.05
0 0.5738686816939891 0.4937556921675775 0.05 0.05
0 0.543814036885246 0.46825478142076504 0.05 0.05
0 0.7951801571038253 0.7050489526411657 0.05 0.05
0 0.8716828893442624 0.7086919398907104 0.05 0.05
0 0.7214096653005464 0.29339139344262294 0.05 0.05
0 0.7500981898907104 0.3061418488160291 0.05 0.05
0 0.7951801571038253 0.4372893897996357 0.05 0.05
0 0.677693818306011 0.2187101548269581 0.05 0.05
0 0.6353440915300548 0.12034949908925323 0.05 0.05
0 0.6790599385245903 0.1385644353369763 0.05 0.05
0 0.7118468237704919 0.10942053734061924 0.05 0.05
0 0.7432675887978142 0.10577755009107458 0.05 0.05
