0 0.27594536378555795 0.07653400802334052 0.05 0.05
0 0.2956390180525164 0.09622766229029894 0.05 0.05
0 0.31861494803063456 0.0940394784828591 0.05 0.05
0 0.24968715809628006 0.08091037563822011 0.05 0.05
0 0.22671122811816197 0.11154494894237767 0.05 0.05
0 0.21358212527352297 0.15093225747629452 0.05 0.05
0 0.30056243161925605 0.16187317651349364 0.05 0.05
0 0.33010291301969363 0.12467405178701665 0.05 0.05
0 0.39574842724288845 0.13999133843909536 0.05 0.05
0 0.44334142505470464 0.2100132202771698 0.05 0.05
0 0.5483742478118162 0.21438958789204948 0.05 0.05
0 0.5598622128008753 0.2100132202771698 0.05 0.05
0 0.6632538977024071 0.20782503646972994 0.05 0.05
0 0.7206937226477025 0.18156683078045208 0.05 0.05
0 0.776492409737418 0.16624954412837323 0.05 0.05
0 0.7978272018599564 0.17937864697301223 0.05 0.05
0 0.6107374863238513 0.33473969730123976 0.05 0.05
0 0.538527420678337 0.47915982859226836 0.05 0.05
0 0.4974989742888403 0.5404289752005835 0.05 0.05
0 0.39738956509846834 0.5032298504741065 0.05 0.05
0 0.40395411652078783 0.5294880561633843 0.05 0.05
0 0.31040925875273523 0.38069155725747617 0.05 0.05
0 0.31369153446389497 0.5207353209336251 0.05 0.05
0 0.2677396745076587 0.38069155725747617 0.05 0.05
0 0.20045302242888402 0.2975405725747629 0.05 0.05
0 0.2972801559080963 0.2515887126185265 0.05 0.05
0 0.351437705142232 0.2865996535375637 0.05 0.05
0 0.39410728938730855 0.27784691830780434 0.05 0.05
0 0.2693808123632385 0.33473969730123976 0.05 0.05
0 0.10198475109409189 0.6060744894237783 0.05 0.05
0 0.02813354759299776 0.634520878920496 0.05 0.05
0 0.04126265043763671 0.6454617979576952 0.05 0.05
0 0.21194098741794307 0.7614355397520058 0.05 0.05
0 0.2431226066739606 0.7504946207148068 0.05 0.05
0 0.22835236597374178 0.7701882749817651 0.05 0.05
0 0.29892129376367615 0.8008228482859228 0.05 0.05
0 0.3432320158643326 0.8380219730123997 0.05 0.05
0 0.3859016001094092 0.8030110320933626 0.05 0.05
0 0.4285711843544858 0.6673436360320932 0.05 0.05
0 0.6058140727571117 0.6826609226841721 0.05 0.05
0 0.7912626504376369 0.5644989970824216 0.05 0.05
0 0.7403873769146609 0.4813480123997082 0.05 0.05
0 0.6780241384026259 0.46384254194018953 0.05 0.05
0 0.7321816876367616 0.41351431436907354 0.05 0.05
0 0.9258359545951862 0.5798162837345003 0.05 0.05
