0 0.012588231519507198 0.7132251026694044 0.05 0.05
0 0.25386133213552364 0.5037795174537988 0.05 0.05
0 0.4191590734086243 0.7885159993155374 0.05 0.05
0 0.4838407982546202 0.6201381759069131 0.05 0.05
0 0.4951344327515401 0.5735947125256674 0.05 0.05
0 0.4889742684804929 0.5393715776865161 0.05 0.05
0 0.44277303644763866 0.5243133983572896 0.05 0.05
0 0.4006785805954826 0.48461456194387414 0.05 0.05
0 0.36371759496919925 0.49830381587953465 0.05 0.05
0 0.5485225231006161 0.4722942334017797 0.05 0.05
0 0.7384609214579057 0.8405351642710474 0.05 0.05
0 0.8421570200205339 0.8487487166324436 0.05 0.05
0 0.9171056853182753 0.7282832819986312 0.05 0.05
0 0.9017052746406572 0.32718814168377824 0.05 0.05
0 0.8401036319301849 0.3518287987679672 0.05 0.05
0 0.7610481904517454 0.27106220054757013 0.05 0.05
0 0.6912329953798768 0.28748930527036276 0.05 0.05
0 0.557762769507187 0.19987808008213553 0.05 0.05
0 0.7271672869609858 0.15333461670088985 0.05 0.05
0 0.4520132828542095 0.19987808008213553 0.05 0.05
0 0.4396929543121151 0.22451873716632445 0.05 0.05
0 0.3247032212525668 0.132800735797399 0.05 0.05
0 0.28876892967145795 0.1300628850102669 0.05 0.05
0 0.2333274512320329 0.18345097535934302 0.05 0.05
0 0.23538083932238196 0.07256801848049281 0.05 0.05
0 0.1850728311088296 0.07256801848049281 0.05 0.05
0 0.27644860112936354 0.09720867556468171 0.05 0.05
0 0.29082231776180706 0.09173297399041758 0.05 0.05
0 0.3791180056468173 0.06024768993839835 0.05 0.05
