0 0.19330747377622376 0.09806963869463878 0.05 0.05
0 0.27591236888111886 0.09981789044289044 0.05 0.05
0 0.29295782342657345 0.10506264568764566 0.05 0.05
0 0.31262565559440564 0.12429341491841489 0.05 0.05
0 0.3349158653846154 0.10331439393939389 0.05 0.05
0 0.34409418706293715 0.07709061771561766 0.05 0.05
0 0.3637620192307693 0.08058712121212111 0.05 0.05
0 0.32049278846153845 0.09806963869463867 0.05 0.05
0 0.2339543269230769 0.1645032051282051 0.05 0.05
0 0.26804523601398605 0.15401369463869466 0.05 0.05
0 0.29164663461538465 0.15051719114219111 0.05 0.05
0 0.3231151660839161 0.1784892191142191 0.05 0.05
0 0.2811571241258741 0.19247523310023312 0.05 0.05
0 0.22346481643356647 0.1942234848484849 0.05 0.05
0 0.240510270979021 0.2589087995337996 0.05 0.05
0 0.28509069055944053 0.23792977855477856 0.05 0.05
0 0.35196131993006996 0.22569201631701621 0.05 0.05
0 0.3978529283216784 0.26065705128205136 0.05 0.05
0 0.442433347902098 0.21869900932400935 0.05 0.05
0 0.45685642482517486 0.21869900932400935 0.05 0.05
0 0.37556271853146855 0.3340836247086247 0.05 0.05
0 0.42276551573426585 0.32184586247086244 0.05 0.05
0 0.3873634178321679 0.5089087995337995 0.05 0.05
0 0.40703125 0.5351325757575758 0.05 0.05
0 0.45030048076923085 0.5351325757575758 0.05 0.05
0 0.5171711101398602 0.5368808275058276 0.05 0.05
0 0.5630627185314687 0.5246430652680654 0.05 0.05
0 0.5866641171328671 0.49142628205128214 0.05 0.05
0 0.546017263986014 0.4721955128205128 0.05 0.05
0 0.0215417395104895 0.512405303030303 0.05 0.05
0 0.029408872377622353 0.5421255827505828 0.05 0.05
0 0.3231151660839161 0.7711465617715618 0.05 0.05
0 0.310003277972028 0.8026150932400934 0.05 0.05
0 0.39916411713286715 0.7833843240093241 0.05 0.05
0 0.5486396416083916 0.6959717365967367 0.05 0.05
0 0.8134997814685316 0.6417759324009324 0.05 0.05
0 0.810877403846154 0.48618152680652676 0.05 0.05
0 0.7151606206293707 0.4652025058275058 0.05 0.05
0 0.7466291520979021 0.4005171911421911 0.05 0.05
0 0.7505627185314687 0.1714962121212121 0.05 0.05
0 0.7741641171328674 0.1662514568764569 0.05 0.05
