0 0.19871993921775896 0.05918120155038752 0.05 0.05
0 0.19871993921775896 0.10357866455250159 0.05 0.05
0 0.23518928382663845 0.07820868569415064 0.05 0.05
0 0.2827579941860465 0.09300784002818858 0.05 0.05
0 0.27324425211416487 0.09089367512332605 0.05 0.05
0 0.2938573599365751 0.09089367512332605 0.05 0.05
0 0.3112992204016914 0.09300784002818858 0.05 0.05
0 0.33666919926004224 0.09512200493305123 0.05 0.05
0 0.3493541886892178 0.08455118040873835 0.05 0.05
0 0.3652104254756871 0.08455118040873835 0.05 0.05
0 0.35886793076109946 0.08877951021846352 0.05 0.05
0 0.45559097515856245 0.19660192036645513 0.05 0.05
0 0.4476628567653277 0.21140107470049305 0.05 0.05
0 0.295442983615222 0.21140107470049305 0.05 0.05
0 0.21933304704016915 0.14586196264975312 0.05 0.05
0 0.2447030258985201 0.13529113812544022 0.05 0.05
0 0.21616179968287524 0.21140107470049305 0.05 0.05
0 0.2653161337209302 0.20928690979563053 0.05 0.05
0 0.19713431553911204 0.3297943093727975 0.05 0.05
0 0.18762057346723043 0.34036513389711043 0.05 0.05
0 0.24311740221987313 0.3234518146582098 0.05 0.05
0 0.31605609143763214 0.30231016560958396 0.05 0.05
0 0.34142607029598315 0.3065384954193092 0.05 0.05
0 0.4000941464059197 0.2769401867512331 0.05 0.05
0 0.03381507663847777 0.48835667723749104 0.05 0.05
0 0.10992501321353063 0.5031558315715291 0.05 0.05
0 0.18762057346723043 0.7103439922480619 0.05 0.05
0 0.20030556289640594 0.7272573114869625 0.05 0.05
0 0.39058040433403807 0.4799000176180408 0.05 0.05
0 0.3985085227272728 0.5031558315715291 0.05 0.05
0 0.45717659883720935 0.5369824700493304 0.05 0.05
0 0.5190159223044398 0.5412107998590555 0.05 0.05
0 0.5428002774841438 0.4629866983791401 0.05 0.05
0 0.5919546115221987 0.8879338442565187 0.05 0.05
0 0.6712357954545455 0.8541072057787173 0.05 0.05
0 0.6918489032769557 0.9048471634954193 0.05 0.05
0 0.7616163451374207 0.8371938865398166 0.05 0.05
0 0.6553795586680762 0.6405765503875968 0.05 0.05
0 0.8139419265327696 0.5961790873854826 0.05 0.05
0 0.8408975290697676 0.6659465292459478 0.05 0.05
0 0.8377262817124738 0.7272573114869625 0.05 0.05
0 0.5856121168076112 0.16066111698379118 0.05 0.05
0 0.6569651823467232 0.16488944679351636 0.05 0.05
0 0.6934345269556026 0.1627752818886538 0.05 0.05
0 0.6902632795983088 0.2769401867512331 0.05 0.05
0 0.7616163451374207 0.2811685165609582 0.05 0.05
0 0.8916374867864695 0.27905435165609566 0.05 0.05
