0 0.24620072926711672 0.24646114593378338 0.05 0.05
0 0.23270024710703954 0.19503073770491805 0.05 0.05
0 0.2085922432497589 0.198888018322083 0.05 0.05
0 0.27802329435872714 0.03945375281260048 0.05 0.05
0 0.3445613850048216 0.10374176309868209 0.05 0.05
0 0.30984585945033755 0.09988448248151727 0.05 0.05
0 0.36963370901639336 0.17574433461909358 0.05 0.05
0 0.4429220407425265 0.21431714079074263 0.05 0.05
0 0.5894987041947927 0.14874337029893922 0.05 0.05
0 0.5711766212632594 0.12045664577306331 0.05 0.05
0 0.6193926289778207 0.12559968659594994 0.05 0.05
0 0.6290358305207329 0.12045664577306331 0.05 0.05
0 0.6589297553037607 0.1384572886531662 0.05 0.05
0 0.6782161583895853 0.24903266634522664 0.05 0.05
0 0.7167889645612343 0.2541757071681133 0.05 0.05
0 0.7447542490356798 0.2451753857280617 0.05 0.05
0 0.8083993792189007 0.19503073770491805 0.05 0.05
0 0.8074350590646094 0.4586115798778528 0.05 0.05
0 0.7862200156702025 0.6810480954676953 0.05 0.05
0 0.7968275373674059 0.8391966007714562 0.05 0.05
0 0.8903665923336547 0.8250532385085182 0.05 0.05
0 0.9501544418997107 0.8083383558341369 0.05 0.05
0 0.8951881931051109 0.6579044117647059 0.05 0.05
0 0.3628834679363549 0.794194993571199 0.05 0.05
0 0.28188057497589203 0.7813373915139827 0.05 0.05
0 0.30020265790742523 0.7543364271938284 0.05 0.05
0 0.4670300445998071 0.654047131147541 0.05 0.05
0 0.4033849144165863 0.5254711105753778 0.05 0.05
0 0.39181307256509157 0.5048989472838316 0.05 0.05
0 0.5075314910800386 0.5306141513982643 0.05 0.05
0 0.5441756569431051 0.46118310028929604 0.05 0.05
0 0.5605690995660559 0.8893412487945999 0.05 0.05
