0 0.23579702287066243 0.31527230108657583 0.05 0.05
0 0.24631226997896943 0.11057549071153201 0.05 0.05
0 0.27154886303890635 0.09795719418156364 0.05 0.05
0 0.279961060725552 0.09234906239046646 0.05 0.05
0 0.2042512815457413 0.06851450227830386 0.05 0.05
0 0.3073007032071503 0.09655516123378938 0.05 0.05
0 0.32202204915878013 0.09515312828601499 0.05 0.05
0 0.3619799881703469 0.08814296354714367 0.05 0.05
0 0.37880438354363816 0.08954499649491794 0.05 0.05
0 0.6122428693480544 0.16525477567472865 0.05 0.05
0 0.6416855612513142 0.15684257798808307 0.05 0.05
0 0.6858495991062037 0.15964664388363162 0.05 0.05
0 0.7131892415878021 0.1680588415702772 0.05 0.05
0 0.7300136369610933 0.135812083771469 0.05 0.05
0 0.7520956558885381 0.1316059849281461 0.05 0.05
0 0.45872026156677165 0.21432592884682813 0.05 0.05
0 0.41560774842271286 0.4877223536628113 0.05 0.05
0 0.3945772542060987 0.5045467490361025 0.05 0.05
0 0.40719555073606717 0.5185670785138453 0.05 0.05
0 0.4713385580967401 0.6573683403434983 0.05 0.05
0 0.26944581361724496 0.7807472397476343 0.05 0.05
0 0.5060388735541533 0.5409996056782337 0.05 0.05
0 0.5533574855415351 0.5269792762004909 0.05 0.05
0 0.5670273067823342 0.5045467490361025 0.05 0.05
0 0.5470483372765508 0.4779081230283914 0.05 0.05
0 0.6974163709253415 0.5886687259025589 0.05 0.05
0 0.7605078535751837 0.5816585611636875 0.05 0.05
0 0.8740725223448997 0.48491828776726276 0.05 0.05
0 0.9024636895373288 0.5227731773571681 0.05 0.05
