0 0.18762057346723043 0.05918120155038752 0.05 0.05
0 0.2066480576109936 0.059181201550387405 0.05 0.05
0 0.27324425211416487 0.09300784002818858 0.05 0.05
0 0.2827579941860465 0.09935033474277641 0.05 0.05
0 0.2891004889006343 0.09512200493305123 0.05 0.05
0 0.33984044661733626 0.09089367512332605 0.05 0.05
0 0.344597317653277 0.0824370155038757 0.05 0.05
0 0.33825482293868925 0.17123194150810406 0.05 0.05
0 0.3667960491543341 0.18180276603241693 0.05 0.05
0 0.4444916094080339 0.21140107470049305 0.05 0.05
0 0.45559097515856245 0.19448775546159247 0.05 0.05
0 0.45559097515856245 0.2135152396053557 0.05 0.05
0 0.24311740221987313 0.16066111698379118 0.05 0.05
0 0.2082336812896406 0.19660192036645513 0.05 0.05
0 0.246288649577167 0.22408606412966858 0.05 0.05
0 0.27007300475687107 0.22620022903453124 0.05 0.05
0 0.27641549947145877 0.2135152396053557 0.05 0.05
0 0.2891004889006343 0.2135152396053557 0.05 0.05
0 0.2795867468287526 0.287511011275546 0.05 0.05
0 0.22250429439746303 0.2938535059901337 0.05 0.05
0 0.17017871300211415 0.28962517618040856 0.05 0.05
0 0.0671131738900634 0.5982932522903451 0.05 0.05
0 0.12419562632135303 0.5982932522903451 0.05 0.05
0 0.14797998150105707 0.7166864869626496 0.05 0.05
0 0.466690340909091 0.6786315186751233 0.05 0.05
0 0.1812780787526427 0.7949105884425651 0.05 0.05
0 0.4460772330866808 0.6321198907681465 0.05 0.05
0 0.564999008985201 0.7061156624383368 0.05 0.05
0 0.6426945692389008 0.7061156624383368 0.05 0.05
0 0.25738801532769556 0.9323313072586328 0.05 0.05
0 0.7552738504228331 0.7314856412966877 0.05 0.05
0 0.928106831395349 0.6278915609584212 0.05 0.05
0 0.5760983747357294 0.46721502818886523 0.05 0.05
0 0.8171131738900635 0.33402263918252273 0.05 0.05
0 0.8519968948202962 0.3297943093727975 0.05 0.05
0 0.6886776559196618 0.1331769732205777 0.05 0.05
0 0.35569668340380556 0.09512200493305123 0.05 0.05
0 0.3652104254756871 0.09089367512332605 0.05 0.05
