0 0.2732442521141649 0.08877951021846364 0.05 0.05
0 0.2827579941860465 0.09935033474277641 0.05 0.05
0 0.2906861125792812 0.09512200493305123 0.05 0.05
0 0.33825482293868925 0.08877951021846352 0.05 0.05
0 0.344597317653277 0.08032285059901317 0.05 0.05
0 0.30337110200845663 0.0422678823114867 0.05 0.05
0 0.3652104254756871 0.08877951021846352 0.05 0.05
0 0.3287410808668076 0.1331769732205777 0.05 0.05
0 0.344597317653277 0.10780699436222677 0.05 0.05
0 0.44132036205074004 0.20294441508104283 0.05 0.05
0 0.45876222251585624 0.1923735905567298 0.05 0.05
0 0.45876222251585624 0.21140107470049305 0.05 0.05
0 0.3826522859408034 0.21140107470049305 0.05 0.05
0 0.3826522859408034 0.2409993833685692 0.05 0.05
0 0.3493541886892178 0.24945604298801954 0.05 0.05
0 0.3319123282241015 0.20928690979563053 0.05 0.05
0 0.31605609143763214 0.18814526074700477 0.05 0.05
0 0.2986142309725158 0.207172744890768 0.05 0.05
0 0.27324425211416487 0.2304285588442563 0.05 0.05
0 0.23201803646934457 0.22831439393939376 0.05 0.05
0 0.2066480576109936 0.2536843727977447 0.05 0.05
0 0.2447030258985201 0.25157020789288204 0.05 0.05
0 0.3097135967230444 0.2536843727977447 0.05 0.05
0 0.08614065803382662 0.4608725334742774 0.05 0.05
0 0.062356302854122594 0.4862425123326285 0.05 0.05
0 0.13846623942917546 0.4524158738548272 0.05 0.05
0 0.1622505946088795 0.5390966349541929 0.05 0.05
0 0.23518928382663845 0.5116124911909794 0.05 0.05
0 0.10041127114164902 0.59406492248062 0.05 0.05
0 0.20189118657505284 0.7061156624383368 0.05 0.05
0 0.20347681025369982 0.7230289816772373 0.05 0.05
0 0.3921660280126851 0.48835667723749104 0.05 0.05
0 0.3921660280126851 0.513726656095842 0.05 0.05
0 0.45717659883720935 0.5412107998590555 0.05 0.05
0 0.5332865354122622 0.5433249647639181 0.05 0.05
0 0.5491427721987316 0.46932919309372784 0.05 0.05
0 0.6791639138477803 0.41013257575757556 0.05 0.05
0 0.7219757531712474 0.25579853770260735 0.05 0.05
0 0.75685947410148 0.1923735905567298 0.05 0.05
0 0.8012569371035942 0.2600268675123324 0.05 0.05
0 0.8932231104651164 0.28962517618040856 0.05 0.05
0 0.5935402352008458 0.16066111698379118 0.05 0.05
0 0.612567719344609 0.10992115926708929 0.05 0.05
0 0.6490370639534885 0.12683447850599 0.05 0.05
0 0.6553795586680762 0.11837781888653964 0.05 0.05
