0 0.20439760220125786 0.07651336477987414 0.05 0.05
0 0.19181898584905666 0.10586346960167686 0.05 0.05
0 0.2704353380503145 0.08699554507337494 0.05 0.05
0 0.28301395440251575 0.09118841719077532 0.05 0.05
0 0.3238944575471699 0.09118841719077532 0.05 0.05
0 0.3569133254716982 0.08699554507337494 0.05 0.05
0 0.3977938286163523 0.4895112683438153 0.05 0.05
0 0.2531397405660378 0.25890330188679217 0.05 0.05
0 0.20282527515723275 0.2609997379454924 0.05 0.05
0 0.215403891509434 0.3637251048218026 0.05 0.05
0 0.2688630110062894 0.45387185534591173 0.05 0.05
0 0.18081269654088056 0.7599515199161424 0.05 0.05
0 0.8679196147798744 0.4412932389937104 0.05 0.05
0 0.584900746855346 0.1708529874213833 0.05 0.05
0 0.5503095518867925 0.4685469077568131 0.05 0.05
0 0.5824408694503173 0.24522771317829437 0.05 0.05
