0 0.198552229020979 0.09457313519813522 0.05 0.05
0 0.2287095716783217 0.08408362470862467 0.05 0.05
0 0.26804523601398605 0.09806963869463867 0.05 0.05
0 0.2864018793706294 0.10156614219114223 0.05 0.05
0 0.30869208916083923 0.10156614219114223 0.05 0.05
0 0.34147180944055944 0.09282488344988345 0.05 0.05
0 0.2772235576923077 0.05436334498834488 0.05 0.05
0 0.3454053758741259 0.07709061771561766 0.05 0.05
0 0.2339543269230769 0.1714962121212121 0.05 0.05
0 0.26411166958041965 0.18198572261072254 0.05 0.05
0 0.2706676136363636 0.16974796037296033 0.05 0.05
0 0.24968859265734267 0.21170600233100234 0.05 0.05
0 0.29951376748251757 0.20820949883449877 0.05 0.05
0 0.24837740384615387 0.29562208624708625 0.05 0.05
0 0.282468312937063 0.29212558275058265 0.05 0.05
0 0.32442635489510496 0.2536640442890442 0.05 0.05
0 0.3257375437062937 0.2938738344988344 0.05 0.05
0 0.3899857954545455 0.23792977855477856 0.05 0.05
0 0.36507320804195803 0.32709061771561776 0.05 0.05
0 0.40572006118881115 0.32709061771561776 0.05 0.05
0 0.4476781031468532 0.21170600233100234 0.05 0.05
0 0.455545236013986 0.21170600233100234 0.05 0.05
0 0.11856971153846155 0.3900276806526807 0.05 0.05
0 0.1382375437062937 0.5159018065268065 0.05 0.05
0 0.23657670454545454 0.7064612470862471 0.05 0.05
0 0.24575502622377626 0.7519157925407925 0.05 0.05
0 0.3152480332167832 0.7676500582750584 0.05 0.05
0 0.46341236888111903 0.540377331002331 0.05 0.05
0 0.5211046765734266 0.5368808275058276 0.05 0.05
0 0.5525732080419582 0.4686990093240093 0.05 0.05
0 0.5761746066433566 0.6505171911421912 0.05 0.05
0 0.6745137674825177 0.6400276806526807 0.05 0.05
0 0.7558074737762238 0.6190486596736596 0.05 0.05
0 0.9472410402097904 0.6610067016317017 0.05 0.05
0 0.949863417832168 0.7676500582750584 0.05 0.05
0 0.6469788024475525 0.40751019813519823 0.05 0.05
0 0.7033599213286715 0.3952724358974359 0.05 0.05
0 0.7662969842657343 0.3795381701631702 0.05 0.05
0 0.7715417395104897 0.27988782051282046 0.05 0.05
0 0.762363417832168 0.1942234848484849 0.05 0.05
0 0.80432145979021 0.20121649184149176 0.05 0.05
0 0.8711920891608393 0.26939831002331 0.05 0.05
0 0.615510270979021 0.09107663170163166 0.05 0.05
0 0.6692690122377624 0.11904865967365967 0.05 0.05
0 0.7072934877622379 0.1085591491841491 0.05 0.05
0 0.7217165646853149 0.09981789044289044 0.05 0.05
