0 0.12276774951783993 0.3943235695917712 0.05 0.05
0 0.26162985173577624 0.44446821761491484 0.05 0.05
0 0.3947060330279653 0.5048989472838316 0.05 0.05
0 0.5104244515429122 0.5344714320154292 0.05 0.05
0 0.4448506810511089 0.6437610495017679 0.05 0.05
0 0.37156234932497584 0.7993380343940856 0.05 0.05
0 0.3165961005303761 0.780051631308261 0.05 0.05
0 0.2847735354387657 0.7864804323368693 0.05 0.05
0 0.5258535740115718 0.7787658711025395 0.05 0.05
0 0.5943203049662488 0.8147671568627451 0.05 0.05
0 0.6415719925265189 0.9664868611378978 0.05 0.05
0 0.9713694852941176 0.9420574172291868 0.05 0.05
0 0.8942238729508196 0.475326462552234 0.05 0.05
0 0.8112923396817744 0.49589862584378014 0.05 0.05
0 0.7138960040983606 0.16545825297332056 0.05 0.05
0 0.6868950397782063 0.17060129379620706 0.05 0.05
0 0.7563260908871745 0.13717152844744465 0.05 0.05
0 0.6261428700578592 0.16545825297332056 0.05 0.05
0 0.6010705460462874 0.11402784474445522 0.05 0.05
0 0.569247980954677 0.11917088556734173 0.05 0.05
0 0.5547831786403086 0.10759904371584703 0.05 0.05
0 0.4467793213596914 0.21174562037929925 0.05 0.05
0 0.34745434546769527 0.10631328351012546 0.05 0.05
0 0.30020265790742523 0.09731296207007402 0.05 0.05
0 0.22787864633558338 0.09859872227579558 0.05 0.05
0 0.2085922432497589 0.1268854468016715 0.05 0.05
0 0.18255559908389588 0.13717152844744465 0.05 0.05
0 0.18062695877531337 0.09988448248151727 0.05 0.05
0 0.8074350590646094 0.9844875040180007 0.05 0.05
0 0.27995193466730955 0.28889123272259726 0.05 0.05
0 0.5451399770973964 0.4701834217293475 0.05 0.05
0 0.4033849144165863 0.5293283911925426 0.05 0.05
