0 0.21933304704016915 0.22197189922480595 0.05 0.05
0 0.24311740221987313 0.21562940451021836 0.05 0.05
0 0.27324425211416487 0.1923735905567298 0.05 0.05
0 0.2906861125792812 0.20294441508104283 0.05 0.05
0 0.3287410808668076 0.23888521846370664 0.05 0.05
0 0.42070725422832983 0.20083025017618017 0.05 0.05
0 0.4333922436575054 0.2135152396053557 0.05 0.05
0 0.46193346987315015 0.18814526074700477 0.05 0.05
0 0.5412146538054969 0.46721502818886523 0.05 0.05
0 0.18286370243128963 0.6152065715292458 0.05 0.05
0 0.21616179968287524 0.6574898696264974 0.05 0.05
0 0.20347681025369982 0.739942300916138 0.05 0.05
0 0.30337110200845663 0.7462847956307257 0.05 0.05
0 0.514259051268499 0.9598154510218463 0.05 0.05
0 0.6696501717758986 0.8414222163495418 0.05 0.05
0 0.6997770216701904 0.9217604827343198 0.05 0.05
0 0.9201787130021144 0.9513587914023959 0.05 0.05
0 0.928106831395349 0.5665807787174065 0.05 0.05
0 0.33508357558139534 0.08877951021846352 0.05 0.05
0 0.35728230708245245 0.08455118040873835 0.05 0.05
0 0.27165862843551797 0.08455118040873835 0.05 0.05
0 0.2811723705073996 0.09089367512332605 0.05 0.05
0 0.2891004889006343 0.09089367512332605 0.05 0.05
0 0.5664267642231948 0.08966311086797939 0.05 0.05
