0 0.18762057346723043 0.07398035588442546 0.05 0.05
0 0.2653161337209302 0.08877951021846352 0.05 0.05
0 0.2795867468287526 0.09089367512332605 0.05 0.05
0 0.2891004889006343 0.09089367512332605 0.05 0.05
0 0.33508357558139534 0.09300784002818858 0.05 0.05
0 0.35252543604651165 0.09089367512332605 0.05 0.05
0 0.46034784619450325 0.1923735905567298 0.05 0.05
0 0.3271554571881607 0.29808183579985886 0.05 0.05
0 0.5538996432346723 0.4799000176180408 0.05 0.05
0 0.23360366014799155 0.5433249647639181 0.05 0.05
0 0.19554869186046514 0.5200691508104298 0.05 0.05
0 0.11151063689217758 0.5221833157152923 0.05 0.05
0 0.021130087209302283 0.4799000176180408 0.05 0.05
0 0.14322311046511624 0.6278915609584212 0.05 0.05
0 0.1622505946088795 0.6490332100070472 0.05 0.05
0 0.19237744450317124 0.7462847956307257 0.05 0.05
0 0.2843436178646934 0.7568556201550386 0.05 0.05
0 0.7838150766384778 0.9344454721634954 0.05 0.05
0 0.7362463662790699 0.16066111698379118 0.05 0.05
0 0.7457601083509514 0.167003611698379 0.05 0.05
0 0.780643829281184 0.167003611698379 0.05 0.05
0 0.8155275502114167 0.167003611698379 0.05 0.05
