0 0.2748298757928118 0.08032285059901328 0.05 0.05
0 0.30019985465116283 0.08032285059901317 0.05 0.05
0 0.2653161337209302 0.10780699436222677 0.05 0.05
0 0.295442983615222 0.12049198379140218 0.05 0.05
0 0.33984044661733626 0.09512200493305123 0.05 0.05
0 0.3461829413319239 0.076094520789288 0.05 0.05
0 0.4444916094080339 0.21140107470049305 0.05 0.05
0 0.45876222251585624 0.19871608527131765 0.05 0.05
0 0.45876222251585624 0.21562940451021836 0.05 0.05
0 0.33508357558139534 0.33402263918252273 0.05 0.05
0 0.2795867468287526 0.3424792988019731 0.05 0.05
0 0.20030556289640594 0.42916005990133876 0.05 0.05
0 0.25263114429175476 0.4143609055673008 0.05 0.05
0 0.3319123282241015 0.47355752290345293 0.05 0.05
0 0.006859474101479879 0.49469917195207874 0.05 0.05
0 0.0354007003171247 0.5538957892882309 0.05 0.05
0 0.05601380813953485 0.5919507575757574 0.05 0.05
0 0.4460772330866808 0.6405765503875968 0.05 0.05
0 0.46034784619450325 0.8097097427766031 0.05 0.05
0 0.5475571485200846 0.46510086328400274 0.05 0.05
0 0.63793769820296 0.4312742248062013 0.05 0.05
0 0.7045338927061311 0.39956175123326265 0.05 0.05
0 0.7838150766384778 0.3974475863284001 0.05 0.05
0 0.8456544001057085 0.5919507575757574 0.05 0.05
0 0.9217643366807613 0.5856082628611697 0.05 0.05
0 0.6411089455602538 0.18814526074700477 0.05 0.05
0 0.35569668340380556 0.09512200493305123 0.05 0.05
