0 0.09267036704312116 0.4408089493497602 0.05 0.05
0 0.25591472022587275 0.3778383812457221 0.05 0.05
0 0.18609952515400416 0.6899533709787817 0.05 0.05
0 0.36782437114989736 0.4914591889117043 0.05 0.05
0 0.38425147587269004 0.4777699349760438 0.05 0.05
0 0.44995989476386045 0.5243133983572896 0.05 0.05
0 0.5084814553388092 0.5297890999315538 0.05 0.05
0 0.5495492171457906 0.4722942334017797 0.05 0.05
0 0.4971878208418892 0.587283966461328 0.05 0.05
0 0.48076071611909654 0.6228760266940453 0.05 0.05
0 0.9150522972279262 0.750186088295688 0.05 0.05
0 0.9427730364476388 0.7871470739219714 0.05 0.05
0 0.7117668762833677 0.42848862080766603 0.05 0.05
0 0.7846621534907599 0.4503914271047228 0.05 0.05
0 0.8051960343942506 0.45723605407255313 0.05 0.05
0 0.8062227284394252 0.41616829226557156 0.05 0.05
0 0.7271672869609858 0.18208204996577682 0.05 0.05
0 0.7836354594455853 0.1615481690622861 0.05 0.05
0 0.5608428516427105 0.1875577515400411 0.05 0.05
0 0.45509336498973313 0.20261593086926766 0.05 0.05
0 0.44277303644763866 0.22314981177275836 0.05 0.05
0 0.3544773485626284 0.1902956023271732 0.05 0.05
0 0.27336851899383985 0.2217808863791923 0.05 0.05
0 0.264128272587269 0.24915939425051334 0.05 0.05
0 0.22819398100616023 0.24779046885694728 0.05 0.05
0 0.21484695841889123 0.14648998973305952 0.05 0.05
0 0.19225968942505137 0.14648998973305952 0.05 0.05
0 0.19944654774127316 0.054771988364134216 0.05 0.05
0 0.18404613706365508 0.04929628678986996 0.05 0.05
0 0.2713151309034908 0.09720867556468171 0.05 0.05
0 0.2949290939425052 0.09447082477754959 0.05 0.05
