0 0.03868911948176582 0.6066078854766476 0.05 0.05
0 0.1701670465451056 0.742244481765835 0.05 0.05
0 0.19895783349328217 0.7192118522072938 0.05 0.05
0 0.1432956453934741 0.42490603007037747 0.05 0.05
0 0.10394823656429945 0.3993142194497761 0.05 0.05
0 0.14713441698656432 0.37628158989123484 0.05 0.05
0 0.18744151871401155 0.41211012476007675 0.05 0.05
0 0.22007107725527836 0.4185080774152271 0.05 0.05
0 0.24886186420345494 0.32765714971209214 0.05 0.05
0 0.28724958013435703 0.32253878758797183 0.05 0.05
0 0.3525086972168906 0.31102247280870116 0.05 0.05
0 0.38705764155470257 0.308463291746641 0.05 0.05
0 0.40817088531669865 0.29310820537428023 0.05 0.05
0 0.4072111924184261 0.5195957293666027 0.05 0.05
0 0.39953364923224577 0.5042406429942419 0.05 0.05
0 0.4206468929942419 0.4786488323736405 0.05 0.05
0 0.5031804822456815 0.5323916346769034 0.05 0.05
0 0.5434875839731287 0.46713251759436974 0.05 0.05
0 0.7344664707293667 0.3302163307741523 0.05 0.05
0 0.6989578334932822 0.18306341970569412 0.05 0.05
0 0.6663282749520154 0.11140634996801022 0.05 0.05
0 0.7421440139155471 0.12292266474728078 0.05 0.05
0 0.7479021713051824 0.18562260076775428 0.05 0.05
0 0.31700005998080616 0.2432041746641075 0.05 0.05
0 0.2930077375239924 0.18818178182981443 0.05 0.05
0 0.2920480446257198 0.12420225527831086 0.05 0.05
0 0.3227582173704415 0.12420225527831086 0.05 0.05
0 0.30548374520153554 0.09605126359564929 0.05 0.05
0 0.3457908469289828 0.09349208253358915 0.05 0.05
0 0.36210562619961617 0.03974928023032618 0.05 0.05
0 0.38513825575815747 0.03974928023032618 0.05 0.05
0 0.20375629798464495 0.12164307421625083 0.05 0.05
0 0.18168336132437624 0.09093290147152899 0.05 0.05
0 0.44751829414587335 0.2112144113883557 0.05 0.05
