0 0.21854854559748427 0.0702240566037735 0.05 0.05
0 0.24213345125786173 0.07022405660377326 0.05 0.05
0 0.27515231918239 0.09538128930817583 0.05 0.05
0 0.28458628144654097 0.09328485324947558 0.05 0.05
0 0.31760514937106926 0.10167059748427647 0.05 0.05
0 0.28144162735849065 0.11634564989517789 0.05 0.05
0 0.3553409984276731 0.08280267295597454 0.05 0.05
0 0.31131584119496863 0.14988862683438123 0.05 0.05
0 0.2232655267295598 0.18343160377358458 0.05 0.05
0 0.24056112421383652 0.1750458595387838 0.05 0.05
0 0.26257370283018877 0.16875655136268317 0.05 0.05
0 0.254712067610063 0.2421318134171905 0.05 0.05
0 0.27357999213836487 0.26309617400419255 0.05 0.05
0 0.334900746855346 0.25261399371069154 0.05 0.05
0 0.38521521226415106 0.1792387316561842 0.05 0.05
0 0.4512529481132076 0.2148781446540878 0.05 0.05
0 0.3773535770440253 0.0408739517819703 0.05 0.05
0 0.4009384827044026 0.03668107966456991 0.05 0.05
0 0.2877309355345913 0.4433896750524107 0.05 0.05
0 0.19810829402515728 0.4412932389937104 0.05 0.05
0 0.2940202437106919 0.7746265723270439 0.05 0.05
0 0.44181898584905677 0.7683372641509433 0.05 0.05
0 0.7468504323899372 0.5440186058700207 0.05 0.05
0 0.8113158411949687 0.5545007861635217 0.05 0.05
0 0.9088001179245285 0.5545007861635217 0.05 0.05
0 0.7610013757861637 0.7012513102725365 0.05 0.05
0 0.553454205974843 0.4706433438155134 0.05 0.05
