0 0.09531100047984643 0.4568957933461294 0.05 0.05
0 0.24790217130518238 0.2790327095329495 0.05 0.05
0 0.33043576055662194 0.23040826935380684 0.05 0.05
0 0.3822591770633398 0.23040826935380684 0.05 0.05
0 0.368823476487524 0.30590411068458084 0.05 0.05
0 0.4484779870441459 0.2112144113883557 0.05 0.05
0 0.4120096569097889 0.48504678502879084 0.05 0.05
0 0.3918561060460653 0.505520233525272 0.05 0.05
0 0.413929042706334 0.5208753198976327 0.05 0.05
0 0.4465586012476008 0.5362304062699936 0.05 0.05
0 0.5031804822456815 0.5349508157389635 0.05 0.05
0 0.5550038987523993 0.5285528630838132 0.05 0.05
0 0.5598023632437621 0.4876059660908509 0.05 0.05
0 0.5434875839731287 0.47353047024952016 0.05 0.05
0 0.23062769913627643 0.15107365642994233 0.05 0.05
0 0.21431291986564305 0.10244921625079968 0.05 0.05
0 0.1903205974088292 0.09605126359564929 0.05 0.05
0 0.1826430542226488 0.04230846129238633 0.05 0.05
0 0.22199046305182346 0.03974928023032618 0.05 0.05
0 0.2795720369481766 0.10756757837491998 0.05 0.05
0 0.29684650911708255 0.1011696257197696 0.05 0.05
0 0.31220159548944343 0.09093290147152899 0.05 0.05
0 0.3457908469289828 0.09733085412667937 0.05 0.05
0 0.36498470489443385 0.09349208253358915 0.05 0.05
0 0.2795720369481766 0.04358805182341641 0.05 0.05
0 0.8313954534548944 0.17282669545745363 0.05 0.05
