0 0.21903521825396827 0.08702050264550264 0.05 0.05
0 0.31228918650793647 0.08966600529100527 0.05 0.05
0 0.36387648809523804 0.12934854497354492 0.05 0.05
0 0.3341145833333332 0.1267030423280423 0.05 0.05
0 0.28847966269841263 0.15051256613756603 0.05 0.05
0 0.24681299603174595 0.1558035714285714 0.05 0.05
0 0.23292410714285702 0.17167658730158722 0.05 0.05
0 0.20316220238095228 0.2060681216931216 0.05 0.05
0 0.19324156746031737 0.22194113756613756 0.05 0.05
0 0.2666542658730158 0.18754960317460317 0.05 0.05
0 0.29641617063492054 0.21400462962962952 0.05 0.05
0 0.4531622023809523 0.2060681216931216 0.05 0.05
0 0.2170510912698412 0.31453373015873015 0.05 0.05
0 0.07220982142857138 0.5129464285714285 0.05 0.05
0 0.18530505952380946 0.5208829365079364 0.05 0.05
0 0.4035590277777777 0.4547453703703702 0.05 0.05
0 0.3916542658730158 0.5050099206349206 0.05 0.05
0 0.38173363095238083 0.5288194444444444 0.05 0.05
0 0.4670510912698411 0.5499834656084654 0.05 0.05
0 0.4948288690476189 0.5208829365079364 0.05 0.05
0 0.5642733134920633 0.5208829365079364 0.05 0.05
0 0.5741939484126982 0.49178240740740736 0.05 0.05
0 0.5503844246031745 0.4653273809523809 0.05 0.05
0 0.4412574404761903 0.7298776455026454 0.05 0.05
0 0.42141617063492054 0.7351686507936507 0.05 0.05
0 0.3737971230158729 0.7986607142857143 0.05 0.05
0 0.3341145833333332 0.7722056878306878 0.05 0.05
0 0.35990823412698403 0.7880787037037036 0.05 0.05
0 0.3083209325396824 0.8065972222222222 0.05 0.05
0 0.8083209325396823 0.3171792328042327 0.05 0.05
0 0.5384796626984125 0.21665013227513227 0.05 0.05
