0 0.31427331349206356 0.09495701058201055 0.05 0.05
0 0.21109871031746028 0.15051256613756603 0.05 0.05
0 0.1912574404761904 0.22723214285714283 0.05 0.05
0 0.242844742063492 0.1769675925925925 0.05 0.05
0 0.27260664682539676 0.17961309523809513 0.05 0.05
0 0.4134796626984126 0.2113591269841269 0.05 0.05
0 0.43728918650793636 0.203422619047619 0.05 0.05
0 0.3539558531746031 0.25368716931216917 0.05 0.05
0 0.3261780753968253 0.2695601851851851 0.05 0.05
0 0.4114955357142856 0.4626818783068783 0.05 0.05
0 0.3936383928571428 0.5129464285714285 0.05 0.05
0 0.40554315476190467 0.5473379629629629 0.05 0.05
0 0.43927331349206333 0.7351686507936507 0.05 0.05
0 0.40554315476190467 0.7536871693121692 0.05 0.05
0 0.3737971230158729 0.7801421957671957 0.05 0.05
0 0.34998759920634914 0.8145337301587301 0.05 0.05
0 0.3261780753968253 0.7669146825396825 0.05 0.05
0 0.3003844246031745 0.7986607142857143 0.05 0.05
0 0.5503844246031745 0.5341104497354496 0.05 0.05
0 0.5781622023809523 0.49971891534391527 0.05 0.05
0 0.5404637896825395 0.4785548941798941 0.05 0.05
0 0.5503844246031745 0.21400462962962952 0.05 0.05
0 0.6991939484126983 0.1690310846560846 0.05 0.05
0 0.7051463293650791 0.23781415343915338 0.05 0.05
0 0.7765749007936505 0.23781415343915338 0.05 0.05
0 0.7249875992063491 0.3780257936507937 0.05 0.05
0 0.6892733134920633 0.3595072751322751 0.05 0.05
0 0.8003844246031744 0.867443783068783 0.05 0.05
0 0.8658606150793648 0.867443783068783 0.05 0.05
