0 0.2496885926573426 0.09282488344988356 0.05 0.05
0 0.2706676136363636 0.09282488344988345 0.05 0.05
0 0.2785347465034965 0.09282488344988345 0.05 0.05
0 0.3113144667832168 0.09282488344988345 0.05 0.05
0 0.34933894230769236 0.08583187645687644 0.05 0.05
0 0.3532725087412588 0.11730040792540788 0.05 0.05
0 0.35196131993006996 0.1662514568764569 0.05 0.05
0 0.30869208916083923 0.17324446386946377 0.05 0.05
0 0.20773055069930071 0.21520250582750577 0.05 0.05
0 0.020230550699300687 0.6207969114219114 0.05 0.05
0 0.15528299825174824 0.540377331002331 0.05 0.05
0 0.16315013111888113 0.5019157925407925 0.05 0.05
0 0.17363964160839163 0.596321386946387 0.05 0.05
0 0.16839488636363636 0.6679997086247087 0.05 0.05
0 0.26411166958041965 0.7501675407925409 0.05 0.05
0 0.3060697115384615 0.7746430652680654 0.05 0.05
0 0.34016062062937064 0.9337339743589744 0.05 0.05
0 0.44374453671328684 0.7606570512820513 0.05 0.05
0 0.469968312937063 0.554363344988345 0.05 0.05
0 0.5197934877622379 0.5368808275058276 0.05 0.05
0 0.5499508304195805 0.4686990093240093 0.05 0.05
0 0.7977655157342658 0.9512164918414919 0.05 0.05
0 0.4411221590909092 0.20471299533799533 0.05 0.05
0 0.45030048076923085 0.20995775058275054 0.05 0.05
0 0.6325557255244757 0.20296474358974356 0.05 0.05
0 0.7046711101398604 0.23967803030303023 0.05 0.05
0 0.7649857954545455 0.25716054778554776 0.05 0.05
0 0.7794088723776225 0.23967803030303023 0.05 0.05
0 0.7912095716783218 0.1994682400932401 0.05 0.05
0 0.8056326486013987 0.24492278554778554 0.05 0.05
