0 0.27575496188222914 0.07272060112162677 0.05 0.05
0 0.2547244676656151 0.0713185681738525 0.05 0.05
0 0.2568275170872765 0.14562631440588886 0.05 0.05
0 0.23579702287066243 0.14983241324921165 0.05 0.05
0 0.2042512815457413 0.15123444619698603 0.05 0.05
0 0.17691163906414298 0.11337955660708067 0.05 0.05
0 0.18322078732912722 0.05309213985278684 0.05 0.05
0 0.19583908385909568 0.26760318086225054 0.05 0.05
0 0.2578790417981072 0.2690052138100249 0.05 0.05
0 0.19478755914826493 0.25498488433228206 0.05 0.05
0 0.3251766232912722 0.2563869172800563 0.05 0.05
0 0.3577738893270241 0.2563869172800563 0.05 0.05
0 0.37459828470031536 0.1806771381002457 0.05 0.05
0 0.3998348777602523 0.18207917104801996 0.05 0.05
0 0.44925653916929537 0.19609950052576272 0.05 0.05
0 0.36513456230283897 0.13020395198037182 0.05 0.05
0 0.7647139524185065 0.19609950052576272 0.05 0.05
0 0.5438937631440587 0.4793101559761657 0.05 0.05
0 0.5617696832281807 0.5031447160883283 0.05 0.05
0 0.5491513866982122 0.5199691114616196 0.05 0.05
0 0.5070903982649841 0.5339894409393623 0.05 0.05
0 0.4376897673501576 0.5213711444093938 0.05 0.05
0 0.4019379271819137 0.5297833420960394 0.05 0.05
0 0.393525729495268 0.5087528478794253 0.05 0.05
0 0.42191689668769705 0.7807472397476343 0.05 0.05
0 0.3567223646161934 0.8101899316508939 0.05 0.05
0 0.3567223646161934 0.7835513056431828 0.05 0.05
0 0.06545001971608835 0.8746834472485105 0.05 0.05
0 0.005513111198738219 0.877487513144059 0.05 0.05
0 0.8446298304416402 0.9153424027339644 0.05 0.05
0 0.9287518073080964 0.9363728969505785 0.05 0.05
0 0.27890953601472124 0.09795719418156364 0.05 0.05
0 0.5586151090956886 0.19609950052576272 0.05 0.05
