0 0.19225968942505137 0.20946055783709763 0.05 0.05
0 0.2569414142710473 0.2080916324435319 0.05 0.05
0 0.264128272587269 0.17797527378507874 0.05 0.05
0 0.28876892967145795 0.17523742299794662 0.05 0.05
0 0.27336851899383985 0.10542222792607797 0.05 0.05
0 0.28876892967145795 0.09857760095824777 0.05 0.05
0 0.3329167736139631 0.13827643737166326 0.05 0.05
0 0.38938494609856267 0.18481990075290894 0.05 0.05
0 0.41505229722792614 0.1971402292950034 0.05 0.05
0 0.4396929543121151 0.2149362594113621 0.05 0.05
0 0.4612535292607804 0.2012470054757016 0.05 0.05
0 0.36166420687885015 0.09036404859685139 0.05 0.05
0 0.40375866273100625 0.4722942334017797 0.05 0.05
0 0.38938494609856267 0.49967274127310063 0.05 0.05
0 0.4489332007186859 0.5256823237508556 0.05 0.05
0 0.4951344327515401 0.5325269507186859 0.05 0.05
0 0.5423623588295688 0.46271175564681727 0.05 0.05
0 0.6532453157084189 0.4175372176591376 0.05 0.05
0 0.6943130775154005 0.4230129192334019 0.05 0.05
0 0.7856888475359345 0.43122647159479816 0.05 0.05
0 0.8729578413757701 0.42711969541409994 0.05 0.05
0 0.7281939810061603 0.13827643737166326 0.05 0.05
0 0.6943130775154005 0.13964536276522932 0.05 0.05
0 0.5700830980492814 0.12048040725530455 0.05 0.05
0 0.5505759111909652 0.17797527378507874 0.05 0.05
0 0.7138202643737167 0.09310189938398353 0.05 0.05
0 0.6676190323408625 0.7214386550308008 0.05 0.05
0 0.4797340220739221 0.6119246235455169 0.05 0.05
0 0.16659233829568793 0.8008363278576318 0.05 0.05
