0 0.5824408694503171 0.1606611169837913 0.05 0.05
0 0.6236670850951376 0.16066111698379118 0.05 0.05
0 0.27165862843551797 0.08877951021846352 0.05 0.05
0 0.2827579941860465 0.09300784002818858 0.05 0.05
0 0.29702860729386893 0.09089367512332605 0.05 0.05
0 0.2906861125792812 0.1226061486962647 0.05 0.05
0 0.25421676797040166 0.1226061486962647 0.05 0.05
0 0.2653161337209302 0.10992115926708929 0.05 0.05
0 0.18286370243128963 0.10992115926708929 0.05 0.05
0 0.1939630681818182 0.14374779774489058 0.05 0.05
0 0.20189118657505284 0.3001960007047214 0.05 0.05
0 0.08772628171247354 0.6194349013389711 0.05 0.05
0 0.47620408298097255 0.7864539288231147 0.05 0.05
0 0.5982971062367866 0.991527924594785 0.05 0.05
0 0.707705140063425 0.9619296159267089 0.05 0.05
0 0.5475571485200846 0.46932919309372784 0.05 0.05
0 0.6918489032769557 0.2811685165609582 0.05 0.05
0 0.7457601083509514 0.27905435165609566 0.05 0.05
0 0.8884662394291756 0.24945604298801954 0.05 0.05
0 0.3319123282241015 0.09300784002818858 0.05 0.05
0 0.34301169397463005 0.09300784002818858 0.05 0.05
0 0.34301169397463005 0.076094520789288 0.05 0.05
0 0.45717659883720935 0.1923735905567298 0.05 0.05
0 0.41912163054968293 0.05072454193093705 0.05 0.05
