0 0.22346481643356642 0.12604166666666666 0.05 0.05
0 0.25493334790209793 0.1295381701631701 0.05 0.05
0 0.26804523601398605 0.10331439393939389 0.05 0.05
0 0.2837795017482518 0.09981789044289044 0.05 0.05
0 0.3021361451048951 0.09981789044289044 0.05 0.05
0 0.34147180944055944 0.07883886946386945 0.05 0.05
0 0.35589488636363636 0.08408362470862467 0.05 0.05
0 0.3624508304195805 0.1645032051282051 0.05 0.05
0 0.442433347902098 0.21170600233100234 0.05 0.05
0 0.45423404720279714 0.21170600233100234 0.05 0.05
0 0.3676955856643357 0.276391317016317 0.05 0.05
0 0.2339543269230769 0.28163607226107223 0.05 0.05
0 0.2654228583916084 0.2991185897435898 0.05 0.05
0 0.4607899912587413 0.5368808275058276 0.05 0.05
0 0.525038243006993 0.5438738344988345 0.05 0.05
0 0.5643739073426574 0.5211465617715618 0.05 0.05
0 0.5853529283216783 0.5001675407925408 0.05 0.05
0 0.5525732080419582 0.4739437645687646 0.05 0.05
0 0.33229348776223777 0.7798878205128206 0.05 0.05
0 0.4332550262237763 0.7379297785547786 0.05 0.05
0 0.49881446678321684 0.7309367715617715 0.05 0.05
0 0.6587795017482518 0.7361815268065269 0.05 0.05
0 0.7780976835664337 0.7641535547785547 0.05 0.05
0 0.7912095716783218 0.9284892191142192 0.05 0.05
0 0.8082550262237763 0.9652025058275059 0.05 0.05
0 0.6548459353146854 0.18548222610722612 0.05 0.05
0 0.3634861680327869 0.22235314207650275 0.05 0.05
