0 0.2051463293650794 0.15051256613756603 0.05 0.05
0 0.2626860119047619 0.13728505291005283 0.05 0.05
0 0.2686383928571428 0.1558035714285714 0.05 0.05
0 0.32220982142857135 0.08172949735449725 0.05 0.05
0 0.3360987103174602 0.08702050264550264 0.05 0.05
0 0.3083209325396824 0.10553902116402109 0.05 0.05
0 0.35792410714285705 0.11612103174603164 0.05 0.05
0 0.36982886904761897 0.16638558201058196 0.05 0.05
0 0.3916542658730158 0.11612103174603164 0.05 0.05
0 0.4412574404761903 0.2060681216931216 0.05 0.05
0 0.4531622023809523 0.21400462962962952 0.05 0.05
0 0.2706225198412698 0.21665013227513227 0.05 0.05
0 0.3063368055555554 0.22458664021164007 0.05 0.05
0 0.20514632936507926 0.31982473544973544 0.05 0.05
0 0.028559027777777746 0.5737929894179893 0.05 0.05
0 0.07617807539682538 0.5526289682539681 0.05 0.05
0 0.24879712301587292 0.7722056878306878 0.05 0.05
0 0.33213045634920624 0.7669146825396825 0.05 0.05
0 0.3460193452380952 0.8118882275132274 0.05 0.05
0 0.39760664682539676 0.8409887566137565 0.05 0.05
0 0.42935267857142845 0.7192956349206348 0.05 0.05
0 0.45713045634920624 0.7669146825396825 0.05 0.05
0 0.5027653769841269 0.613475529100529 0.05 0.05
0 0.3916542658730158 0.49971891534391527 0.05 0.05
0 0.39760664682539676 0.5288194444444444 0.05 0.05
0 0.5087177579365079 0.539401455026455 0.05 0.05
0 0.5662574404761903 0.5314649470899471 0.05 0.05
0 0.5781622023809523 0.49178240740740736 0.05 0.05
0 0.5523685515873015 0.4706183862433862 0.05 0.05
0 0.6416542658730158 0.9177083333333332 0.05 0.05
0 0.7587177579365079 0.4547453703703702 0.05 0.05
0 0.7527653769841268 0.32776124338624335 0.05 0.05
0 0.7904637896825395 0.3092427248677248 0.05 0.05
0 0.8142733134920632 0.2325231481481481 0.05 0.05
0 0.834114583333333 0.22987764550264547 0.05 0.05
0 0.5503844246031745 0.20871362433862425 0.05 0.05
