0 0.22835236597374173 0.09403947848285922 0.05 0.05
0 0.2562517095185996 0.08966311086797939 0.05 0.05
0 0.29892129376367615 0.13561497082421578 0.05 0.05
0 0.31040925875273523 0.09185129467541925 0.05 0.05
0 0.3563611187089716 0.13123860320933609 0.05 0.05
0 0.41708321936542675 0.05027580233406255 0.05 0.05
0 0.4466237007658644 0.21220140408460963 0.05 0.05
0 0.4613939414660832 0.20782503646972994 0.05 0.05
0 0.5483742478118162 0.2100132202771698 0.05 0.05
0 0.6698184491247265 0.18156683078045208 0.05 0.05
0 0.7157703090809628 0.16843772793581308 0.05 0.05
0 0.7567987554704596 0.17719046316557238 0.05 0.05
0 0.40395411652078783 0.27347055069292475 0.05 0.05
0 0.37605477297592993 0.2865996535375637 0.05 0.05
0 0.2693808123632385 0.3172342268417212 0.05 0.05
0 0.1955296088621444 0.33473969730123976 0.05 0.05
0 0.14629547319474834 0.45727799051787 0.05 0.05
0 0.12331954321663016 0.5754399161196206 0.05 0.05
0 0.12331954321663016 0.623579959883297 0.05 0.05
0 0.06423858041575489 0.6542145331874544 0.05 0.05
0 0.2398403309628009 0.7526828045222466 0.05 0.05
0 0.22014667669584242 0.8008228482859228 0.05 0.05
0 0.2907156044857768 0.8183283187454413 0.05 0.05
0 0.3678490836980306 0.7942582968636033 0.05 0.05
0 0.44005914934354495 0.7198600474106491 0.05 0.05
0 0.464676217177243 0.732989150255288 0.05 0.05
0 0.5057046635667397 0.634520878920496 0.05 0.05
0 0.5089869392778994 0.5251116885485048 0.05 0.05
0 0.3678490836980306 0.5010416666666666 0.05 0.05
0 0.3842604622538293 0.5535580780452224 0.05 0.05
0 0.5500153856673962 0.47697164478482856 0.05 0.05
0 0.727258274070022 0.8489628920495988 0.05 0.05
0 0.8060328911378558 0.846774708242159 0.05 0.05
