0 0.18920619714587736 0.07186619097956282 0.05 0.05
0 0.21933304704016915 0.07398035588442546 0.05 0.05
0 0.2684873810782241 0.09300784002818858 0.05 0.05
0 0.2780011231501057 0.09512200493305123 0.05 0.05
0 0.295442983615222 0.08877951021846352 0.05 0.05
0 0.33825482293868925 0.09089367512332605 0.05 0.05
0 0.344597317653277 0.08455118040873835 0.05 0.05
0 0.2082336812896406 0.15220445736434082 0.05 0.05
0 0.20189118657505284 0.22620022903453124 0.05 0.05
0 0.21457617600422835 0.21140107470049305 0.05 0.05
0 0.2669017573995772 0.22831439393939376 0.05 0.05
0 0.2906861125792812 0.22197189922480595 0.05 0.05
0 0.3271554571881607 0.15431862226920348 0.05 0.05
0 0.35728230708245245 0.167003611698379 0.05 0.05
0 0.45559097515856245 0.1902594256518673 0.05 0.05
0 0.4492484804439747 0.20505857998590535 0.05 0.05
0 0.45717659883720935 0.21562940451021836 0.05 0.05
0 0.14163748678646934 0.3361368040873854 0.05 0.05
0 0.19713431553911204 0.3445934637068357 0.05 0.05
0 0.2811723705073996 0.34036513389711043 0.05 0.05
0 0.1448087341437632 0.5179549859055671 0.05 0.05
0 0.2082336812896406 0.5094983262861168 0.05 0.05
0 0.0718700449260042 0.6363482205778717 0.05 0.05
0 0.2082336812896406 0.6469190451021845 0.05 0.05
0 0.2510455206131078 0.8583355355884426 0.05 0.05
0 0.46193346987315015 0.7103439922480619 0.05 0.05
0 0.4492484804439747 0.6278915609584212 0.05 0.05
0 0.563413385306554 0.4608725334742774 0.05 0.05
0 0.6078108483086682 0.59406492248062 0.05 0.05
0 0.6775782901691333 0.6004074171952077 0.05 0.05
0 0.7933288187103595 0.6257773960535588 0.05 0.05
0 0.904322476215645 0.7779972692036645 0.05 0.05
0 0.8060138081395349 0.3889909267089498 0.05 0.05
0 0.8773668736786471 0.38264843199436205 0.05 0.05
0 0.6696501717758986 0.14163363284002795 0.05 0.05
0 0.35728230708245245 0.09723616983791387 0.05 0.05
0 0.37155292019027486 0.09512200493305123 0.05 0.05
