0 0.23836053118393236 0.20505857998590546 0.05 0.05
0 0.2780011231501057 0.2135152396053557 0.05 0.05
0 0.2780011231501057 0.1500902924594783 0.05 0.05
0 0.3128848440803383 0.156432787174066 0.05 0.05
0 0.2811723705073996 0.08877951021846352 0.05 0.05
0 0.29702860729386893 0.08666534531360087 0.05 0.05
0 0.34142607029598315 0.08877951021846352 0.05 0.05
0 0.35886793076109946 0.08877951021846352 0.05 0.05
0 0.33508357558139534 0.20505857998590535 0.05 0.05
0 0.3810666622621565 0.15431862226920348 0.05 0.05
0 0.44290598572938694 0.14797612755461576 0.05 0.05
0 0.4143647595137422 0.04015371740662417 0.05 0.05
0 0.5570708905919662 0.34036513389711043 0.05 0.05
0 0.6046396009513744 0.3192234848484847 0.05 0.05
0 0.5538996432346723 0.47144335799859044 0.05 0.05
0 0.2891004889006343 0.7462847956307257 0.05 0.05
0 0.20030556289640594 0.7462847956307257 0.05 0.05
0 0.11943875528541223 0.8033672480620154 0.05 0.05
