0 0.19545338114754093 0.07299066484517334 0.05 0.05
0 0.2897156762295082 0.15131489071038248 0.05 0.05
0 0.3552894467213115 0.04931124772313294 0.05 0.05
0 0.38671021174863396 0.054775728597449815 0.05 0.05
0 0.3416282445355192 0.03473929872495442 0.05 0.05
0 0.34982496584699463 0.14585040983606562 0.05 0.05
0 0.34299436475409845 0.13127846083788697 0.05 0.05
0 0.31020747950819677 0.16042235883424402 0.05 0.05
0 0.31430584016393454 0.21142418032786878 0.05 0.05
0 0.28151895491803286 0.22599612932604743 0.05 0.05
0 0.4427211407103826 0.20595969945355191 0.05 0.05
0 0.4563823428961749 0.20778119307832424 0.05 0.05
0 0.15037141393442627 0.351679189435337 0.05 0.05
0 0.21867742486338804 0.34257172131147534 0.05 0.05
0 0.14217469262295088 0.47371926229508193 0.05 0.05
0 0.17496157786885252 0.47371926229508193 0.05 0.05
0 0.1913550204918033 0.5684369307832423 0.05 0.05
0 0.2664916325136612 0.5647939435336976 0.05 0.05
0 0.3949069330601093 0.5083276411657559 0.05 0.05
0 0.39763917349726785 0.5429360200364299 0.05 0.05
0 0.14080857240437164 0.8780908469945355 0.05 0.05
0 0.2282402663934427 0.8325535063752276 0.05 0.05
0 0.30337687841530064 0.752407786885246 0.05 0.05
0 0.35665556693989076 0.7815516848816029 0.05 0.05
0 0.40856813524590174 0.7651582422586521 0.05 0.05
0 0.4304260587431695 0.7651582422586521 0.05 0.05
0 0.44545338114754107 0.7141564207650274 0.05 0.05
0 0.5137593920765028 0.5702584244080147 0.05 0.05
0 0.5629397199453553 0.532007058287796 0.05 0.05
0 0.5806992827868853 0.4937556921675775 0.05 0.05
0 0.5479123975409838 0.47007627504553734 0.05 0.05
0 0.7678577527322406 0.7669797358834245 0.05 0.05
0 0.7500981898907104 0.3553221766848817 0.05 0.05
0 0.770589993169399 0.32071379781420767 0.05 0.05
0 0.793814036885246 0.3097848360655738 0.05 0.05
0 0.8443604849726777 0.2915698998178506 0.05 0.05
0 0.8880763319672133 0.3188923041894353 0.05 0.05
0 0.8184042008196721 0.18956625683060105 0.05 0.05
0 0.6927211407103826 0.15495787795992713 0.05 0.05
0 0.6694970969945355 0.15495787795992713 0.05 0.05
