0 0.08858356335436383 0.7288720206799861 0.05 0.05
0 0.06650154442691907 0.6629764721345953 0.05 0.05
0 0.0076161606203996365 0.6335337802313357 0.05 0.05
0 0.06965611855941116 0.5872666929547846 0.05 0.05
0 0.12433540352260779 0.6125032860147216 0.05 0.05
0 0.16534486724500524 0.6321317472835614 0.05 0.05
0 0.18637536146161932 0.6195134507535929 0.05 0.05
0 0.21686957807570972 0.6223175166491415 0.05 0.05
0 0.13169607649842272 0.49333048545390845 0.05 0.05
0 0.09489271161934806 0.4218268051174205 0.05 0.05
0 0.3872165812302838 0.501742683140554 0.05 0.05
0 0.40929860015772856 0.5241752103049424 0.05 0.05
0 0.44294739090431107 0.5213711444093938 0.05 0.05
0 0.5091934476866455 0.5353914738871366 0.05 0.05
0 0.5512544361198736 0.5185670785138453 0.05 0.05
0 0.5638727326498421 0.5059487819838768 0.05 0.05
0 0.48290532991587787 0.5970809235892046 0.05 0.05
0 0.6795404508412195 0.8354265247108309 0.05 0.05
0 0.7815383477917979 0.3657454872064496 0.05 0.05
0 0.5554605349631965 0.18628526989134275 0.05 0.05
0 0.45030806388012606 0.2045116982124083 0.05 0.05
0 0.3945772542060987 0.22133609358569958 0.05 0.05
0 0.2263333004731861 0.15403851209253455 0.05 0.05
0 0.21686957807570972 0.08814296354714367 0.05 0.05
0 0.18322078732912722 0.08253483175604662 0.05 0.05
0 0.2862702089905362 0.09935922712933791 0.05 0.05
0 0.29678545609884327 0.09234906239046646 0.05 0.05
0 0.3178159503154573 0.10917345776375775 0.05 0.05
0 0.354619315194532 0.07832873291272383 0.05 0.05
