0 0.27165862843551797 0.0930078400281887 0.05 0.05
0 0.2827579941860465 0.09089367512332605 0.05 0.05
0 0.2906861125792812 0.08877951021846352 0.05 0.05
0 0.33666919926004224 0.09089367512332605 0.05 0.05
0 0.35728230708245245 0.09300784002818858 0.05 0.05
0 0.2082336812896406 0.07398035588442546 0.05 0.05
0 0.22408991807610992 0.09723616983791387 0.05 0.05
0 0.32398420983086684 0.15431862226920348 0.05 0.05
0 0.2811723705073996 0.2198577343199434 0.05 0.05
0 0.23836053118393236 0.2642551973220576 0.05 0.05
0 0.5507283958773785 0.46721502818886523 0.05 0.05
0 0.1638362182875264 0.7462847956307257 0.05 0.05
0 0.17017871300211415 0.9175321529245948 0.05 0.05
0 0.588783364164905 0.9006188336856941 0.05 0.05
0 0.7045338927061311 0.8541072057787173 0.05 0.05
0 0.8361406580338266 0.7674264446793515 0.05 0.05
0 0.785400700317125 0.5412107998590555 0.05 0.05
0 0.8519968948202962 0.5877224277660322 0.05 0.05
