0 0.18395735062893084 0.11844208595387826 0.05 0.05
0 0.20911458333333338 0.08489910901467468 0.05 0.05
0 0.2720076650943397 0.08909198113207518 0.05 0.05
0 0.28301395440251575 0.08909198113207518 0.05 0.05
0 0.21697621855345917 0.2148781446540878 0.05 0.05
0 0.2342718160377359 0.23793894129978999 0.05 0.05
0 0.27357999213836487 0.23374606918238972 0.05 0.05
0 0.28458628144654097 0.26309617400419255 0.05 0.05
0 0.23741647012578623 0.27567479035639386 0.05 0.05
0 0.2531397405660378 0.2693854821802932 0.05 0.05
0 0.20596992924528307 0.2735783542976937 0.05 0.05
0 0.3238944575471699 0.23164963312368947 0.05 0.05
0 0.35219634433962277 0.23584250524108985 0.05 0.05
0 0.44339131289308187 0.2002030922431864 0.05 0.05
0 0.35848565251572334 0.42242531446540854 0.05 0.05
0 0.24056112421383652 0.5922366352201256 0.05 0.05
0 0.020435338050314465 0.6614190251572325 0.05 0.05
0 0.0707498034591195 0.6781905136268342 0.05 0.05
0 0.08490074685534593 0.7347942872117399 0.05 0.05
0 0.4685485455974844 0.6215867400419285 0.05 0.05
0 0.43710200471698124 0.625779612159329 0.05 0.05
0 0.5770391116352203 0.09957416142557622 0.05 0.05
0 0.6100579795597485 0.09118841719077532 0.05 0.05
0 0.6367875393081762 0.13940644654088022 0.05 0.05
0 0.6776680424528304 0.1352135744234798 0.05 0.05
0 0.7515674135220127 0.12473139412997866 0.05 0.05
0 0.7782969732704406 0.11005634171907724 0.05 0.05
0 0.654083136792453 0.198106656184486 0.05 0.05
0 0.7264101808176102 0.2253603249475888 0.05 0.05
0 0.8804982311320757 0.27986766247379435 0.05 0.05
0 0.8883598663522015 0.2714819182389935 0.05 0.05
0 0.6871020047169812 0.3700144129979032 0.05 0.05
0 0.7311271619496857 0.36162866876310246 0.05 0.05
0 0.7389887971698115 0.4853183962264148 0.05 0.05
0 0.844334709119497 0.5796580188679243 0.05 0.05
0 0.8852152122641511 0.6173938679245281 0.05 0.05
0 0.5471648977987422 0.4685469077568131 0.05 0.05
