0 0.7603781789827256 0.17538587651951368 0.05 0.05
0 0.7901286588291747 0.16258997120921304 0.05 0.05
0 0.6903205974088292 0.10372880678182976 0.05 0.05
0 0.8371536108445298 0.24064499360204733 0.05 0.05
0 0.7930077375239925 0.3967550383877159 0.05 0.05
0 0.7258292346449137 0.3993142194497761 0.05 0.05
0 0.7930077375239925 0.5541446737044146 0.05 0.05
0 0.5646008277351248 0.5016814619321817 0.05 0.05
0 0.5454069697696737 0.4696916986564299 0.05 0.05
0 0.5502054342610365 0.5362304062699936 0.05 0.05
0 0.4935835532629559 0.5413487683941138 0.05 0.05
0 0.4052918066218811 0.5336712252079335 0.05 0.05
0 0.3976142634357006 0.506799824056302 0.05 0.05
0 0.4148887356046066 0.4876059660908509 0.05 0.05
0 0.3697831693857966 0.7895893314139476 0.05 0.05
0 0.3457908469289828 0.8458913147792707 0.05 0.05
0 0.36306531909788875 0.9303442898272554 0.05 0.05
0 0.2210307701535509 0.925225927703135 0.05 0.05
0 0.15001349568138198 0.834375 0.05 0.05
0 0.16536858205374286 0.41594889635316695 0.05 0.05
0 0.20471599088291753 0.2879898432501599 0.05 0.05
0 0.20471599088291753 0.2623980326295585 0.05 0.05
0 0.259418486084453 0.12036348368522075 0.05 0.05
0 0.22199046305182346 0.0858145393474088 0.05 0.05
0 0.30548374520153554 0.09221249200255907 0.05 0.05
0 0.34099238243762003 0.09605126359564929 0.05 0.05
0 0.368823476487524 0.08453494881637873 0.05 0.05
0 0.45327645153550866 0.20865523032629554 0.05 0.05
