0 0.22091867071881607 0.054952871740662344 0.05 0.05
0 0.27324425211416487 0.11203532417195182 0.05 0.05
0 0.2938573599365751 0.1226061486962647 0.05 0.05
0 0.2653161337209302 0.09300784002818858 0.05 0.05
0 0.2811723705073996 0.09723616983791387 0.05 0.05
0 0.295442983615222 0.09723616983791387 0.05 0.05
0 0.30654234936575053 0.09089367512332605 0.05 0.05
0 0.30654234936575053 0.046496212121211876 0.05 0.05
0 0.3667960491543341 0.038039552501761636 0.05 0.05
0 0.34142607029598315 0.09089367512332605 0.05 0.05
0 0.3493541886892178 0.0824370155038757 0.05 0.05
0 0.20030556289640594 0.13529113812544022 0.05 0.05
0 0.23677490750528546 0.19660192036645513 0.05 0.05
0 0.23043241279069768 0.26214103241719494 0.05 0.05
0 0.39058040433403807 0.27482602184637045 0.05 0.05
0 0.3858235332980973 0.29173934108527105 0.05 0.05
0 0.4476628567653277 0.207172744890768 0.05 0.05
0 0.23201803646934457 0.40590424594785046 0.05 0.05
0 0.2843436178646934 0.408018410852713 0.05 0.05
0 0.22408991807610992 0.5200691508104298 0.05 0.05
0 0.022715710887949225 0.5031558315715291 0.05 0.05
0 0.062356302854122594 0.5010416666666665 0.05 0.05
0 0.3493541886892178 0.47778585271317814 0.05 0.05
0 0.2098193049682875 0.7293714763918252 0.05 0.05
0 0.2447030258985201 0.7462847956307257 0.05 0.05
0 0.28592924154334043 0.7737689393939393 0.05 0.05
0 0.45717659883720935 0.5306399753347427 0.05 0.05
0 0.5269440406976745 0.5496674594785059 0.05 0.05
0 0.5967114825581395 0.820280567300916 0.05 0.05
0 0.9312780787526428 0.9175321529245948 0.05 0.05
0 0.63793769820296 0.4122467406624382 0.05 0.05
0 0.7140476347780128 0.43338838971106397 0.05 0.05
0 0.6569651823467232 0.32768014446793503 0.05 0.05
0 0.7156332584566597 0.29808183579985886 0.05 0.05
0 0.7521026030655392 0.3001960007047214 0.05 0.05
0 0.8250412922832983 0.36362094785059884 0.05 0.05
0 0.8900518631078226 0.2832826814658208 0.05 0.05
0 0.7901575713530656 0.17968860112755441 0.05 0.05
0 0.7394176136363637 0.10357866455250159 0.05 0.05
0 0.7552738504228331 0.10569282945736411 0.05 0.05
0 0.6173245903805498 0.20083025017618017 0.05 0.05
0 0.7473457320295983 0.11203532417195182 0.05 0.05
0 0.5491427721987316 0.46932919309372784 0.05 0.05
