0 0.20904173951048946 0.14352418414918422 0.05 0.05
0 0.21953125 0.14527243589743588 0.05 0.05
0 0.19592985139860142 0.2641535547785548 0.05 0.05
0 0.2418214597902098 0.2344332750582751 0.05 0.05
0 0.26935642482517486 0.2344332750582751 0.05 0.05
0 0.2811571241258741 0.27114656177156177 0.05 0.05
0 0.3113144667832168 0.26590180652680645 0.05 0.05
0 0.3113144667832168 0.19597173659673656 0.05 0.05
0 0.33360467657342663 0.19597173659673656 0.05 0.05
0 0.2654228583916084 0.11030740093240089 0.05 0.05
0 0.29689138986013985 0.13478292540792533 0.05 0.05
0 0.2785347465034965 0.09632138694638688 0.05 0.05
0 0.2837795017482518 0.10506264568764566 0.05 0.05
0 0.3060697115384615 0.09981789044289044 0.05 0.05
0 0.3532725087412588 0.04212558275058266 0.05 0.05
0 0.34147180944055944 0.07883886946386945 0.05 0.05
0 0.35589488636363636 0.07883886946386945 0.05 0.05
0 0.442433347902098 0.20471299533799533 0.05 0.05
0 0.44636691433566433 0.213454254079254 0.05 0.05
0 0.5683074737762238 0.227440268065268 0.05 0.05
0 0.6351781031468532 0.26065705128205136 0.05 0.05
0 0.7007375437062938 0.36555215617715625 0.05 0.05
0 0.5499508304195805 0.46170600233100234 0.05 0.05
0 0.602398382867133 0.5019157925407925 0.05 0.05
0 0.5656850961538462 0.5246430652680654 0.05 0.05
0 0.5263494318181818 0.5421255827505828 0.05 0.05
0 0.46341236888111903 0.540377331002331 0.05 0.05
0 0.40440887237762235 0.540377331002331 0.05 0.05
0 0.37162915209790215 0.51939831002331 0.05 0.05
0 0.3427829982517483 0.8200976107226108 0.05 0.05
0 0.8148109702797204 0.9459717365967367 0.05 0.05
0 0.9105277534965037 0.9564612470862471 0.05 0.05
