0 0.2547244676656151 0.7583147125832459 0.05 0.05
0 0.3283311974237644 0.7723350420609887 0.05 0.05
0 0.3893196306519452 0.8129939975464425 0.05 0.05
0 0.393525729495268 0.7737370750087629 0.05 0.05
0 0.41035012486855926 0.5269792762004909 0.05 0.05
0 0.400886402471083 0.5045467490361025 0.05 0.05
0 0.41771079784437426 0.48071218892393996 0.05 0.05
0 0.49867820057833845 0.5353914738871366 0.05 0.05
0 0.5533574855415351 0.5227731773571681 0.05 0.05
0 0.571233405625657 0.4919284525061341 0.05 0.05
0 0.5449452878548894 0.4737020241850686 0.05 0.05
0 0.8193932373817031 0.7134496582544692 0.05 0.05
0 0.869866423501577 0.7863553715387313 0.05 0.05
0 0.7636624277076758 0.45267152996845456 0.05 0.05
0 0.6911072226603573 0.3727556519453209 0.05 0.05
0 0.6953133215036801 0.27180927970557345 0.05 0.05
0 0.7331682110935854 0.28723164213109037 0.05 0.05
0 0.7615593782860144 0.3461170259376098 0.05 0.05
0 0.8246508609358567 0.24797471959341072 0.05 0.05
0 0.3598769387486855 0.3769617507886437 0.05 0.05
0 0.279961060725552 0.3699515860497724 0.05 0.05
0 0.21792110278654042 0.3867759814230637 0.05 0.05
0 0.19058146030494214 0.3250865317209957 0.05 0.05
0 0.21686957807570972 0.29424180686996165 0.05 0.05
0 0.018131407728706674 0.4835162548194885 0.05 0.05
0 0.29783698080967397 0.2886336750788646 0.05 0.05
0 0.3094037526288117 0.28723164213109037 0.05 0.05
0 0.3535677904837013 0.28022147739221903 0.05 0.05
0 0.40929860015772856 0.2886336750788646 0.05 0.05
0 0.41981384726603566 0.25778895022783066 0.05 0.05
0 0.44399891561514176 0.28723164213109037 0.05 0.05
0 0.45241111330178746 0.2045116982124083 0.05 0.05
0 0.290476307833859 0.1806771381002457 0.05 0.05
0 0.24526074526813874 0.19049136873466566 0.05 0.05
0 0.21897262749737118 0.16104867683140586 0.05 0.05
0 0.19163298501577283 0.19189340168243993 0.05 0.05
0 0.2074058556782334 0.1119775236593064 0.05 0.05
0 0.22107567691903257 0.1035653259726607 0.05 0.05
0 0.205302806256572 0.07973076586049808 0.05 0.05
0 0.22948787460567818 0.08814296354714367 0.05 0.05
0 0.22948787460567818 0.0713185681738525 0.05 0.05
0 0.27680648659305984 0.09375109533824073 0.05 0.05
0 0.2852186842797055 0.08814296354714367 0.05 0.05
0 0.5806971280231333 0.11337955660708067 0.05 0.05
0 0.19583908385909568 0.04187587627059273 0.05 0.05
