0 0.3182415674603175 0.08702050264550264 0.05 0.05
0 0.26467013888888885 0.17167658730158722 0.05 0.05
0 0.18728918650793644 0.22987764550264547 0.05 0.05
0 0.22498759920634911 0.2695601851851851 0.05 0.05
0 0.1416542658730158 0.42035383597883585 0.05 0.05
0 0.2170510912698412 0.41770833333333335 0.05 0.05
0 0.05435267857142854 0.7113591269841268 0.05 0.05
0 0.24681299603174595 0.7457506613756613 0.05 0.05
0 0.28649553571428565 0.8039517195767195 0.05 0.05
0 0.34205109126984123 0.8092427248677247 0.05 0.05
0 0.36387648809523804 0.7960152116402116 0.05 0.05
0 0.4114955357142856 0.7431051587301586 0.05 0.05
0 0.4333209325396824 0.7378141534391534 0.05 0.05
0 0.39959077380952374 0.4679728835978835 0.05 0.05
0 0.3956225198412698 0.49178240740740736 0.05 0.05
0 0.40554315476190467 0.5208829365079364 0.05 0.05
0 0.5543526785714284 0.5261739417989417 0.05 0.05
0 0.5761780753968252 0.49707341269841265 0.05 0.05
0 0.5543526785714284 0.4732638888888888 0.05 0.05
0 0.6357018849206348 0.6637400793650793 0.05 0.05
0 0.7130828373015871 0.6558035714285713 0.05 0.05
0 0.96109871031746 0.9071263227513227 0.05 0.05
0 0.41546378968253955 0.22458664021164007 0.05 0.05
0 0.4452256944444444 0.20871362433862425 0.05 0.05
0 0.5523685515873015 0.2192956349206348 0.05 0.05
0 0.5841145833333332 0.13728505291005283 0.05 0.05
0 0.5702256944444443 0.10289351851851845 0.05 0.05
0 0.6813368055555554 0.16638558201058196 0.05 0.05
0 0.7150669642857141 0.15051256613756603 0.05 0.05
0 0.7249875992063491 0.18225859788359788 0.05 0.05
0 0.7646701388888887 0.17167658730158722 0.05 0.05
0 0.723003472222222 0.2457506613756614 0.05 0.05
0 0.6575272817460316 0.2483961640211639 0.05 0.05
0 0.8122891865079362 0.32776124338624335 0.05 0.05
0 0.8519717261904759 0.31982473544973544 0.05 0.05
