0 0.22091867071881607 0.13106280831571518 0.05 0.05
0 0.2748298757928119 0.09089367512332605 0.05 0.05
0 0.2843436178646934 0.09089367512332605 0.05 0.05
0 0.29702860729386893 0.09089367512332605 0.05 0.05
0 0.21933304704016915 0.17334610641296672 0.05 0.05
0 0.2621448863636363 0.14586196264975312 0.05 0.05
0 0.2938573599365751 0.1331769732205777 0.05 0.05
0 0.32239858615221995 0.1331769732205777 0.05 0.05
0 0.33984044661733626 0.08877951021846352 0.05 0.05
0 0.344597317653277 0.07820868569415064 0.05 0.05
0 0.4127791358350952 0.20928690979563053 0.05 0.05
0 0.4302209963002115 0.18814526074700477 0.05 0.05
0 0.4635190935517971 0.20083025017618017 0.05 0.05
0 0.37155292019027486 0.12472031360112736 0.05 0.05
0 0.6268383324524314 0.1775744362226919 0.05 0.05
0 0.6759926664904864 0.1839169309372796 0.05 0.05
0 0.23201803646934457 0.40379008104298786 0.05 0.05
0 0.5523140195560254 0.46932919309372784 0.05 0.05
0 0.46034784619450325 0.8033672480620154 0.05 0.05
0 0.733075118921776 0.3615067829457362 0.05 0.05
0 0.7711300872093025 0.35939261804087363 0.05 0.05
