0 0.6375374880038387 0.3161408349328217 0.05 0.05
0 0.6720864323416508 0.3033449296225207 0.05 0.05
0 0.7258292346449137 0.2777531190019194 0.05 0.05
0 0.766136336372361 0.2879898432501599 0.05 0.05
0 0.8697831693857966 0.3519693698016634 0.05 0.05
0 0.6548119601727448 0.42490603007037747 0.05 0.05
0 0.5137371041266795 0.5375099968010237 0.05 0.05
0 0.5406085052783111 0.46841210812539985 0.05 0.05
0 0.40817088531669865 0.5272732725527831 0.05 0.05
0 0.3937754918426104 0.5016814619321817 0.05 0.05
0 0.4052918066218811 0.4696916986564299 0.05 0.05
0 0.2133532269673705 0.633479286628279 0.05 0.05
0 0.6269808661228408 0.6782649552143314 0.05 0.05
0 0.669207353646833 0.5899732085732566 0.05 0.05
0 0.7555797144913629 0.5323916346769034 0.05 0.05
0 0.7191113843570058 0.6757057741522713 0.05 0.05
0 0.7536603286948178 0.16258997120921304 0.05 0.05
0 0.7738138795585413 0.1651491522712732 0.05 0.05
0 0.7603781789827256 0.11780430262316059 0.05 0.05
0 0.703756297984645 0.16131038067818296 0.05 0.05
0 0.45039737284069103 0.20865523032629554 0.05 0.05
0 0.35826685460652596 0.23040826935380684 0.05 0.05
0 0.31508067418426106 0.21377359245041586 0.05 0.05
0 0.29972558781190023 0.17154710492642355 0.05 0.05
0 0.26325725767754327 0.04358805182341641 0.05 0.05
0 0.2776526511516315 0.047426823416506635 0.05 0.05
0 0.3035643594049905 0.08965331094049904 0.05 0.05
0 0.3457908469289828 0.09605126359564929 0.05 0.05
0 0.34099238243762003 0.03846968969929622 0.05 0.05
0 0.18552213291746647 0.1741062859884837 0.05 0.05
