0 0.1808126965408805 0.0534525681341717 0.05 0.05
0 0.2043976022012579 0.055549004192871836 0.05 0.05
0 0.22641018081761013 0.049259696016771194 0.05 0.05
0 0.21854854559748435 0.11005634171907724 0.05 0.05
0 0.24527810534591202 0.11005634171907724 0.05 0.05
0 0.26257370283018877 0.10586346960167686 0.05 0.05
0 0.2688630110062894 0.09118841719077532 0.05 0.05
0 0.2767246462264151 0.09118841719077532 0.05 0.05
0 0.35376867138364787 0.07860980083857404 0.05 0.05
0 0.38521521226415106 0.2002030922431864 0.05 0.05
0 0.35376867138364787 0.3322785639412995 0.05 0.05
0 0.334900746855346 0.36162866876310246 0.05 0.05
0 0.25785672169811324 0.2945427148846958 0.05 0.05
0 0.19968062106918244 0.3155070754716978 0.05 0.05
0 0.2342718160377359 0.36162866876310246 0.05 0.05
0 0.14622150157232708 0.38259302935010453 0.05 0.05
0 0.042447916666666675 0.4895112683438153 0.05 0.05
0 0.047164897798742146 0.8375196540880502 0.05 0.05
0 0.08332841981132076 0.8270374737945491 0.05 0.05
0 0.18710200471698119 0.9297628406708595 0.05 0.05
0 0.28301395440251575 0.9150877882599581 0.05 0.05
0 0.44181898584905677 0.697058438155136 0.05 0.05
0 0.48112716194968563 0.7746265723270439 0.05 0.05
0 0.6839573506289309 0.3763037211740039 0.05 0.05
0 0.743705778301887 0.386785901467505 0.05 0.05
0 0.8286114386792456 0.4308110587002094 0.05 0.05
0 0.8710642688679247 0.4077502620545071 0.05 0.05
0 0.7924479166666668 0.3700144129979032 0.05 0.05
0 0.8160328223270442 0.2735783542976937 0.05 0.05
0 0.8223221305031447 0.2253603249475888 0.05 0.05
0 0.8820705581761008 0.2882534067085951 0.05 0.05
0 0.8977938286163525 0.2819640985324945 0.05 0.05
0 0.7672906839622643 0.23374606918238972 0.05 0.05
0 0.7326994889937108 0.277771226415094 0.05 0.05
0 0.7326994889937108 0.22116745283018843 0.05 0.05
0 0.7028252751572329 0.19601022012578587 0.05 0.05
0 0.5565988600628933 0.46016116352201236 0.05 0.05
