0 0.13681821098562633 0.5913907426420258 0.05 0.05
0 0.3770646175564682 0.4764010095824778 0.05 0.05
0 0.4017052746406572 0.506517368240931 0.05 0.05
0 0.450986588809035 0.5270512491444216 0.05 0.05
0 0.5084814553388092 0.5393715776865161 0.05 0.05
0 0.5433890528747434 0.4791388603696099 0.05 0.05
0 0.5269619481519509 0.7050115503080082 0.05 0.05
0 0.7045800179671459 0.9459424195756332 0.05 0.05
0 0.6583787859342917 0.3326638432580424 0.05 0.05
0 0.7107401822381931 0.32855706707734433 0.05 0.05
0 0.8062227284394252 0.35593557494866535 0.05 0.05
0 0.6563253978439426 0.17523742299794662 0.05 0.05
0 0.6850728311088297 0.1656549452429843 0.05 0.05
0 0.7210071226899385 0.09857760095824777 0.05 0.05
0 0.7127935703285422 0.09173297399041758 0.05 0.05
0 0.6060173896303902 0.09036404859685139 0.05 0.05
0 0.559816157597536 0.1944023785078713 0.05 0.05
0 0.45406667094455855 0.2039848562628336 0.05 0.05
0 0.4417463424024642 0.21904303559206018 0.05 0.05
0 0.2333274512320329 0.20672270704996573 0.05 0.05
0 0.22819398100616023 0.1724995722108145 0.05 0.05
0 0.2785019892197126 0.10405330253251203 0.05 0.05
0 0.29595578798767974 0.09447082477754959 0.05 0.05
0 0.3493438783367557 0.08078157084188907 0.05 0.05
0 0.3493438783367557 0.054771988364134216 0.05 0.05
0 0.41094552104722804 0.08078157084188907 0.05 0.05
