0 0.2637305100422833 0.10992115926708941 0.05 0.05
0 0.2843436178646934 0.09935033474277641 0.05 0.05
0 0.2780011231501057 0.09089367512332605 0.05 0.05
0 0.29227173625792807 0.09089367512332605 0.05 0.05
0 0.33825482293868925 0.08455118040873835 0.05 0.05
0 0.35728230708245245 0.09089367512332605 0.05 0.05
0 0.4254641252642707 0.20294441508104283 0.05 0.05
0 0.4635190935517971 0.20083025017618017 0.05 0.05
0 0.3826522859408034 0.28539684637068347 0.05 0.05
0 0.32556983350951374 0.24311354827343182 0.05 0.05
0 0.24153177854122623 0.22408606412966858 0.05 0.05
0 0.20189118657505284 0.22620022903453124 0.05 0.05
0 0.09089752906976742 0.5644666138125439 0.05 0.05
0 0.15115122885835094 0.5644666138125439 0.05 0.05
0 0.09882564746300208 0.6511473749119097 0.05 0.05
0 0.010030721458773751 0.630005725863284 0.05 0.05
0 0.18444932610993658 0.7272573114869625 0.05 0.05
0 0.5459715248414377 0.4629866983791401 0.05 0.05
0 0.6823351612050741 0.247341878083157 0.05 0.05
0 0.7251470005285413 0.312880990133897 0.05 0.05
0 0.7410032373150107 0.26636936222692026 0.05 0.05
0 0.612567719344609 0.1395194679351654 0.05 0.05
0 0.7632019688160678 0.19871608527131765 0.05 0.05
