0 0.21953124999999996 0.15751019813519823 0.05 0.05
0 0.24575502622377626 0.15576194638694632 0.05 0.05
0 0.26017810314685313 0.15751019813519812 0.05 0.05
0 0.26804523601398605 0.09981789044289044 0.05 0.05
0 0.282468312937063 0.09806963869463867 0.05 0.05
0 0.29951376748251757 0.09806963869463867 0.05 0.05
0 0.3506501311188811 0.08583187645687644 0.05 0.05
0 0.3427829982517483 0.08583187645687644 0.05 0.05
0 0.31655922202797204 0.19771998834498833 0.05 0.05
0 0.3021361451048951 0.23093677156177156 0.05 0.05
0 0.3703179632867133 0.19597173659673656 0.05 0.05
0 0.4398109702797203 0.2064612470862471 0.05 0.05
0 0.45161166958041965 0.20820949883449877 0.05 0.05
0 0.04120957167832166 0.6872304778554779 0.05 0.05
0 0.10808020104895104 0.6819857226107227 0.05 0.05
0 0.20379698426573428 0.7099577505827507 0.05 0.05
0 0.19724104020979022 0.7676500582750584 0.05 0.05
0 0.3899857954545455 0.5141535547785547 0.05 0.05
0 0.3899857954545455 0.5421255827505828 0.05 0.05
0 0.4594788024475525 0.5298878205128206 0.05 0.05
0 0.525038243006993 0.5386290792540792 0.05 0.05
0 0.566996284965035 0.5228948135198136 0.05 0.05
0 0.5866641171328671 0.49142628205128214 0.05 0.05
0 0.5433948863636363 0.4686990093240093 0.05 0.05
0 0.6259997814685315 0.15751019813519812 0.05 0.05
0 0.643045236013986 0.18198572261072254 0.05 0.05
0 0.7322060751748254 0.5106570512820513 0.05 0.05
0 0.8082550262237763 0.48093677156177156 0.05 0.05
0 0.8030102709790212 0.7501675407925409 0.05 0.05
0 0.8502130681818183 0.7676500582750584 0.05 0.05
0 0.91446131993007 0.7274402680652681 0.05 0.05
