0 0.1883415200096432 0.12302816618450668 0.05 0.05
0 0.2076279230954677 0.1153136049501768 0.05 0.05
0 0.19316312078109935 0.08445536001285762 0.05 0.05
0 0.3310609028447445 0.18088737544198008 0.05 0.05
0 0.30791721914175507 0.09088416104146582 0.05 0.05
0 0.2847735354387657 0.08959840083574425 0.05 0.05
0 0.34745434546769527 0.09602720186435233 0.05 0.05
0 0.4168853965766634 0.2580329877852781 0.05 0.05
0 0.6049278266634522 0.23874658469945362 0.05 0.05
0 0.6473579134522661 0.2606045081967213 0.05 0.05
0 0.698466881629701 0.2606045081967213 0.05 0.05
0 0.6087851072806172 0.12431392639022824 0.05 0.05
0 0.5731052615718418 0.12045664577306331 0.05 0.05
0 0.8556510667791708 0.41360997267759564 0.05 0.05
0 0.9038670744937318 0.4393251767920283 0.05 0.05
0 0.8894022721793636 0.6579044117647059 0.05 0.05
0 0.9327966791224686 0.6630474525875925 0.05 0.05
0 0.6782161583895853 0.678476575056252 0.05 0.05
0 0.5933559848119575 0.5151850289296046 0.05 0.05
0 0.5461042972516875 0.465040380906461 0.05 0.05
0 0.50078125 0.5357571922211508 0.05 0.05
0 0.40242059426229504 0.5267568707810993 0.05 0.05
0 0.3908487524108003 0.5061847074895532 0.05 0.05
0 0.4429220407425265 0.6527613709418194 0.05 0.05
0 0.4110994756509161 0.7556221873995501 0.05 0.05
0 0.31370314006750244 0.7813373915139827 0.05 0.05
0 0.22305704556412734 0.7479076261652202 0.05 0.05
