0 0.19224733315098466 0.09622766229029907 0.05 0.05
0 0.31533267231947487 0.09622766229029894 0.05 0.05
0 0.2792276394967178 0.1443677060539751 0.05 0.05
0 0.30220356947483584 0.14874407366885467 0.05 0.05
0 0.28579219091903724 0.2012604850474105 0.05 0.05
0 0.21194098741794307 0.2669059992706052 0.05 0.05
0 0.28415105306345734 0.2625296316557256 0.05 0.05
0 0.4417002871991248 0.19907230123997063 0.05 0.05
0 0.45811166575492346 0.20782503646972994 0.05 0.05
0 0.29892129376367615 0.39819702771699483 0.05 0.05
0 0.513910352844639 0.5426171590080232 0.05 0.05
0 0.40231297866520793 0.5229235047410649 0.05 0.05
0 0.39246615153172865 0.5010416666666666 0.05 0.05
0 0.5615033506564553 0.5294880561633843 0.05 0.05
0 0.5713501777899344 0.4944771152443472 0.05 0.05
0 0.5549387992341358 0.4747834609773887 0.05 0.05
0 0.5450919721006565 0.19907230123997063 0.05 0.05
0 0.5664267642231948 0.13780315463165552 0.05 0.05
0 0.15942457603938726 0.6979782093362509 0.05 0.05
0 0.15942457603938726 0.7658119073668855 0.05 0.05
0 0.2825099152078775 0.7876937454412837 0.05 0.05
0 0.362925670131291 0.7745646425966448 0.05 0.05
0 0.4105186679431073 0.7504946207148068 0.05 0.05
0 0.4105186679431073 0.7876937454412837 0.05 0.05
0 0.4843698714442014 0.7483064369073669 0.05 0.05
0 0.8027506154266961 0.9649366338439097 0.05 0.05
0 0.9077834381838077 0.6957900255288112 0.05 0.05
0 0.725617136214442 0.4266434172137126 0.05 0.05
0 0.7682867204595187 0.4266434172137126 0.05 0.05
0 0.853625888949672 0.3960088439095549 0.05 0.05
0 0.9028600246170682 0.3916324762946753 0.05 0.05
