0 0.2795286832648871 0.10816007871320986 0.05 0.05
0 0.29082231776180706 0.09447082477754959 0.05 0.05
0 0.18712621919917866 0.04518951060917177 0.05 0.05
0 0.21587365246406573 0.1437521389459275 0.05 0.05
0 0.36474428901437383 0.08351942162902119 0.05 0.05
0 0.26310157854209454 0.20535378165639978 0.05 0.05
0 0.31546297484599595 0.2039848562628336 0.05 0.05
0 0.437639566221766 0.21356733401779604 0.05 0.05
0 0.44995989476386045 0.19987808008213553 0.05 0.05
0 0.21279357032854213 0.28748930527036276 0.05 0.05
0 0.1881529132443532 0.4750320841889117 0.05 0.05
0 0.13681821098562633 0.4503914271047228 0.05 0.05
0 0.0824034265913758 0.45860497946611917 0.05 0.05
0 0.07008309804928134 0.41343044147843944 0.05 0.05
0 0.21382026437371668 0.7679821184120466 0.05 0.05
0 0.4756272458932239 0.617400325119781 0.05 0.05
0 0.544415746919918 0.6625748631074607 0.05 0.05
0 0.5012945970225873 0.5243133983572896 0.05 0.05
0 0.4437997304928132 0.5256823237508556 0.05 0.05
0 0.3544773485626284 0.506517368240931 0.05 0.05
0 0.4017052746406572 0.48050778576317593 0.05 0.05
0 0.5433890528747434 0.4681874572210815 0.05 0.05
0 0.6645389502053389 0.30117855920602327 0.05 0.05
0 0.6922596894250514 0.24915939425051334 0.05 0.05
0 0.7251138988706367 0.3039164099931554 0.05 0.05
0 0.8534506545174538 0.4654496064339494 0.05 0.05
0 0.6830194430184806 0.1724995722108145 0.05 0.05
0 0.6481118454825463 0.1724995722108145 0.05 0.05
0 0.7723418249486654 0.10405330253251203 0.05 0.05
0 0.5670030159137578 0.18345097535934302 0.05 0.05
