0 0.30672530594405595 0.09107663170163179 0.05 0.05
0 0.28443509615384616 0.18373397435897434 0.05 0.05
0 0.32770432692307694 0.1645032051282051 0.05 0.05
0 0.44833369755244756 0.2064612470862471 0.05 0.05
0 0.195274256993007 0.290377331002331 0.05 0.05
0 0.20183020104895108 0.4389787296037296 0.05 0.05
0 0.14676027097902097 0.4389787296037296 0.05 0.05
0 0.27263439685314683 0.575342365967366 0.05 0.05
0 0.39064138986013985 0.505412296037296 0.05 0.05
0 0.40768684440559444 0.5228948135198136 0.05 0.05
0 0.5571623688811189 0.5211465617715618 0.05 0.05
0 0.5833861451048952 0.4896780303030303 0.05 0.05
0 0.5492952360139861 0.46695075757575755 0.05 0.05
0 0.271323208041958 0.7589087995337995 0.05 0.05
0 0.3014805506993007 0.797370337995338 0.05 0.05
0 0.35655048076923074 0.7763913170163171 0.05 0.05
0 0.431288243006993 0.7291885198135198 0.05 0.05
0 0.4535784527972028 0.7361815268065269 0.05 0.05
0 0.46800152972027975 0.7728948135198136 0.05 0.05
0 0.5125819493006993 0.8777899184149185 0.05 0.05
0 0.6738581730769232 0.9634542540792541 0.05 0.05
0 0.7381064248251749 0.5596081002331003 0.05 0.05
0 0.8534910402097904 0.6050626456876457 0.05 0.05
0 0.9308511800699302 0.58932837995338 0.05 0.05
0 0.6581239073426575 0.1784892191142191 0.05 0.05
0 0.5794525786713287 0.1784892191142191 0.05 0.05
