0 0.19871993921775896 0.10357866455250159 0.05 0.05
0 0.2256755417547569 0.13740530303030288 0.05 0.05
0 0.2684873810782241 0.09089367512332605 0.05 0.05
0 0.2811723705073996 0.08877951021846352 0.05 0.05
0 0.2891004889006343 0.09723616983791387 0.05 0.05
0 0.34142607029598315 0.08877951021846352 0.05 0.05
0 0.19871993921775896 0.7420564658210006 0.05 0.05
0 0.2780011231501057 0.7441706307258632 0.05 0.05
0 0.6712357954545455 0.3847625968992247 0.05 0.05
0 0.7172188821353067 0.37630593727977435 0.05 0.05
0 0.9661617996828754 0.780111434108527 0.05 0.05
0 0.5459715248414377 0.4587583685694149 0.05 0.05
0 0.8424831527484145 0.17334610641296672 0.05 0.05
0 0.35886793076109946 0.09089367512332605 0.05 0.05
0 0.44290598572938694 0.16911777660324154 0.05 0.05
