0 0.14326284831756048 0.6377398790746585 0.05 0.05
0 0.24631226997896943 0.7709330091132143 0.05 0.05
0 0.5870062762881176 0.9307647651594814 0.05 0.05
0 0.5838517021556255 0.8340244917630566 0.05 0.05
0 0.656406907202944 0.8270143270241852 0.05 0.05
0 0.5028842994216612 0.6068951542236244 0.05 0.05
0 0.5070903982649841 0.5353914738871366 0.05 0.05
0 0.5459968125657201 0.5241752103049424 0.05 0.05
0 0.5617696832281807 0.4989386172450055 0.05 0.05
0 0.5438937631440587 0.4666918594461972 0.05 0.05
0 0.40824707544689787 0.5213711444093938 0.05 0.05
0 0.3966803036277601 0.5003406501927797 0.05 0.05
0 0.2831156348580441 0.43304306869961473 0.05 0.05
0 0.35041321635120914 0.15824461093585734 0.05 0.05
0 0.45135958859095676 0.20310966526463403 0.05 0.05
0 0.27575496188222914 0.09655516123378938 0.05 0.05
0 0.2831156348580441 0.08533889765159515 0.05 0.05
0 0.2831156348580441 0.0671124693305296 0.05 0.05
0 0.22528177576235536 0.07272060112162677 0.05 0.05
0 0.2589305665089379 0.10496735892043496 0.05 0.05
0 0.400886402471083 0.135812083771469 0.05 0.05
0 0.5617696832281807 0.19189340168243993 0.05 0.05
