0 0.09914977207293664 0.5541446737044147 0.05 0.05
0 0.06843959932821499 0.5567038547664748 0.05 0.05
0 0.19799814059500961 0.4812080134357006 0.05 0.05
0 0.28724958013435703 0.48376719449776073 0.05 0.05
0 0.4148887356046066 0.48376719449776073 0.05 0.05
0 0.3918561060460653 0.5004018714011517 0.05 0.05
0 0.40625149952015366 0.5170365483045425 0.05 0.05
0 0.4408004438579655 0.5362304062699936 0.05 0.05
0 0.504140175143954 0.5362304062699936 0.05 0.05
0 0.5511651271593091 0.524714091490723 0.05 0.05
0 0.5617217490403072 0.4927243282149712 0.05 0.05
0 0.5444472768714013 0.4696916986564299 0.05 0.05
0 0.47630908109404996 0.6270813339731286 0.05 0.05
0 0.5367697336852209 0.8817198496481126 0.05 0.05
0 0.6442553382917466 0.779352607165707 0.05 0.05
0 0.8659443977927064 0.5375099968010237 0.05 0.05
0 0.8246776031669866 0.28926943378118997 0.05 0.05
0 0.7958868162188101 0.27519393793985925 0.05 0.05
0 0.7018369121880998 0.2457633557261675 0.05 0.05
0 0.6452150311900192 0.18562260076775428 0.05 0.05
0 0.7104741482725528 0.10756757837491998 0.05 0.05
0 0.42832443618042226 0.20737563979526547 0.05 0.05
0 0.3956948776391555 0.20097768714011507 0.05 0.05
0 0.31604036708253364 0.19841850607805492 0.05 0.05
0 0.2853301943378119 0.1651491522712732 0.05 0.05
0 0.19223998320537433 0.16642874280230327 0.05 0.05
0 0.21239353406909794 0.13187979846449133 0.05 0.05
0 0.2392649352207294 0.13060020793346125 0.05 0.05
0 0.22966800623800387 0.09605126359564929 0.05 0.05
0 0.23254708493282156 0.09221249200255907 0.05 0.05
0 0.2133532269673705 0.09733085412667937 0.05 0.05
0 0.19895783349328217 0.03974928023032618 0.05 0.05
0 0.2517409428982726 0.047426823416506635 0.05 0.05
0 0.2853301943378119 0.04102887076135626 0.05 0.05
0 0.28724958013435703 0.09349208253358915 0.05 0.05
0 0.2709348008637237 0.10244921625079968 0.05 0.05
0 0.31987913867562384 0.07941658669225843 0.05 0.05
0 0.3035643594049905 0.08965331094049904 0.05 0.05
0 0.34195207533589256 0.08197576775431857 0.05 0.05
0 0.3515490043186181 0.08325535828534865 0.05 0.05
0 0.36018624040307107 0.08709412987843888 0.05 0.05
0 0.45135706573896356 0.20993482085732562 0.05 0.05
0 0.21623230566218812 0.28159189059500966 0.05 0.05
0 0.2651766434740883 0.27647352847088935 0.05 0.05
