0 0.230972506830601 0.06570469034608403 0.05 0.05
0 0.30610911885245906 0.11488501821493623 0.05 0.05
0 0.3197703210382514 0.11488501821493623 0.05 0.05
0 0.33206540300546455 0.09120560109289617 0.05 0.05
0 0.20091786202185796 0.11670651183970857 0.05 0.05
0 0.31703808060109295 0.17681580145719486 0.05 0.05
0 0.3607539275956285 0.18228028233151186 0.05 0.05
0 0.4017375341530055 0.09667008196721305 0.05 0.05
0 0.3935408128415301 0.20231671220400724 0.05 0.05
0 0.33206540300546455 0.20595969945355191 0.05 0.05
0 0.4481856215846996 0.21688866120218578 0.05 0.05
0 0.44681950136612036 0.18410177595628407 0.05 0.05
0 0.6558358948087433 0.171351320582878 0.05 0.05
0 0.6913550204918033 0.14949339708561016 0.05 0.05
0 0.7173113046448089 0.16224385245901635 0.05 0.05
0 0.7801528346994535 0.3680726320582878 0.05 0.05
0 0.8047429986338799 0.4937556921675775 0.05 0.05
0 0.8443604849726777 0.351679189435337 0.05 0.05
0 0.5492785177595628 0.46643328779599263 0.05 0.05
0 0.5793331625683061 0.4937556921675775 0.05 0.05
0 0.5629397199453553 0.5228995901639344 0.05 0.05
0 0.3949069330601093 0.502863160291439 0.05 0.05
0 0.39627305327868856 0.5265425774134791 0.05 0.05
0 0.3238686816939892 0.2915698998178506 0.05 0.05
0 0.2637593920765028 0.2897484061930783 0.05 0.05
0 0.22004354508196727 0.2897484061930783 0.05 0.05
0 0.11485228825136615 0.439110883424408 0.05 0.05
0 0.058841359289617534 0.5301855646630237 0.05 0.05
0 0.3020107581967214 0.7596937613843352 0.05 0.05
0 0.3662184084699454 0.7797301912568307 0.05 0.05
0 0.39627305327868856 0.7487647996357013 0.05 0.05
0 0.4372566598360656 0.7724442167577413 0.05 0.05
0 0.43862278005464483 0.7214423952641166 0.05 0.05
0 0.9072020150273226 0.980094489981785 0.05 0.05
