0 0.07648038211186114 0.8019095548055287 0.05 0.05
0 0.004156370540019283 0.5961879218900675 0.05 0.05
0 0.3011669780617165 0.7749085904853745 0.05 0.05
0 0.28380921528447445 0.7543364271938284 0.05 0.05
0 0.35516890670202506 0.7826231517197043 0.05 0.05
0 0.4969239693828351 0.783908911925426 0.05 0.05
0 0.6261428700578592 0.7684797894567663 0.05 0.05
0 0.4458150012054002 0.6424752892960464 0.05 0.05
0 0.4467793213596914 0.5936164014786243 0.05 0.05
0 0.4053135547251688 0.5254711105753778 0.05 0.05
0 0.39181307256509157 0.5010416666666667 0.05 0.05
0 0.5046385306171649 0.5357571922211508 0.05 0.05
0 0.5432113367888138 0.4701834217293475 0.05 0.05
0 0.21630680448408873 0.38532324815171975 0.05 0.05
0 0.26741577266152367 0.2400323449051752 0.05 0.05
0 0.22498568587270978 0.22588898264223733 0.05 0.05
0 0.2076279230954677 0.1577436917389908 0.05 0.05
0 0.22787864633558338 0.12302816618450668 0.05 0.05
0 0.24909368972999033 0.18860193667630984 0.05 0.05
0 0.31948906099324975 0.24646114593378338 0.05 0.05
0 0.34166842454194796 0.23103202346512386 0.05 0.05
0 0.32238202145612344 0.15902945194471235 0.05 0.05
0 0.3812055508678881 0.17317281420765032 0.05 0.05
0 0.3088815392960463 0.08959840083574425 0.05 0.05
0 0.3368468237704918 0.09988448248151727 0.05 0.05
0 0.38988443225650915 0.28246243169398916 0.05 0.05
0 0.44388636089681777 0.21174562037929925 0.05 0.05
0 0.5952846251205399 0.18988769688203153 0.05 0.05
0 0.6145710282063644 0.17574433461909358 0.05 0.05
0 0.6309644708293154 0.18088737544198008 0.05 0.05
0 0.5489972577145612 0.2104598601735777 0.05 0.05
0 0.7042528025554484 0.14231456927033115 0.05 0.05
0 0.7418612885728061 0.1384572886531662 0.05 0.05
0 0.8431149047733847 0.5048989472838316 0.05 0.05
0 0.8932595527965285 0.48561254419800715 0.05 0.05
