0 0.31065887237762235 0.09457313519813522 0.05 0.05
0 0.44702250874125876 0.2064612470862471 0.05 0.05
0 0.1454490821678322 0.3725451631701631 0.05 0.05
0 0.20051901223776225 0.3725451631701631 0.05 0.05
0 0.0812008304195804 0.46170600233100234 0.05 0.05
0 0.12184768356643357 0.4442234848484849 0.05 0.05
0 0.1821623688811189 0.4739437645687646 0.05 0.05
0 0.23198754370629376 0.46170600233100234 0.05 0.05
0 0.44440013111888116 0.3603074009324009 0.05 0.05
0 0.39064138986013985 0.5106570512820513 0.05 0.05
0 0.40768684440559444 0.540377331002331 0.05 0.05
0 0.5624071241258741 0.5351325757575758 0.05 0.05
0 0.5768302010489511 0.5019157925407925 0.05 0.05
0 0.5479840472027973 0.4721955128205128 0.05 0.05
0 0.6305889423076924 0.5106570512820513 0.05 0.05
0 0.5165155157342658 0.631286421911422 0.05 0.05
0 0.4902917395104895 0.8061115967365968 0.05 0.05
0 0.41162041083916084 0.7414262820512821 0.05 0.05
0 0.4588232080419581 0.867300407925408 0.05 0.05
0 0.36703999125874126 0.7851325757575758 0.05 0.05
0 0.35261691433566433 0.8410766317016318 0.05 0.05
0 0.2962357954545454 0.7589087995337995 0.05 0.05
0 0.696148382867133 0.6452724358974359 0.05 0.05
0 0.7276169143356643 0.6645032051282052 0.05 0.05
0 0.8167777534965035 0.7186990093240093 0.05 0.05
0 0.6620574737762238 0.8742934149184151 0.05 0.05
0 0.6410784527972029 0.13827942890442887 0.05 0.05
0 0.6699246066433566 0.14527243589743588 0.05 0.05
0 0.744662368881119 0.276391317016317 0.05 0.05
0 0.751218312937063 0.2064612470862471 0.05 0.05
0 0.7918651660839162 0.18023747086247088 0.05 0.05
0 0.8023546765734266 0.213454254079254 0.05 0.05
