0 0.5438937631440587 0.4680938923939715 0.05 0.05
0 0.5649242573606728 0.4919284525061341 0.05 0.05
0 0.5533574855415351 0.5157630126182968 0.05 0.05
0 0.5039358241324919 0.5353914738871366 0.05 0.05
0 0.41665927313354356 0.5325874079915881 0.05 0.05
0 0.3987833530494215 0.5115569137749739 0.05 0.05
0 0.40929860015772856 0.4821142218717142 0.05 0.05
0 0.3998348777602523 0.7779431738520857 0.05 0.05
0 0.37880438354363816 0.8200041622853138 0.05 0.05
0 0.3178159503154573 0.7765411409043115 0.05 0.05
0 0.251569893533123 0.7681289432176658 0.05 0.05
0 0.14746894716088327 0.578854495268139 0.05 0.05
0 0.08227441508937963 0.569040264633719 0.05 0.05
0 0.06229544558359623 0.5213711444093938 0.05 0.05
0 0.005513111198738219 0.5227731773571681 0.05 0.05
0 0.09384118690851737 0.4680938923939715 0.05 0.05
0 0.2273848251840168 0.496134551349457 0.05 0.05
0 0.6858495991062037 0.794767569225377 0.05 0.05
0 0.7931051196109355 0.3054580704521559 0.05 0.05
0 0.8235993362250259 0.3236844987732214 0.05 0.05
0 0.6669221543112511 0.22834625832457103 0.05 0.05
0 0.6543038577812826 0.17787307220469703 0.05 0.05
0 0.6248611658780229 0.14422428145811458 0.05 0.05
0 0.6080367705047316 0.13020395198037182 0.05 0.05
0 0.5480998619873815 0.20170763231685976 0.05 0.05
0 0.44925653916929537 0.20731576410795682 0.05 0.05
0 0.3872165812302838 0.19890356642131124 0.05 0.05
0 0.35146474106203984 0.18908933578689138 0.05 0.05
0 0.30099155494216606 0.19189340168243993 0.05 0.05
0 0.2820641101472134 0.19890356642131124 0.05 0.05
0 0.2505183688222923 0.24797471959341072 0.05 0.05
0 0.24000312171398522 0.2003055993690855 0.05 0.05
0 0.20845738038906408 0.19469746757798845 0.05 0.05
0 0.24420922055730804 0.15123444619698603 0.05 0.05
0 0.22948787460567818 0.1077714248159835 0.05 0.05
0 0.18637536146161932 0.1035653259726607 0.05 0.05
0 0.19478755914826493 0.08533889765159515 0.05 0.05
0 0.21056042981072554 0.07692669996494957 0.05 0.05
0 0.2841671595688748 0.09515312828601499 0.05 0.05
0 0.30099155494216606 0.0909470294426922 0.05 0.05
0 0.3872165812302838 0.06571043638275534 0.05 0.05
0 0.37670133412197676 0.07552466701717529 0.05 0.05
