0 0.20537643599562355 0.12248586797957692 0.05 0.05
0 0.22835236597374178 0.11592131655725725 0.05 0.05
0 0.30384470733041574 0.09622766229029894 0.05 0.05
0 0.32189722374179436 0.1224858679795768 0.05 0.05
0 0.3366674644420132 0.16843772793581308 0.05 0.05
0 0.2431226066739606 0.1728140955506928 0.05 0.05
0 0.34159087800875276 0.22314232312180876 0.05 0.05
0 0.3645668079868709 0.21220140408460963 0.05 0.05
0 0.4482648386214443 0.2012604850474105 0.05 0.05
0 0.45811166575492346 0.20782503646972994 0.05 0.05
0 0.5483742478118162 0.2209541393143689 0.05 0.05
0 0.564785626367615 0.11373313274981751 0.05 0.05
0 0.5877615563457331 0.11154494894237767 0.05 0.05
0 0.6632538977024071 0.17500227935813265 0.05 0.05
0 0.701000068380744 0.17937864697301223 0.05 0.05
0 0.702641206236324 0.14217952224653524 0.05 0.05
0 0.6550482084245077 0.46821890955506923 0.05 0.05
0 0.5877615563457331 0.5316762399708241 0.05 0.05
0 0.5500153856673962 0.4725952771699489 0.05 0.05
0 0.5106280771334792 0.5382407913931435 0.05 0.05
0 0.4449825629102845 0.28878783734500346 0.05 0.05
0 0.39246615153172865 0.49885348285922676 0.05 0.05
0 0.4072363922319475 0.5294880561633843 0.05 0.05
0 0.9504530224288843 0.8248928701677608 0.05 0.05
0 0.4564705278993436 0.7001663931436907 0.05 0.05
0 0.44005914934354495 0.7461182530999272 0.05 0.05
0 0.39246615153172865 0.7548709883296865 0.05 0.05
0 0.4055952543763676 0.7986346644784829 0.05 0.05
0 0.3432320158643326 0.7986346644784829 0.05 0.05
0 0.25132829595185996 0.7658119073668855 0.05 0.05
0 0.17419481673960613 0.822704686360321 0.05 0.05
0 0.12824295678336978 0.8030110320933626 0.05 0.05
0 0.06423858041575489 0.9846302881108681 0.05 0.05
0 0.04618606400437631 0.6564027169948943 0.05 0.05
0 0.029774685448577625 0.6104508570386578 0.05 0.05
0 0.015004444748358806 0.4966652990517869 0.05 0.05
0 0.09213792396061266 0.6279563274981764 0.05 0.05
0 0.18896505743982495 0.5557462618526624 0.05 0.05
0 0.37441363512035014 0.7920701130561635 0.05 0.05
