0 0.20904173951048946 0.18373397435897446 0.05 0.05
0 0.23133194930069928 0.18548222610722612 0.05 0.05
0 0.11988090034965034 0.353314393939394 0.05 0.05
0 0.13299278846153845 0.40576194638694646 0.05 0.05
0 0.0910347465034965 0.41625145687645687 0.05 0.05
0 0.029408872377622353 0.5019157925407925 0.05 0.05
0 0.2732899912587413 0.09632138694638688 0.05 0.05
0 0.28509069055944053 0.09632138694638688 0.05 0.05
0 0.31262565559440564 0.09632138694638688 0.05 0.05
0 0.3454053758741259 0.08408362470862467 0.05 0.05
0 0.3532725087412588 0.08233537296037288 0.05 0.05
0 0.3703179632867133 0.17324446386946377 0.05 0.05
0 0.3808074737762238 0.1994682400932401 0.05 0.05
0 0.39654173951048954 0.19597173659673656 0.05 0.05
0 0.31655922202797204 0.23618152680652676 0.05 0.05
0 0.33360467657342663 0.23093677156177156 0.05 0.05
0 0.4411221590909092 0.21170600233100234 0.05 0.05
0 0.45030048076923085 0.20995775058275054 0.05 0.05
0 0.37162915209790215 0.512405303030303 0.05 0.05
0 0.37162915209790215 0.5421255827505828 0.05 0.05
0 0.4529228583916085 0.540377331002331 0.05 0.05
0 0.5197934877622379 0.5386290792540792 0.05 0.05
0 0.5774857954545455 0.5316360722610723 0.05 0.05
0 0.5971536276223777 0.5071605477855478 0.05 0.05
0 0.546017263986014 0.4652025058275058 0.05 0.05
0 0.30869208916083923 0.7519157925407925 0.05 0.05
0 0.643045236013986 0.28163607226107223 0.05 0.05
0 0.6758249562937063 0.28163607226107223 0.05 0.05
0 0.7099158653846155 0.28163607226107223 0.05 0.05
0 0.783342438811189 0.31485285547785546 0.05 0.05
0 0.7426955856643358 0.5648528554778556 0.05 0.05
0 0.8541466346153849 0.6470206876456877 0.05 0.05
0 0.9236396416083918 0.6784892191142191 0.05 0.05
