0 0.23518928382663845 0.12894864341085263 0.05 0.05
0 0.25421676797040166 0.12472031360112736 0.05 0.05
0 0.2653161337209302 0.09512200493305123 0.05 0.05
0 0.2827579941860465 0.09723616983791387 0.05 0.05
0 0.295442983615222 0.09723616983791387 0.05 0.05
0 0.33825482293868925 0.09089367512332605 0.05 0.05
0 0.344597317653277 0.07820868569415064 0.05 0.05
0 0.32398420983086684 0.14163363284002795 0.05 0.05
0 0.3493541886892178 0.12683447850599 0.05 0.05
0 0.36045355443974636 0.1226061486962647 0.05 0.05
0 0.37789541490486267 0.11203532417195182 0.05 0.05
0 0.4444916094080339 0.20928690979563053 0.05 0.05
0 0.36045355443974636 0.1902594256518673 0.05 0.05
0 0.33349795190274845 0.16911777660324154 0.05 0.05
0 0.45876222251585624 0.1923735905567298 0.05 0.05
0 0.35569668340380556 0.26636936222692026 0.05 0.05
0 0.2986142309725158 0.26214103241719494 0.05 0.05
0 0.3874091569767442 0.4925850070472162 0.05 0.05
0 0.39375165169133197 0.5158408210007046 0.05 0.05
0 0.45717659883720935 0.5412107998590555 0.05 0.05
0 0.5253584170190275 0.5475532945736432 0.05 0.05
0 0.5507283958773785 0.4629866983791401 0.05 0.05
0 0.5935402352008458 0.0824370155038757 0.05 0.05
0 0.6664789244186047 0.18814526074700477 0.05 0.05
0 0.7045338927061311 0.45453003875968984 0.05 0.05
0 0.7838150766384778 0.49469917195207874 0.05 0.05
0 0.9122505946088797 0.5116124911909794 0.05 0.05
0 0.9217643366807613 0.5306399753347427 0.05 0.05
0 0.8932231104651164 0.287511011275546 0.05 0.05
0 0.07028442124735727 0.48835667723749104 0.05 0.05
0 0.07821253964059194 0.5116124911909794 0.05 0.05
0 0.1622505946088795 0.7272573114869625 0.05 0.05
0 0.2082336812896406 0.7251431465821 0.05 0.05
