0 0.08542898922187174 0.6601724062390468 0.05 0.05
0 0.05178019847528921 0.640543944970207 0.05 0.05
0 0.07386221740273398 0.62512158254469 0.05 0.05
0 0.054934772607781325 0.5227731773571681 0.05 0.05
0 0.030749704258675126 0.5255772432527166 0.05 0.05
0 0.23053939931650888 0.40780647563967776 0.05 0.05
0 0.3914226800736066 0.5087528478794253 0.05 0.05
0 0.41035012486855926 0.5367935068349109 0.05 0.05
0 0.5102449723974762 0.5297833420960394 0.05 0.05
0 0.5533574855415351 0.5101548808271996 0.05 0.05
0 0.5544090102523658 0.48491828776726276 0.05 0.05
0 0.5470483372765508 0.4596816947073259 0.05 0.05
0 0.7258075381177705 0.5381955397826851 0.05 0.05
0 0.8025688420084119 0.5886687259025589 0.05 0.05
0 0.85935117639327 0.5858646600070103 0.05 0.05
0 0.8467328798633016 0.892909875569576 0.05 0.05
0 0.5691303562039957 0.8634671836663163 0.05 0.05
0 0.41981384726603566 0.7723350420609887 0.05 0.05
0 0.34410406808622496 0.8172000963897653 0.05 0.05
0 0.3178159503154573 0.7625208114265687 0.05 0.05
0 0.45766873685594095 0.2045116982124083 0.05 0.05
0 0.5575635843848579 0.19189340168243993 0.05 0.05
0 0.32097052444794943 0.08533889765159515 0.05 0.05
0 0.2862702089905362 0.07412263406940103 0.05 0.05
0 0.27785801130389054 0.0909470294426922 0.05 0.05
0 0.28837325841219763 0.08674093059936941 0.05 0.05
0 0.2263333004731861 0.05028807395723831 0.05 0.05
0 0.19373603443743423 0.04748400806168978 0.05 0.05
0 0.3136098514721345 0.11758565545040346 0.05 0.05
0 0.34620711750788635 0.04327790921836699 0.05 0.05
