0 0.3083209325396825 0.09760251322751318 0.05 0.05
0 0.20713045634920624 0.16638558201058196 0.05 0.05
0 0.18530505952380946 0.23516865079365074 0.05 0.05
0 0.24482886904761897 0.23781415343915338 0.05 0.05
0 0.2984002976190475 0.2457506613756614 0.05 0.05
0 0.365860615079365 0.2695601851851851 0.05 0.05
0 0.4035590277777777 0.14522156084656074 0.05 0.05
0 0.44720982142857135 0.2192956349206348 0.05 0.05
0 0.28847966269841263 0.39654431216931213 0.05 0.05
0 0.2527653769841269 0.40448082010582004 0.05 0.05
0 0.4095114087301586 0.4600363756613755 0.05 0.05
0 0.3936383928571428 0.5076554232804232 0.05 0.05
0 0.4095114087301586 0.539401455026455 0.05 0.05
0 0.3103050595238095 0.7986607142857143 0.05 0.05
0 0.3261780753968253 0.7695601851851851 0.05 0.05
0 0.34998759920634914 0.8118882275132274 0.05 0.05
0 0.3737971230158729 0.777496693121693 0.05 0.05
0 0.3936383928571428 0.7536871693121692 0.05 0.05
0 0.4353050595238094 0.7483961640211639 0.05 0.05
0 0.5642733134920633 0.5182374338624337 0.05 0.05
0 0.5841145833333332 0.48913690476190474 0.05 0.05
0 0.5583209325396824 0.4600363756613755 0.05 0.05
0 0.5543526785714284 0.20871362433862425 0.05 0.05
0 0.6059399801587301 0.14257605820105812 0.05 0.05
0 0.6218129960317459 0.13728505291005283 0.05 0.05
0 0.6892733134920633 0.12405753968253966 0.05 0.05
0 0.7349082341269839 0.1558035714285714 0.05 0.05
0 0.7646701388888887 0.1637400793650793 0.05 0.05
0 0.6734002976190475 0.21665013227513227 0.05 0.05
0 0.6357018849206348 0.2060681216931216 0.05 0.05
0 0.8003844246031744 0.41241732804232806 0.05 0.05
0 0.8499875992063488 0.41241732804232806 0.05 0.05
0 0.8718129960317457 0.6822585978835978 0.05 0.05
0 0.7626860119047618 0.6743220899470899 0.05 0.05
