0 0.2267889275431862 0.4389815259117083 0.05 0.05
0 0.1960787547984645 0.39547544785668587 0.05 0.05
0 0.16057011756238007 0.3711632277671145 0.05 0.05
0 0.43792136516314784 0.8433321337172105 0.05 0.05
0 0.45615553023032634 0.7230506238003839 0.05 0.05
0 0.5031804822456815 0.8753218969929624 0.05 0.05
0 0.5885931501919386 0.853568857965451 0.05 0.05
0 0.7066353766794626 0.9674524152271273 0.05 0.05
0 0.5060595609404991 0.5362304062699936 0.05 0.05
0 0.5444472768714013 0.5272732725527831 0.05 0.05
0 0.5607620561420347 0.49912228087012156 0.05 0.05
0 0.5406085052783111 0.46841210812539985 0.05 0.05
0 0.403372420825336 0.5336712252079335 0.05 0.05
0 0.3918561060460653 0.505520233525272 0.05 0.05
0 0.4100902711132438 0.4927243282149712 0.05 0.05
0 0.7335067778310942 0.4863263755598208 0.05 0.05
0 0.8870576415547026 0.44282029750479845 0.05 0.05
0 0.8534683901151631 0.29054902431222007 0.05 0.05
0 0.8227582173704414 0.308463291746641 0.05 0.05
0 0.7642169505758158 0.1945797344849647 0.05 0.05
0 0.7757332653550864 0.1536328374920025 0.05 0.05
0 0.6788042826295586 0.1382777511196417 0.05 0.05
0 0.6365777951055663 0.13443897952655146 0.05 0.05
0 0.3313954534548945 0.25472048944337805 0.05 0.05
0 0.2469424784069098 0.2419245841330774 0.05 0.05
0 0.24406339971209218 0.18562260076775428 0.05 0.05
0 0.4455989083493283 0.21633277351247598 0.05 0.05
0 0.18456244001919392 0.09221249200255907 0.05 0.05
0 0.21911138435700578 0.0806961772232885 0.05 0.05
0 0.21911138435700578 0.044867642354446485 0.05 0.05
0 0.24790217130518238 0.04870641394753671 0.05 0.05
0 0.2699751079654511 0.09989003518873953 0.05 0.05
0 0.29492712332053744 0.10244921625079968 0.05 0.05
0 0.30548374520153554 0.07813699616122835 0.05 0.05
0 0.32947606765834936 0.07301863403710804 0.05 0.05
0 0.33907299664107493 0.08325535828534865 0.05 0.05
0 0.36402501199616133 0.08325535828534865 0.05 0.05
0 0.37458163387715937 0.0755778150991682 0.05 0.05
0 0.3678637835892514 0.09605126359564929 0.05 0.05
0 0.5521248200575817 0.1433961132437619 0.05 0.05
