0 0.45872026156677165 0.7316760865755347 0.05 0.05
0 0.45977178627760235 0.6980272958289522 0.05 0.05
0 0.40929860015772856 0.5325874079915881 0.05 0.05
0 0.3987833530494215 0.5059487819838768 0.05 0.05
0 0.41771079784437426 0.4751040571328429 0.05 0.05
0 0.5081419229758148 0.5367935068349109 0.05 0.05
0 0.5491513866982122 0.5269792762004909 0.05 0.05
0 0.5649242573606728 0.5031447160883283 0.05 0.05
0 0.5459968125657201 0.4793101559761657 0.05 0.05
0 0.617500492902208 0.2970458727655102 0.05 0.05
0 0.6522008083596212 0.2732113126533477 0.05 0.05
0 0.7068800933228179 0.26760318086225054 0.05 0.05
0 0.7216014392744476 0.28723164213109037 0.05 0.05
0 0.7657654771293372 0.29844790571328456 0.05 0.05
0 0.7878474960567821 0.2886336750788646 0.05 0.05
0 0.7447349829127232 0.20170763231685976 0.05 0.05
0 0.7668170018401679 0.19469746757798845 0.05 0.05
0 0.848835929284963 0.29844790571328456 0.05 0.05
0 0.8740725223448997 0.29003570802663886 0.05 0.05
0 0.19794213328075708 0.1680588415702772 0.05 0.05
0 0.23684854758149312 0.12459582018927477 0.05 0.05
0 0.251569893533123 0.12459582018927477 0.05 0.05
0 0.26734276419558356 0.09935922712933791 0.05 0.05
0 0.2810125854363827 0.09515312828601499 0.05 0.05
0 0.3030946043638275 0.09234906239046646 0.05 0.05
0 0.32307357386961083 0.09515312828601499 0.05 0.05
0 0.3293827221345951 0.09935922712933791 0.05 0.05
0 0.3640830375920083 0.08814296354714367 0.05 0.05
0 0.38301048238696095 0.08113279880827236 0.05 0.05
0 0.45661721214511025 0.21152186295127962 0.05 0.05
0 0.18532383675078862 0.04047384332281846 0.05 0.05
