0 0.43424315935390545 0.20274529893924792 0.05 0.05
0 0.4506366019768563 0.20145953873352623 0.05 0.05
0 0.3908487524108003 0.15645793153326912 0.05 0.05
0 0.2953810571359692 0.17574433461909358 0.05 0.05
0 0.2500580098842816 0.1628867325618773 0.05 0.05
0 0.2114852037126326 0.17703009482481516 0.05 0.05
0 0.28670217574734813 0.09216992124718738 0.05 0.05
0 0.3108101796046287 0.09216992124718738 0.05 0.05
0 0.34166842454194796 0.09474144165863076 0.05 0.05
0 0.1999133618611379 0.04716831404693025 0.05 0.05
0 0.18255559908389588 0.058740155898424955 0.05 0.05
0 0.196056081243973 0.4817552635808422 0.05 0.05
0 0.204734962632594 0.517756549341048 0.05 0.05
0 0.39181307256509157 0.5074704676952748 0.05 0.05
0 0.4033849144165863 0.5267568707810993 0.05 0.05
0 0.4429220407425265 0.6411895290903247 0.05 0.05
0 0.36770506870781094 0.804481075216972 0.05 0.05
0 0.3146674602217936 0.7967665139826423 0.05 0.05
0 0.26355849204435866 0.7787658711025395 0.05 0.05
0 0.50078125 0.542185993249759 0.05 0.05
0 0.5432113367888138 0.46761190131790425 0.05 0.05
0 0.5972132654291225 0.5203280697524912 0.05 0.05
0 0.6280715103664416 0.2323177836708454 0.05 0.05
0 0.6483222336065573 0.17831585503053685 0.05 0.05
0 0.681109118852459 0.22331746223079396 0.05 0.05
0 0.6965382413211186 0.1577436917389908 0.05 0.05
0 0.7341467273384763 0.17703009482481516 0.05 0.05
