0 0.177844589731286 0.2969469769673703 0.05 0.05
0 0.18936090451055665 0.398034628918746 0.05 0.05
0 0.2776526511516315 0.29822656749840043 0.05 0.05
0 0.2699751079654511 0.46841210812539985 0.05 0.05
0 0.4887850887715931 0.6910608605246321 0.05 0.05
0 0.2699751079654511 0.7831913787587972 0.05 0.05
0 0.4072111924184261 0.524714091490723 0.05 0.05
0 0.3956948776391555 0.4965630998080614 0.05 0.05
0 0.4158484285028791 0.48376719449776073 0.05 0.05
0 0.5070192538387717 0.5439079494561739 0.05 0.05
0 0.5521248200575817 0.525993682021753 0.05 0.05
0 0.5607620561420347 0.49400391874600125 0.05 0.05
0 0.5463666626679463 0.46713251759436974 0.05 0.05
0 0.6154645513435701 0.6897812699936021 0.05 0.05
0 0.7670960292706336 0.7396853007037748 0.05 0.05
0 0.8419520753358926 0.7409648912348049 0.05 0.05
0 0.7901286588291747 0.4799284229046705 0.05 0.05
0 0.7354261636276392 0.46841210812539985 0.05 0.05
0 0.42448566458733217 0.2278490882917467 0.05 0.05
0 0.4484779870441459 0.21249400191938578 0.05 0.05
0 0.6173839371401153 0.09605126359564929 0.05 0.05
0 0.34291176823416514 0.07813699616122835 0.05 0.05
0 0.5502054342610365 0.09349208253358915 0.05 0.05
0 0.27477357245681383 0.09861044465770945 0.05 0.05
0 0.25270063579654517 0.09861044465770945 0.05 0.05
0 0.2335067778310941 0.08965331094049904 0.05 0.05
0 0.20567568378119003 0.12164307421625083 0.05 0.05
0 0.19895783349328217 0.058943138195777324 0.05 0.05
0 0.2862898872360845 0.09349208253358915 0.05 0.05
0 0.30164497360844533 0.09221249200255907 0.05 0.05
0 0.31508067418426106 0.0806961772232885 0.05 0.05
0 0.3678637835892514 0.0858145393474088 0.05 0.05
0 0.36306531909788875 0.05126559500959686 0.05 0.05
0 0.5617217490403072 0.17282669545745363 0.05 0.05
