0 0.27197880244755235 0.09457313519813522 0.05 0.05
0 0.2837795017482518 0.09981789044289044 0.05 0.05
0 0.3047585227272727 0.09981789044289044 0.05 0.05
0 0.3388494318181819 0.09282488344988345 0.05 0.05
0 0.3506501311188811 0.07534236596736589 0.05 0.05
0 0.35982845279720277 0.08932837995337989 0.05 0.05
0 0.3454053758741259 0.14876893939393934 0.05 0.05
0 0.3703179632867133 0.16799970862470867 0.05 0.05
0 0.2864018793706294 0.15576194638694632 0.05 0.05
0 0.19986341783216782 0.18198572261072254 0.05 0.05
0 0.23264313811188814 0.1714962121212121 0.05 0.05
0 0.4398109702797203 0.20121649184149176 0.05 0.05
0 0.45161166958041965 0.21170600233100234 0.05 0.05
0 0.29689138986013985 0.40576194638694646 0.05 0.05
0 0.10283544580419579 0.48093677156177156 0.05 0.05
0 0.22215362762237761 0.596321386946387 0.05 0.05
0 0.2746011800699301 0.7589087995337995 0.05 0.05
0 0.30344733391608397 0.7624053030303031 0.05 0.05
0 0.3532725087412588 0.8917759324009324 0.05 0.05
0 0.3847410402097902 0.7676500582750584 0.05 0.05
0 0.4607899912587413 0.5421255827505828 0.05 0.05
0 0.497503277972028 0.5998178904428905 0.05 0.05
0 0.5276606206293707 0.547370337995338 0.05 0.05
0 0.5512620192307693 0.47569201631701635 0.05 0.05
0 0.8843039772727274 0.35681089743589745 0.05 0.05
0 0.741384396853147 0.13303467365967367 0.05 0.05
0 0.5984648164335665 0.04562208624708622 0.05 0.05
0 0.6076431381118882 0.05261509324009322 0.05 0.05
