0 0.18532383675078862 0.48071218892393996 0.05 0.05
0 0.27575496188222914 0.48912438661058555 0.05 0.05
0 0.26944581361724496 0.35172515772870694 0.05 0.05
0 0.24631226997896943 0.264799114966702 0.05 0.05
0 0.23579702287066243 0.2451706536978622 0.05 0.05
0 0.24736379468980013 0.2129238958990539 0.05 0.05
0 0.2063543309674027 0.18488323694356848 0.05 0.05
0 0.3535677904837013 0.17927510515247141 0.05 0.05
0 0.26944581361724496 0.09515312828601499 0.05 0.05
0 0.279961060725552 0.08814296354714367 0.05 0.05
0 0.3115068020504731 0.09655516123378938 0.05 0.05
0 0.33043424684542577 0.09795719418156364 0.05 0.05
0 0.24736379468980013 0.12880191903259758 0.05 0.05
0 0.21581805336487903 0.08814296354714367 0.05 0.05
0 0.6238096411671922 0.14422428145811458 0.05 0.05
0 0.692158747371188 0.3979922450052579 0.05 0.05
0 0.5375846148790745 0.4722999912372944 0.05 0.05
0 0.5691303562039957 0.4989386172450055 0.05 0.05
0 0.5470483372765508 0.5199691114616196 0.05 0.05
0 0.5039358241324919 0.5494118033648793 0.05 0.05
0 0.45556568743427955 0.6994293287767265 0.05 0.05
0 0.40929860015772856 0.7877574044865056 0.05 0.05
0 0.3577738893270241 0.8186021293375396 0.05 0.05
0 0.29888850552050467 0.790561470382054 0.05 0.05
0 0.3945772542060987 0.5297833420960394 0.05 0.05
0 0.3945772542060987 0.5003406501927797 0.05 0.05
0 0.41876232255520496 0.4821142218717142 0.05 0.05
0 0.7279105875394319 0.35593125657202973 0.05 0.05
0 0.5554605349631965 0.20310966526463403 0.05 0.05
