0 0.18762057346723043 0.6363482205778717 0.05 0.05
0 0.21774742336152214 0.6701748590556729 0.05 0.05
0 0.2447030258985201 0.7462847956307257 0.05 0.05
0 0.6680645480972517 0.6109782417195206 0.05 0.05
0 0.7869863239957718 0.6215490662438335 0.05 0.05
0 0.5412146538054969 0.46932919309372784 0.05 0.05
0 0.6553795586680762 0.3615067829457362 0.05 0.05
0 0.709290763742072 0.3657351127554615 0.05 0.05
0 0.4318066199788584 0.207172744890768 0.05 0.05
0 0.46034784619450325 0.1902594256518673 0.05 0.05
0 0.2510455206131078 0.16488944679351636 0.05 0.05
0 0.2684873810782241 0.15431862226920348 0.05 0.05
0 0.2843436178646934 0.1860310958421421 0.05 0.05
0 0.2843436178646934 0.09300784002818858 0.05 0.05
0 0.29227173625792807 0.09089367512332605 0.05 0.05
0 0.33984044661733626 0.09300784002818858 0.05 0.05
0 0.35569668340380556 0.08877951021846352 0.05 0.05
