0 0.20347681025369976 0.10569282945736423 0.05 0.05
0 0.24153177854122623 0.10569282945736411 0.05 0.05
0 0.27007300475687107 0.10146449964763894 0.05 0.05
0 0.2795867468287526 0.10146449964763894 0.05 0.05
0 0.28592924154334043 0.09723616983791387 0.05 0.05
0 0.33349795190274845 0.09089367512332605 0.05 0.05
0 0.34271811006825936 0.080393202502844 0.05 0.05
0 0.35252543604651165 0.15431862226920348 0.05 0.05
0 0.3636248017970402 0.19871608527131765 0.05 0.05
0 0.32398420983086684 0.2135152396053557 0.05 0.05
0 0.21774742336152214 0.18814526074700477 0.05 0.05
0 0.23994615486257925 0.22197189922480595 0.05 0.05
0 0.44290598572938694 0.2135152396053557 0.05 0.05
0 0.45717659883720935 0.19448775546159247 0.05 0.05
0 0.1717643366807611 0.3297943093727975 0.05 0.05
0 0.09248315274841434 0.42704589499647627 0.05 0.05
0 0.09882564746300208 0.5179549859055671 0.05 0.05
0 0.1638362182875264 0.7293714763918252 0.05 0.05
0 0.2066480576109936 0.7230289816772373 0.05 0.05
0 0.37472416754756877 0.8160522374911908 0.05 0.05
0 0.3921660280126851 0.4820141825229033 0.05 0.05
0 0.3921660280126851 0.5052699964763917 0.05 0.05
0 0.4635190935517971 0.5327541402396052 0.05 0.05
0 0.514259051268499 0.5390966349541929 0.05 0.05
0 0.49523156712473576 0.6892023431994362 0.05 0.05
0 0.5443859011627907 0.46721502818886523 0.05 0.05
0 0.7394176136363637 0.4016759161381253 0.05 0.05
0 0.8345550343551797 0.43973088442565167 0.05 0.05
0 0.8884662394291756 0.43973088442565167 0.05 0.05
0 0.8948087341437633 0.27271185694150796 0.05 0.05
0 0.7457601083509514 0.1775744362226919 0.05 0.05
0 0.7473457320295983 0.14374779774489058 0.05 0.05
0 0.6490370639534885 0.1775744362226919 0.05 0.05
0 0.6220814614164906 0.17546027131782924 0.05 0.05
