0 0.19592985139860136 0.06310460372960378 0.05 0.05
0 0.18937390734265733 0.1295381701631701 0.05 0.05
0 0.21953125 0.10156614219114223 0.05 0.05
0 0.2667340472027972 0.09632138694638688 0.05 0.05
0 0.28509069055944053 0.09806963869463867 0.05 0.05
0 0.3021361451048951 0.09806963869463867 0.05 0.05
0 0.3454053758741259 0.08233537296037288 0.05 0.05
0 0.35196131993006996 0.08058712121212111 0.05 0.05
0 0.2444438374125874 0.213454254079254 0.05 0.05
0 0.282468312937063 0.2291885198135198 0.05 0.05
0 0.3231151660839161 0.1942234848484849 0.05 0.05
0 0.4083424388111888 0.22394376456876455 0.05 0.05
0 0.4450557255244755 0.20296474358974356 0.05 0.05
0 0.4594788024475525 0.20471299533799533 0.05 0.05
0 0.4686571241258742 0.5281395687645688 0.05 0.05
0 0.5211046765734266 0.5386290792540792 0.05 0.05
0 0.566996284965035 0.526391317016317 0.05 0.05
0 0.59453125 0.4896780303030303 0.05 0.05
0 0.5525732080419582 0.4652025058275058 0.05 0.05
0 0.7282725087412588 0.29212558275058265 0.05 0.05
0 0.7361396416083916 0.7466710372960373 0.05 0.05
0 0.6128878933566435 0.7519157925407925 0.05 0.05
0 0.45423404720279714 0.7256920163170163 0.05 0.05
0 0.434566215034965 0.7414262820512821 0.05 0.05
0 0.34147180944055944 0.7728948135198136 0.05 0.05
0 0.40583589480874327 0.2970343806921676 0.05 0.05
