0 0.27641549947145877 0.0930078400281887 0.05 0.05
0 0.2843436178646934 0.09512200493305123 0.05 0.05
0 0.2938573599365751 0.08666534531360087 0.05 0.05
0 0.33508357558139534 0.09089367512332605 0.05 0.05
0 0.3414382465870306 0.08209968714448218 0.05 0.05
0 0.33984044661733626 0.15431862226920348 0.05 0.05
0 0.32081296247357294 0.15854695207892863 0.05 0.05
0 0.2827579941860465 0.1839169309372796 0.05 0.05
0 0.25580239164904867 0.17546027131782924 0.05 0.05
0 0.2684873810782241 0.22831439393939376 0.05 0.05
0 0.45717659883720935 0.19448775546159247 0.05 0.05
0 0.04332881871035939 0.5158408210007046 0.05 0.05
0 0.08931190539112048 0.5073841613812543 0.05 0.05
0 0.17810683139534883 0.6892023431994362 0.05 0.05
0 0.707705140063425 0.46932919309372784 0.05 0.05
0 0.5475571485200846 0.46932919309372784 0.05 0.05
0 0.75685947410148 0.49681333685694135 0.05 0.05
0 0.6490370639534885 0.1226061486962647 0.05 0.05
0 0.5951258588794927 0.1395194679351654 0.05 0.05
0 0.7378319899577168 0.1627752818886538 0.05 0.05
