0 0.18019558566433563 0.07009761072261078 0.05 0.05
0 0.21690887237762238 0.08058712121212111 0.05 0.05
0 0.23657670454545454 0.07009761072261066 0.05 0.05
0 0.2509997814685315 0.07009761072261066 0.05 0.05
0 0.27591236888111886 0.09282488344988345 0.05 0.05
0 0.2864018793706294 0.10156614219114223 0.05 0.05
0 0.31393684440559444 0.09632138694638688 0.05 0.05
0 0.33622705419580423 0.09282488344988345 0.05 0.05
0 0.34802775349650356 0.08408362470862467 0.05 0.05
0 0.3703179632867133 0.07883886946386945 0.05 0.05
0 0.43718859265734267 0.2064612470862471 0.05 0.05
0 0.4450557255244755 0.20820949883449877 0.05 0.05
0 0.3008249562937063 0.290377331002331 0.05 0.05
0 0.2444438374125874 0.28163607226107223 0.05 0.05
0 0.1933074737762238 0.2938738344988344 0.05 0.05
0 0.4594788024475525 0.5316360722610723 0.05 0.05
0 0.5237270541958041 0.5438738344988345 0.05 0.05
0 0.5473284527972029 0.4739437645687646 0.05 0.05
0 0.26411166958041965 0.7554122960372961 0.05 0.05
0 0.3021361451048951 0.7641535547785547 0.05 0.05
0 0.35196131993006996 0.83932837995338 0.05 0.05
0 0.7099158653846155 0.7519157925407925 0.05 0.05
0 0.8187445367132868 0.5928248834498835 0.05 0.05
0 0.8751256555944057 0.5875801282051282 0.05 0.05
0 0.8121885926573429 0.8795381701631703 0.05 0.05
0 0.8908599213286715 0.853314393939394 0.05 0.05
0 0.7846536276223777 0.23967803030303023 0.05 0.05
0 0.8226781031468533 0.2291885198135198 0.05 0.05
0 0.6771361451048952 0.18198572261072254 0.05 0.05
0 0.7322060751748254 0.11904865967365967 0.05 0.05
0 0.7492515297202799 0.10681089743589732 0.05 0.05
