0 0.1840416438730853 0.12248586797957692 0.05 0.05
0 0.19717074671772425 0.16843772793581308 0.05 0.05
0 0.2431226066739606 0.12029768417213696 0.05 0.05
0 0.2644573987964989 0.12029768417213696 0.05 0.05
0 0.22671122811816197 0.21876595550692918 0.05 0.05
0 0.4466237007658644 0.19907230123997063 0.05 0.05
0 0.6337134163019694 0.17500227935813265 0.05 0.05
0 0.6665361734135669 0.16187317651349364 0.05 0.05
0 0.6369956920131292 0.2472123450036469 0.05 0.05
0 0.6632538977024071 0.2384596097738875 0.05 0.05
0 0.7305405497811818 0.18375501458789192 0.05 0.05
0 0.7567987554704596 0.18156683078045208 0.05 0.05
0 0.8076740289934357 0.2472123450036469 0.05 0.05
0 0.7387462390590811 0.24940052881108662 0.05 0.05
0 0.6960766548140045 0.5644989970824216 0.05 0.05
0 0.7124880333698032 0.6170154084609772 0.05 0.05
0 0.6731007248358863 0.6870372902990518 0.05 0.05
0 0.6074552106126916 0.6520263493800146 0.05 0.05
0 0.5467331099562365 0.6060744894237783 0.05 0.05
0 0.5532976613785558 0.4747834609773887 0.05 0.05
0 0.6320722784463896 0.49228893143690733 0.05 0.05
0 0.8651138539387311 0.8533392596644785 0.05 0.05
0 0.5122692149890591 0.5294880561633843 0.05 0.05
0 0.39410728938730855 0.5032298504741065 0.05 0.05
0 0.4072363922319475 0.5207353209336251 0.05 0.05
0 0.4417002871991248 0.5776280999270604 0.05 0.05
0 0.4449825629102845 0.634520878920496 0.05 0.05
0 0.32189722374179436 0.7811291940189643 0.05 0.05
0 0.2693808123632385 0.7504946207148068 0.05 0.05
0 0.2546105716630197 0.785505561633844 0.05 0.05
0 0.05110947757111593 0.634520878920496 0.05 0.05
0 0.12167840536105032 0.5995099380014587 0.05 0.05
0 0.100343613238512 0.5491817104303427 0.05 0.05
0 0.5467331099562365 0.21876595550692918 0.05 0.05
0 0.563144488512035 0.1596849927060538 0.05 0.05
