0 0.02429372600767755 0.47097128918746 0.05 0.05
0 0.12218240163147795 0.4786488323736405 0.05 0.05
0 0.2027966050863724 0.7575995681381957 0.05 0.05
0 0.28724958013435703 0.761438339731286 0.05 0.05
0 0.7527006357965452 0.8932361644273833 0.05 0.05
0 0.88609794865643 0.8497300863723609 0.05 0.05
0 0.5070192538387717 0.5285528630838132 0.05 0.05
0 0.5502054342610365 0.5119181861804223 0.05 0.05
0 0.5598023632437621 0.49400391874600125 0.05 0.05
0 0.4148887356046066 0.5195957293666027 0.05 0.05
0 0.3985739563339732 0.5016814619321817 0.05 0.05
0 0.4120096569097889 0.4748100607805502 0.05 0.05
0 0.23158739203454898 0.3506897792706333 0.05 0.05
0 0.7968465091170827 0.3660448656429942 0.05 0.05
0 0.815080674184261 0.16770833333333332 0.05 0.05
0 0.7670960292706336 0.10500839731285984 0.05 0.05
0 0.6653685820537428 0.1062879878438899 0.05 0.05
0 0.44751829414587335 0.2048164587332053 0.05 0.05
0 0.3102822096928983 0.12932061740243117 0.05 0.05
0 0.268055722168906 0.13955734165067177 0.05 0.05
0 0.3064434380998081 0.08709412987843888 0.05 0.05
0 0.34387146113243766 0.09989003518873953 0.05 0.05
0 0.35634746880998086 0.08965331094049904 0.05 0.05
0 0.2152726127639156 0.06406150031989763 0.05 0.05
0 0.23062769913627643 0.06278190978886755 0.05 0.05
