0 0.1285415023659306 0.6447500438135297 0.05 0.05
0 0.08963508806519456 0.5872666929547846 0.05 0.05
0 0.13590217534174553 0.5536179022082022 0.05 0.05
0 0.06334697029442696 0.5409996056782337 0.05 0.05
0 0.04126495136698216 0.4835162548194885 0.05 0.05
0 0.16639639195583594 0.4680938923939715 0.05 0.05
0 0.18847841088328074 0.5704422975814933 0.05 0.05
0 0.23579702287066243 0.5662361987381705 0.05 0.05
0 0.21686957807570972 0.5620300998948478 0.05 0.05
0 0.004461586487907521 0.6755947686645638 0.05 0.05
0 0.2862702089905362 0.8101899316508939 0.05 0.05
0 0.5049873488433226 0.5367935068349109 0.05 0.05
0 0.44294739090431107 0.5283813091482652 0.05 0.05
0 0.40719555073606717 0.5241752103049424 0.05 0.05
0 0.37459828470031536 0.5199691114616196 0.05 0.05
0 0.3903711553627759 0.501742683140554 0.05 0.05
0 0.5502029114090429 0.5185670785138453 0.05 0.05
0 0.5596666338065193 0.49333048545390845 0.05 0.05
0 0.5480998619873815 0.4779081230283914 0.05 0.05
0 0.7973112184542583 0.4414552663862603 0.05 0.05
0 0.6048821963722395 0.23816048895899086 0.05 0.05
0 0.5764910291798105 0.2241401594812481 0.05 0.05
0 0.5533574855415351 0.19049136873466566 0.05 0.05
0 0.45556568743427955 0.21152186295127962 0.05 0.05
0 0.251569893533123 0.1722649404136 0.05 0.05
0 0.20109670741324917 0.08113279880827236 0.05 0.05
0 0.27680648659305984 0.09935922712933791 0.05 0.05
0 0.28837325841219763 0.0909470294426922 0.05 0.05
0 0.3272796727129337 0.10496735892043496 0.05 0.05
0 0.3567223646161934 0.08113279880827236 0.05 0.05
