0 0.7059234819474836 0.2844114697301239 0.05 0.05
0 0.7288994119256018 0.2800351021152442 0.05 0.05
0 0.602531797045952 0.27347055069292475 0.05 0.05
0 0.6665361734135669 0.2756587345003646 0.05 0.05
0 0.5467331099562365 0.21657777169948922 0.05 0.05
0 0.5877615563457331 0.13561497082421578 0.05 0.05
0 0.6435602434354487 0.12905041940189624 0.05 0.05
0 0.7371051012035011 0.13342678701677593 0.05 0.05
0 0.7108468955142233 0.20344866885485036 0.05 0.05
0 0.7814158233041577 0.21657777169948922 0.05 0.05
0 0.8388556482494531 0.2953523887673229 0.05 0.05
0 0.7814158233041577 0.31066967541940177 0.05 0.05
0 0.6747418626914662 0.5535580780452224 0.05 0.05
0 0.5483742478118162 0.4660307257476294 0.05 0.05
0 0.5057046635667397 0.5251116885485048 0.05 0.05
0 0.39410728938730855 0.5054180342815463 0.05 0.05
0 0.40395411652078783 0.5207353209336251 0.05 0.05
0 0.4499059764770242 0.5885690189642595 0.05 0.05
0 0.4449825629102845 0.6367090627279358 0.05 0.05
0 0.3645668079868709 0.7920701130561635 0.05 0.05
0 0.2775865016411379 0.7942582968636033 0.05 0.05
0 0.19717074671772425 0.7526828045222466 0.05 0.05
0 0.060956304704595135 0.6367090627279358 0.05 0.05
0 0.11511385393873083 0.6038863056163384 0.05 0.05
0 0.10526702680525162 0.5535580780452224 0.05 0.05
0 0.45154711433260397 0.20782503646972994 0.05 0.05
0 0.3580022565645514 0.2603414478482858 0.05 0.05
0 0.32189722374179436 0.2472123450036469 0.05 0.05
0 0.2644573987964989 0.21876595550692918 0.05 0.05
0 0.20865871170678338 0.23189505835156807 0.05 0.05
0 0.21029984956236328 0.2909760211524433 0.05 0.05
0 0.2595339852297593 0.13342678701677593 0.05 0.05
0 0.2578928473741794 0.15749680889861406 0.05 0.05
0 0.2907156044857768 0.18375501458789192 0.05 0.05
0 0.31040925875273523 0.08309855944565996 0.05 0.05
0 0.3497965672866521 0.09185129467541925 0.05 0.05
0 0.4105186679431073 0.06559308898614138 0.05 0.05
0 0.5680679020787747 0.21438958789204948 0.05 0.05
