0 0.2765679632867133 0.075342365967366 0.05 0.05
0 0.31590362762237756 0.08758012820512823 0.05 0.05
0 0.271323208041958 0.1522654428904429 0.05 0.05
0 0.22149803321678324 0.15401369463869466 0.05 0.05
0 0.18871831293706293 0.24317453379953377 0.05 0.05
0 0.22543159965034967 0.22044726107226112 0.05 0.05
0 0.24509943181818183 0.227440268065268 0.05 0.05
0 0.2962357954545454 0.227440268065268 0.05 0.05
0 0.3237707604895105 0.2344332750582751 0.05 0.05
0 0.37097355769230766 0.21869900932400935 0.05 0.05
0 0.44702250874125876 0.20820949883449877 0.05 0.05
0 0.22543159965034967 0.2991185897435898 0.05 0.05
0 0.2791903409090909 0.3026150932400932 0.05 0.05
0 0.11529173951048952 0.4127549533799533 0.05 0.05
0 0.27263439685314683 0.4284892191142191 0.05 0.05
0 0.3893302010489511 0.4984192890442891 0.05 0.05
0 0.40768684440559444 0.5211465617715618 0.05 0.05
0 0.31328125 0.7711465617715618 0.05 0.05
0 0.36048404720279725 0.7816360722610723 0.05 0.05
0 0.3998197115384616 0.7798878205128206 0.05 0.05
0 0.4378441870629371 0.8078598484848486 0.05 0.05
0 0.5073371940559441 0.7326850233100234 0.05 0.05
0 0.5230714597902099 0.8218458624708626 0.05 0.05
0 0.5545399912587412 0.6487689393939394 0.05 0.05
0 0.5532288024475525 0.5316360722610723 0.05 0.05
0 0.5755190122377623 0.4984192890442891 0.05 0.05
0 0.5492952360139861 0.46695075757575755 0.05 0.05
0 0.7210609702797204 0.818349358974359 0.05 0.05
0 0.8298896416083916 0.6732444638694639 0.05 0.05
0 0.7905539772727274 0.290377331002331 0.05 0.05
0 0.8167777534965035 0.3235941142191142 0.05 0.05
0 0.8469350961538462 0.2851325757575758 0.05 0.05
0 0.6856588723776225 0.10681089743589732 0.05 0.05
