0 0.27609465405014466 0.7479076261652202 0.05 0.05
0 0.329132262536162 0.7671940292510447 0.05 0.05
0 0.37349098963355837 0.7581937078109934 0.05 0.05
0 0.4448506810511089 0.6489040903246545 0.05 0.05
0 0.40627787487945993 0.528042630986821 0.05 0.05
0 0.3947060330279653 0.5100419881067181 0.05 0.05
0 0.5084958112343297 0.5344714320154292 0.05 0.05
0 0.5962489452748312 0.5164707891353263 0.05 0.05
0 0.5499615778688525 0.4714691819350692 0.05 0.05
0 0.5933559848119575 0.7517649067823852 0.05 0.05
0 0.6589297553037607 0.7890519527483125 0.05 0.05
0 0.719681925024108 0.6437610495017679 0.05 0.05
0 0.8161139404532305 0.6836196158791386 0.05 0.05
0 0.8816877109450336 0.6874768964963035 0.05 0.05
0 0.7997204978302797 0.4997559064609451 0.05 0.05
0 0.8826520310993249 0.5164707891353263 0.05 0.05
0 0.8083993792189007 0.2400323449051752 0.05 0.05
0 0.7977918575216971 0.20660257955641276 0.05 0.05
0 0.7698265730472518 0.2040310591449695 0.05 0.05
0 0.32816794238187075 0.15517217132754743 0.05 0.05
0 0.28380921528447445 0.16031521215043393 0.05 0.05
0 0.24812936957569914 0.16417249276759888 0.05 0.05
0 0.2018420021697203 0.14874337029893922 0.05 0.05
0 0.28573785559305687 0.09859872227579558 0.05 0.05
0 0.3069528989874638 0.09602720186435233 0.05 0.05
0 0.33588250361620064 0.09988448248151727 0.05 0.05
0 0.4390647601253616 0.20274529893924792 0.05 0.05
0 0.5432113367888138 0.10117024268723883 0.05 0.05
