0 0.23994615486257928 0.12260614869626482 0.05 0.05
0 0.2811723705073996 0.09300784002818858 0.05 0.05
0 0.2891004889006343 0.08877951021846352 0.05 0.05
0 0.33508357558139534 0.09089367512332605 0.05 0.05
0 0.35886793076109946 0.09512200493305123 0.05 0.05
0 0.4302209963002115 0.20294441508104283 0.05 0.05
0 0.45559097515856245 0.19660192036645513 0.05 0.05
0 0.6347664508456661 0.167003611698379 0.05 0.05
0 0.6775782901691333 0.1500902924594783 0.05 0.05
0 0.5538996432346723 0.46510086328400274 0.05 0.05
0 0.1939630681818182 0.6194349013389711 0.05 0.05
0 0.21933304704016915 0.6511473749119097 0.05 0.05
0 0.30495672568710364 0.7441706307258632 0.05 0.05
0 0.5697558800211417 0.7547414552501761 0.05 0.05
0 0.6950201506342496 0.7674264446793515 0.05 0.05
