0 0.27260038774973705 0.8214061952330881 0.05 0.05
0 0.4608233109884331 0.6489561426568525 0.05 0.05
0 0.4040409766035751 0.5269792762004909 0.05 0.05
0 0.393525729495268 0.496134551349457 0.05 0.05
0 0.41560774842271286 0.47089795828951997 0.05 0.05
0 0.5091934476866455 0.5283813091482652 0.05 0.05
0 0.5470483372765508 0.5255772432527166 0.05 0.05
0 0.5596666338065193 0.49753658429723124 0.05 0.05
0 0.5459968125657201 0.4666918594461972 0.05 0.05
0 0.7342197358044161 0.3993942779530322 0.05 0.05
0 0.7731261501051521 0.4050024097441292 0.05 0.05
0 0.858299651682439 0.41621867332632334 0.05 0.05
0 0.877227096477392 0.38817801437083804 0.05 0.05
0 0.63537641298633 0.21853202769015106 0.05 0.05
0 0.663767580178759 0.20731576410795682 0.05 0.05
0 0.7173953404311249 0.20591373116018255 0.05 0.05
0 0.7499926064668767 0.22273812653347386 0.05 0.05
0 0.7268590628286012 0.17086290746582572 0.05 0.05
0 0.7499926064668767 0.15684257798808307 0.05 0.05
0 0.45135958859095676 0.22133609358569958 0.05 0.05
0 0.26944581361724496 0.2129238958990539 0.05 0.05
0 0.18952993559411144 0.09795719418156364 0.05 0.05
0 0.19163298501577283 0.07412263406940103 0.05 0.05
0 0.27680648659305984 0.09234906239046646 0.05 0.05
0 0.28732173370136693 0.08674093059936941 0.05 0.05
0 0.28837325841219763 0.04327790921836699 0.05 0.05
0 0.2505183688222923 0.10636939186820922 0.05 0.05
0 0.3178159503154573 0.09375109533824073 0.05 0.05
0 0.3283311974237644 0.09375109533824073 0.05 0.05
0 0.3693406611461619 0.08674093059936941 0.05 0.05
