0 0.25673363095238094 0.08702050264550264 0.05 0.05
0 0.29641617063492054 0.09760251322751318 0.05 0.05
0 0.31427331349206344 0.08966600529100527 0.05 0.05
0 0.367844742063492 0.08966600529100527 0.05 0.05
0 0.3360987103174602 0.1637400793650793 0.05 0.05
0 0.4432415674603174 0.20077711640211635 0.05 0.05
0 0.5484002976190474 0.203422619047619 0.05 0.05
0 0.6059399801587301 0.1901951058201058 0.05 0.05
0 0.6277653769841268 0.11347552910052912 0.05 0.05
0 0.6178447420634919 0.18225859788359788 0.05 0.05
0 0.22498759920634911 0.23781415343915338 0.05 0.05
0 0.21903521825396818 0.3013062169312169 0.05 0.05
0 0.38967013888888885 0.5050099206349206 0.05 0.05
0 0.4234002976190475 0.5420469576719575 0.05 0.05
0 0.5047495039682539 0.5314649470899471 0.05 0.05
0 0.5702256944444443 0.5235284391534392 0.05 0.05
0 0.601971726190476 0.5023644179894179 0.05 0.05
0 0.5464161706349204 0.47590939153439143 0.05 0.05
0 0.43927331349206333 0.7245866402116402 0.05 0.05
0 0.41943204365079356 0.740459656084656 0.05 0.05
0 0.3737971230158729 0.7960152116402116 0.05 0.05
0 0.34998759920634914 0.8065972222222222 0.05 0.05
0 0.33213045634920624 0.777496693121693 0.05 0.05
0 0.3003844246031745 0.7907242063492063 0.05 0.05
0 0.6277653769841268 0.9732638888888888 0.05 0.05
0 0.8241939484126981 0.6002480158730158 0.05 0.05
