0 0.1907918208245243 0.21140107470049319 0.05 0.05
0 0.17334996035940803 0.207172744890768 0.05 0.05
0 0.2653161337209302 0.1331769732205777 0.05 0.05
0 0.2780011231501057 0.156432787174066 0.05 0.05
0 0.3287410808668076 0.1226061486962647 0.05 0.05
0 0.33984044661733626 0.11837781888653964 0.05 0.05
0 0.33666919926004224 0.09723616983791387 0.05 0.05
0 0.344597317653277 0.0824370155038757 0.05 0.05
0 0.3652104254756871 0.08455118040873835 0.05 0.05
0 0.35886793076109946 0.09089367512332605 0.05 0.05
0 0.295442983615222 0.09300784002818858 0.05 0.05
0 0.2843436178646934 0.09300784002818858 0.05 0.05
0 0.27324425211416487 0.09512200493305123 0.05 0.05
0 0.42229287790697684 0.05706703664552475 0.05 0.05
0 0.43973473837209304 0.20505857998590535 0.05 0.05
0 0.45559097515856245 0.1902594256518673 0.05 0.05
0 0.4540053514799155 0.2135152396053557 0.05 0.05
0 0.636352074524313 0.167003611698379 0.05 0.05
0 0.5951258588794927 0.15431862226920348 0.05 0.05
0 0.5871977404862581 0.1331769732205777 0.05 0.05
0 0.5681702563424949 0.1331769732205777 0.05 0.05
0 0.733075118921776 0.2304285588442563 0.05 0.05
0 0.7632019688160678 0.23254272374911883 0.05 0.05
0 0.8773668736786471 0.2811685165609582 0.05 0.05
0 0.8393119053911207 0.9450162966878082 0.05 0.05
0 0.6759926664904864 0.9386738019732205 0.05 0.05
0 0.5507283958773785 0.7547414552501761 0.05 0.05
0 0.39375165169133197 0.4799000176180408 0.05 0.05
0 0.3921660280126851 0.5094983262861168 0.05 0.05
0 0.45559097515856245 0.5348683051444678 0.05 0.05
0 0.5206015459830867 0.5517816243833684 0.05 0.05
0 0.5523140195560254 0.46721502818886523 0.05 0.05
0 0.17652120771670188 0.7209148167723748 0.05 0.05
0 0.20189118657505284 0.7314856412966877 0.05 0.05
0 0.15749372357293867 0.4629866983791401 0.05 0.05
0 0.09565440010570822 0.47144335799859044 0.05 0.05
0 0.076626915961945 0.39321925651867495 0.05 0.05
0 0.11943875528541223 0.39321925651867495 0.05 0.05
0 0.15590809989429172 0.34670762861169824 0.05 0.05
0 0.19554869186046514 0.34670762861169824 0.05 0.05
0 0.2447030258985201 0.37630593727977435 0.05 0.05
0 0.2684873810782241 0.3847625968992247 0.05 0.05
