0 0.2856888475359344 0.7871470739219714 0.05 0.05
0 0.615257636036961 0.6256138774811774 0.05 0.05
0 0.6655656442505135 0.6105556981519508 0.05 0.05
0 0.6655656442505135 0.5831771902806298 0.05 0.05
0 0.573163180184805 0.5010416666666667 0.05 0.05
0 0.5546826873716634 0.4722942334017797 0.05 0.05
0 0.5536559933264888 0.5202066221765914 0.05 0.05
0 0.5074547612936346 0.5256823237508556 0.05 0.05
0 0.44277303644763866 0.5188376967830254 0.05 0.05
0 0.9273726257700206 0.7433414613278576 0.05 0.05
0 0.8051960343942506 0.2765379021218344 0.05 0.05
0 0.7682350487679672 0.15744139288158793 0.05 0.05
0 0.6286046586242301 0.06846124229979461 0.05 0.05
0 0.6090974717659139 0.06298554072553048 0.05 0.05
0 0.5546826873716634 0.19303345311430534 0.05 0.05
0 0.450986588809035 0.19987808008213553 0.05 0.05
0 0.43866626026694056 0.2149362594113621 0.05 0.05
0 0.34318371406570847 0.25600402121834354 0.05 0.05
0 0.3000625641683779 0.3326638432580424 0.05 0.05
0 0.2826087654004107 0.26284864818617387 0.05 0.05
0 0.27336851899383985 0.23820799110198496 0.05 0.05
0 0.248727861909651 0.36004235112936345 0.05 0.05
0 0.2004732417864477 0.3573045003422313 0.05 0.05
0 0.10191061344969202 0.39152763518138267 0.05 0.05
0 0.3277833033880904 0.132800735797399 0.05 0.05
0 0.30416934034907606 0.14101428815879538 0.05 0.05
0 0.29184901180698153 0.09310189938398353 0.05 0.05
0 0.28363545944558527 0.09720867556468171 0.05 0.05
