0 0.2785019892197126 0.44765357631759056 0.05 0.05
0 0.3247032212525668 0.42848862080766603 0.05 0.05
0 0.36679767710472283 0.8090498802190281 0.05 0.05
0 0.4694670816221767 0.6256138774811774 0.05 0.05
0 0.493081044661191 0.5818082648870637 0.05 0.05
0 0.44995989476386045 0.5270512491444216 0.05 0.05
0 0.5095081493839836 0.5462162046543464 0.05 0.05
0 0.5464691350102671 0.4613428302532512 0.05 0.05
0 0.9078654389117045 0.5982353696098563 0.05 0.05
0 0.7405143095482547 0.2792757529089665 0.05 0.05
0 0.7210071226899385 0.36004235112936345 0.05 0.05
0 0.6973931596509242 0.2765379021218344 0.05 0.05
0 0.31546297484599595 0.25600402121834354 0.05 0.05
0 0.28055537731006164 0.26284864818617387 0.05 0.05
0 0.22922067505133475 0.25874187200547566 0.05 0.05
0 0.2117668762833676 0.1369075119780972 0.05 0.05
0 0.18917960728952776 0.13416966119096507 0.05 0.05
0 0.18917960728952776 0.10405330253251203 0.05 0.05
0 0.21998042864476391 0.06435446611909654 0.05 0.05
0 0.18609952515400416 0.039713809034907635 0.05 0.05
0 0.2785019892197126 0.1013154517453799 0.05 0.05
0 0.2949290939425052 0.09036404859685139 0.05 0.05
0 0.437639566221766 0.22041196098562638 0.05 0.05
0 0.4520132828542095 0.2039848562628336 0.05 0.05
0 0.7323007571868584 0.32718814168377824 0.05 0.05
0 0.5495492171457906 0.16702387063655025 0.05 0.05
