0 0.1850728311088296 0.7625064168377822 0.05 0.05
0 0.015668313655030807 0.750186088295688 0.05 0.05
0 0.47049377566735123 0.9733209274469542 0.05 0.05
0 0.5269619481519509 0.9322531656399727 0.05 0.05
0 0.504374679158111 0.6735262662559891 0.05 0.05
0 0.5238818660164272 0.6529923853524983 0.05 0.05
0 0.5269619481519509 0.6105556981519508 0.05 0.05
0 0.9263459317248461 0.7351279089664614 0.05 0.05
0 0.855504042607803 0.4654496064339494 0.05 0.05
0 0.7990358701232034 0.4668185318275154 0.05 0.05
0 0.6696724204312117 0.34498417180013685 0.05 0.05
0 0.63989829312115 0.34224632101300484 0.05 0.05
0 0.6860995251540042 0.3093921115674197 0.05 0.05
0 0.6481118454825463 0.2546350958247776 0.05 0.05
0 0.7097134881930186 0.24642154346338122 0.05 0.05
0 0.7548880261806982 0.23136336413415465 0.05 0.05
0 0.7507812500000002 0.21356733401779604 0.05 0.05
0 0.8247032212525669 0.2532661704312115 0.05 0.05
0 0.8596108187885012 0.2642175735797399 0.05 0.05
0 0.6173110241273101 0.132800735797399 0.05 0.05
0 0.5557093814168379 0.19303345311430534 0.05 0.05
0 0.5526292992813142 0.1259561088295688 0.05 0.05
0 0.3247032212525668 0.2902271560574949 0.05 0.05
0 0.24051430954825465 0.23820799110198496 0.05 0.05
0 0.17480589065708424 0.3970033367556468 0.05 0.05
0 0.10396400154004111 0.3901587097878166 0.05 0.05
0 0.4520132828542095 0.5297890999315538 0.05 0.05
0 0.504374679158111 0.5393715776865161 0.05 0.05
0 0.5433890528747434 0.4722942334017797 0.05 0.05
0 0.29082231776180706 0.15470354209445578 0.05 0.05
0 0.27336851899383985 0.14922784052019164 0.05 0.05
0 0.248727861909651 0.13143181040383295 0.05 0.05
0 0.21998042864476391 0.1369075119780972 0.05 0.05
0 0.18199274897330597 0.10816007871321011 0.05 0.05
0 0.2785019892197126 0.09720867556468171 0.05 0.05
0 0.29595578798767974 0.08899512320328545 0.05 0.05
0 0.4417463424024642 0.20946055783709785 0.05 0.05
0 0.45509336498973313 0.2039848562628336 0.05 0.05
0 0.7261405929158112 0.3080231861738535 0.05 0.05
