0 0.27324425211416487 0.09300784002818858 0.05 0.05
0 0.2827579941860465 0.08877951021846352 0.05 0.05
0 0.29702860729386893 0.08877951021846352 0.05 0.05
0 0.33508357558139534 0.09089367512332605 0.05 0.05
0 0.35569668340380556 0.08032285059901317 0.05 0.05
0 0.2272611654334038 0.23465688865398146 0.05 0.05
0 0.2906861125792812 0.23465688865398146 0.05 0.05
0 0.33508357558139534 0.27905435165609566 0.05 0.05
0 0.42387850158562373 0.19448775546159247 0.05 0.05
0 0.4333922436575054 0.21562940451021836 0.05 0.05
0 0.45717659883720935 0.19448775546159247 0.05 0.05
0 0.5871977404862581 0.11414948907681446 0.05 0.05
0 0.6093964719873151 0.15431862226920348 0.05 0.05
0 0.636352074524313 0.11837781888653964 0.05 0.05
0 0.9059080998942919 0.42704589499647627 0.05 0.05
0 0.5428002774841438 0.46721502818886523 0.05 0.05
0 0.18286370243128963 0.6215490662438335 0.05 0.05
0 0.21140492864693447 0.6617181994362226 0.05 0.05
0 0.19554869186046514 0.739942300916138 0.05 0.05
0 0.30178547832980973 0.7441706307258632 0.05 0.05
