0 0.4158484285028791 0.47736924184261037 0.05 0.05
0 0.3928157989443378 0.5004018714011517 0.05 0.05
0 0.40433211372360855 0.5170365483045425 0.05 0.05
0 0.5050998680422266 0.5336712252079335 0.05 0.05
0 0.5530845129558541 0.5298324536148432 0.05 0.05
0 0.5636411348368523 0.4927243282149712 0.05 0.05
0 0.5473263555662189 0.47736924184261037 0.05 0.05
0 0.7622975647792708 0.6117262476007678 0.05 0.05
0 0.877460712571977 0.48504678502879084 0.05 0.05
0 0.7287083133397314 0.2828714811260397 0.05 0.05
0 0.7114338411708254 0.2521613083813179 0.05 0.05
0 0.6423359524952017 0.24704294625719758 0.05 0.05
0 0.7287083133397314 0.10884716890595006 0.05 0.05
0 0.5722783709213053 0.11652471209213051 0.05 0.05
0 0.4417601367562381 0.2060960492642354 0.05 0.05
0 0.37938009836852216 0.19330014395393463 0.05 0.05
0 0.34387146113243766 0.14083693218170185 0.05 0.05
0 0.30740313099808064 0.10244921625079968 0.05 0.05
0 0.2795720369481766 0.10884716890595006 0.05 0.05
0 0.33907299664107493 0.09989003518873953 0.05 0.05
0 0.19223998320537433 0.16258997120921304 0.05 0.05
0 0.20567568378119003 0.046147232885476556 0.05 0.05
0 0.18648182581573897 0.05382477607165702 0.05 0.05
0 0.11450485844529754 0.42106725847728727 0.05 0.05
0 0.04540696976967372 0.45945497440818944 0.05 0.05
0 0.15481196017274476 0.5925323896353166 0.05 0.05
0 0.268055722168906 0.7806321976967371 0.05 0.05
