0 0.011817718330134364 0.6014895233525271 0.05 0.05
0 0.05500389875239925 0.5963711612284068 0.05 0.05
0 0.15001349568138198 0.5413487683941138 0.05 0.05
0 0.2517409428982726 0.5528650831733846 0.05 0.05
0 0.3189194457773513 0.8407729526551504 0.05 0.05
0 0.47247030950095975 0.6232425623800384 0.05 0.05
0 0.4206468929942419 0.545187539987204 0.05 0.05
0 0.4072111924184261 0.525993682021753 0.05 0.05
0 0.3937754918426104 0.5106385956493923 0.05 0.05
0 0.413929042706334 0.47736924184261037 0.05 0.05
0 0.5070192538387717 0.5349508157389635 0.05 0.05
0 0.5511651271593091 0.5195957293666027 0.05 0.05
0 0.5646008277351248 0.4914447376839411 0.05 0.05
0 0.5454069697696737 0.4696916986564299 0.05 0.05
0 0.6788042826295586 0.6424364203454895 0.05 0.05
0 0.8669040906909788 0.6219629718490083 0.05 0.05
0 0.9542361444337812 0.8471709053103008 0.05 0.05
0 0.8361939179462572 0.29822656749840043 0.05 0.05
0 0.8102822096928982 0.2995061580294305 0.05 0.05
0 0.6989578334932822 0.21377359245041586 0.05 0.05
0 0.6154645513435701 0.1536328374920025 0.05 0.05
0 0.4465586012476008 0.20353686820217523 0.05 0.05
0 0.43792136516314784 0.21761236404350606 0.05 0.05
0 0.32755668186180426 0.22528990722968653 0.05 0.05
0 0.2718944937619962 0.2432041746641075 0.05 0.05
0 0.22582923464491364 0.25344089891234794 0.05 0.05
0 0.2267889275431862 0.1369981605886116 0.05 0.05
0 0.21239353406909794 0.09477167306461923 0.05 0.05
0 0.22966800623800387 0.09605126359564929 0.05 0.05
0 0.2392649352207294 0.04102887076135626 0.05 0.05
0 0.2987658949136277 0.047426823416506635 0.05 0.05
0 0.2853301943378119 0.09989003518873953 0.05 0.05
0 0.268055722168906 0.09989003518873953 0.05 0.05
0 0.2699751079654511 0.1331593889955214 0.05 0.05
0 0.2920480446257198 0.16131038067818296 0.05 0.05
0 0.36594439779270643 0.15619201855406264 0.05 0.05
0 0.31987913867562384 0.0858145393474088 0.05 0.05
0 0.30548374520153554 0.0858145393474088 0.05 0.05
0 0.33811330374280235 0.07173904350607797 0.05 0.05
0 0.36594439779270643 0.08965331094049904 0.05 0.05
0 0.33811330374280235 0.03846968969929622 0.05 0.05
