0 0.2746011800699301 0.09107663170163166 0.05 0.05
0 0.2877130681818182 0.10331439393939389 0.05 0.05
0 0.3060697115384615 0.09282488344988345 0.05 0.05
0 0.34409418706293715 0.09282488344988345 0.05 0.05
0 0.3467165646853147 0.08408362470862467 0.05 0.05
0 0.3611396416083916 0.08408362470862467 0.05 0.05
0 0.19986341783216782 0.15401369463869466 0.05 0.05
0 0.23264313811188814 0.19771998834498833 0.05 0.05
0 0.2785347465034965 0.1662514568764569 0.05 0.05
0 0.1788843968531469 0.37079691142191146 0.05 0.05
0 0.21559768356643358 0.367300407925408 0.05 0.05
0 0.2811571241258741 0.30086684149184156 0.05 0.05
0 0.2811571241258741 0.34981789044289047 0.05 0.05
0 0.3506501311188811 0.26590180652680645 0.05 0.05
0 0.3781850961538462 0.29562208624708625 0.05 0.05
0 0.400475305944056 0.304363344988345 0.05 0.05
0 0.45161166958041965 0.27988782051282046 0.05 0.05
0 0.442433347902098 0.20471299533799533 0.05 0.05
0 0.448989291958042 0.20995775058275054 0.05 0.05
0 0.06481097027972024 0.42149621212121213 0.05 0.05
0 0.4594788024475525 0.5456220862470862 0.05 0.05
0 0.5263494318181818 0.5438738344988345 0.05 0.05
0 0.5473284527972029 0.4791885198135198 0.05 0.05
0 0.25755572552447553 0.7589087995337995 0.05 0.05
0 0.30869208916083923 0.7659018065268065 0.05 0.05
0 0.39391936188811194 0.7711465617715618 0.05 0.05
0 0.34933894230769236 0.9354822261072262 0.05 0.05
0 0.7676081730769232 0.16799970862470867 0.05 0.05
0 0.8266116695804197 0.1942234848484849 0.05 0.05
