0 0.20280632232401158 0.4148957328833173 0.05 0.05
0 0.22016408510125363 0.22846050305368049 0.05 0.05
0 0.3272036222275796 0.27217635004821605 0.05 0.05
0 0.36191914778206363 0.2606045081967213 0.05 0.05
0 0.34552570515911285 0.22974626325940217 0.05 0.05
0 0.3947060330279653 0.5036131870781101 0.05 0.05
0 0.4101351554966248 0.5370429524268725 0.05 0.05
0 0.4371361198167792 0.5884733606557379 0.05 0.05
0 0.4448506810511089 0.6476183301189329 0.05 0.05
0 0.36770506870781094 0.7916234731597558 0.05 0.05
0 0.30020265790742523 0.780051631308261 0.05 0.05
0 0.2982740175988428 0.7530506669881069 0.05 0.05
0 0.49885260969141754 0.5396144728383158 0.05 0.05
0 0.5470686174059788 0.4701834217293475 0.05 0.05
0 0.599141905737705 0.5228995901639345 0.05 0.05
0 0.719681925024108 0.5447575136612023 0.05 0.05
0 0.7100387234811957 0.4714691819350692 0.05 0.05
0 0.7756124939729989 0.489469824815172 0.05 0.05
0 0.7794697745901639 0.5486147942783671 0.05 0.05
0 0.7707908932015428 0.6463325699132112 0.05 0.05
0 0.7254678459498554 0.33646436033429766 0.05 0.05
0 0.6473579134522661 0.35575076342012224 0.05 0.05
0 0.7717552133558341 0.38532324815171975 0.05 0.05
0 0.7592190513500482 0.23617506428801036 0.05 0.05
0 0.8180425807618128 0.2104598601735777 0.05 0.05
0 0.8652942683220829 0.3673226052716169 0.05 0.05
0 0.9308680388138862 0.5306141513982643 0.05 0.05
0 0.204734962632594 0.1268854468016715 0.05 0.05
0 0.21341384402121505 0.16031521215043393 0.05 0.05
0 0.21919976494696236 0.10374176309868209 0.05 0.05
0 0.25198665019286404 0.09731296207007402 0.05 0.05
0 0.24812936957569914 0.11917088556734173 0.05 0.05
0 0.27127305327868856 0.121742405978785 0.05 0.05
0 0.2847735354387657 0.09988448248151727 0.05 0.05
0 0.30309561837029897 0.12559968659594994 0.05 0.05
0 0.31177449975891997 0.09859872227579558 0.05 0.05
0 0.3435970648505304 0.10502752330440378 0.05 0.05
0 0.34166842454194796 0.12817120700739318 0.05 0.05
0 0.4506366019768563 0.20917409996785613 0.05 0.05
0 0.5856414235776277 0.15260065091610417 0.05 0.05
