0 0.21140492864693447 0.11414948907681446 0.05 0.05
0 0.2684873810782241 0.09935033474277641 0.05 0.05
0 0.2827579941860465 0.09723616983791387 0.05 0.05
0 0.30019985465116283 0.09723616983791387 0.05 0.05
0 0.2875148652219873 0.11203532417195182 0.05 0.05
0 0.30337110200845663 0.12049198379140218 0.05 0.05
0 0.3271554571881607 0.1226061486962647 0.05 0.05
0 0.2795867468287526 0.1331769732205777 0.05 0.05
0 0.25421676797040166 0.1331769732205777 0.05 0.05
0 0.18920619714587736 0.156432787174066 0.05 0.05
0 0.18444932610993658 0.08877951021846352 0.05 0.05
0 0.33349795190274845 0.09089367512332605 0.05 0.05
0 0.34301169397463005 0.08455118040873835 0.05 0.05
0 0.35728230708245245 0.22620022903453124 0.05 0.05
0 0.4365634910147992 0.20083025017618017 0.05 0.05
0 0.45717659883720935 0.19660192036645513 0.05 0.05
0 0.30019985465116283 0.3615067829457362 0.05 0.05
0 0.2066480576109936 0.35939261804087363 0.05 0.05
0 0.15907934725158562 0.7145723220577871 0.05 0.05
0 0.20506243393234672 0.7166864869626496 0.05 0.05
0 0.3921660280126851 0.48835667723749104 0.05 0.05
0 0.3969228990486259 0.5052699964763917 0.05 0.05
0 0.4635190935517971 0.5454391296687807 0.05 0.05
0 0.5206015459830867 0.5475532945736432 0.05 0.05
0 0.5443859011627907 0.47778585271317814 0.05 0.05
0 0.6204958377378437 0.8245088971106412 0.05 0.05
0 0.7029482690274842 0.8118239076814657 0.05 0.05
0 0.8900518631078226 0.5665807787174065 0.05 0.05
0 0.8726100026427062 0.5327541402396052 0.05 0.05
0 0.6759926664904864 0.3171093199436221 0.05 0.05
0 0.7378319899577168 0.3424792988019731 0.05 0.05
0 0.8948087341437633 0.2769401867512331 0.05 0.05
0 0.6268383324524314 0.16488944679351636 0.05 0.05
