0 0.19554869186046508 0.10780699436222677 0.05 0.05
0 0.23043241279069768 0.11203532417195182 0.05 0.05
0 0.23836053118393236 0.15220445736434082 0.05 0.05
0 0.27007300475687107 0.08877951021846352 0.05 0.05
0 0.2843436178646934 0.08877951021846352 0.05 0.05
0 0.3097135967230444 0.10992115926708929 0.05 0.05
0 0.33825482293868925 0.08877951021846352 0.05 0.05
0 0.6696501717758986 0.33190847427766007 0.05 0.05
0 0.7156332584566597 0.3234518146582098 0.05 0.05
0 0.7521026030655392 0.7927964235377025 0.05 0.05
0 0.2795867468287526 0.739942300916138 0.05 0.05
0 0.2066480576109936 0.7378281360112754 0.05 0.05
0 0.4349778673361523 0.167003611698379 0.05 0.05
