0 0.08856359086242302 0.8227391341546887 0.05 0.05
0 0.195339771560575 0.7734578199863108 0.05 0.05
0 0.3318900795687886 0.8802340006844628 0.05 0.05
0 0.36371759496919925 0.9295153148528407 0.05 0.05
0 0.0936970610882957 0.5393715776865161 0.05 0.05
0 0.08548350872689939 0.4969348904859686 0.05 0.05
0 0.06597632186858318 0.4476535763175908 0.05 0.05
0 0.12963135266940454 0.44080894934976045 0.05 0.05
0 0.5074547612936346 0.6612059377138947 0.05 0.05
0 0.5300420302874744 0.6488856091718003 0.05 0.05
0 0.5567360754620124 0.6187692505133471 0.05 0.05
0 0.5084814553388092 0.5448472792607804 0.05 0.05
0 0.4520132828542095 0.5448472792607804 0.05 0.05
0 0.5495492171457906 0.48461456194387414 0.05 0.05
0 0.7774752951745381 0.5421094284736482 0.05 0.05
0 0.8359968557494868 0.535264801505818 0.05 0.05
0 0.8719311473305955 0.6584680869267625 0.05 0.05
0 0.6676190323408625 0.36004235112936345 0.05 0.05
0 0.6440050693018481 0.34635309719370305 0.05 0.05
0 0.7076601001026696 0.3080231861738535 0.05 0.05
0 0.6409249871663245 0.265586498973306 0.05 0.05
0 0.7004732417864477 0.26695542436687203 0.05 0.05
0 0.6768592787474333 0.14922784052019164 0.05 0.05
0 0.7764486011293636 0.23273228952772082 0.05 0.05
0 0.7939023998973307 0.24779046885694728 0.05 0.05
0 0.8195697510266943 0.24505261806981526 0.05 0.05
0 0.857557430698152 0.26969327515400415 0.05 0.05
0 0.23538083932238196 0.32718814168377824 0.05 0.05
0 0.18917960728952776 0.24642154346338122 0.05 0.05
0 0.3000625641683779 0.26695542436687203 0.05 0.05
0 0.3051960343942506 0.1793441991786447 0.05 0.05
0 0.29184901180698153 0.158810318275154 0.05 0.05
0 0.26310157854209454 0.1300628850102669 0.05 0.05
0 0.23435414527720747 0.13416966119096507 0.05 0.05
0 0.27542190708418895 0.09857760095824777 0.05 0.05
0 0.2928757058521561 0.09994652635181384 0.05 0.05
0 0.4448264245379877 0.22314981177275836 0.05 0.05
0 0.453039976899384 0.2039848562628336 0.05 0.05
0 0.6860995251540042 0.29844070841889114 0.05 0.05
0 0.6727525025667351 0.3258192162902122 0.05 0.05
0 0.5557093814168379 0.1902956023271732 0.05 0.05
0 0.5608428516427105 0.13143181040383295 0.05 0.05
