0 0.26823504876796717 0.09994652635181384 0.05 0.05
0 0.2928757058521561 0.09857760095824777 0.05 0.05
0 0.29595578798767974 0.0479273613963039 0.05 0.05
0 0.41094552104722804 0.05614091375770016 0.05 0.05
0 0.3770646175564682 0.04382058521560571 0.05 0.05
0 0.2980091760780288 0.24779046885694728 0.05 0.05
0 0.26926174281314175 0.19850915468856947 0.05 0.05
0 0.21074018223819305 0.14922784052019164 0.05 0.05
0 0.18712621919917866 0.15744139288158793 0.05 0.05
0 0.3257299152977413 0.186188826146475 0.05 0.05
0 0.33907693788501037 0.19166452772073914 0.05 0.05
0 0.44277303644763866 0.20672270704996573 0.05 0.05
0 0.2056067120123204 0.35593557494866535 0.05 0.05
0 0.141951681211499 0.37373160506502406 0.05 0.05
0 0.21587365246406573 0.26284864818617387 0.05 0.05
0 0.007454761293634505 0.6926912217659138 0.05 0.05
0 0.009508149383983578 0.8104188056125942 0.05 0.05
0 0.0824034265913758 0.7036426249144422 0.05 0.05
0 0.38835825205338814 0.8158945071868584 0.05 0.05
0 0.38938494609856267 0.5119930698151952 0.05 0.05
0 0.41094552104722804 0.5147309206023272 0.05 0.05
0 0.44277303644763866 0.5243133983572896 0.05 0.05
0 0.5084814553388092 0.533895876112252 0.05 0.05
0 0.48486749229979476 0.5243133983572896 0.05 0.05
0 0.5403089707392198 0.5243133983572896 0.05 0.05
0 0.5690564040041068 0.4969348904859686 0.05 0.05
0 0.5536559933264888 0.4764010095824778 0.05 0.05
0 0.6984198536960987 0.4106925906913074 0.05 0.05
0 0.764128272587269 0.4052168891170432 0.05 0.05
0 0.7548880261806982 0.1013154517453799 0.05 0.05
0 0.7446210857289529 0.10405330253251203 0.05 0.05
0 0.6532453157084189 0.076674794661191 0.05 0.05
0 0.5505759111909652 0.1875577515400411 0.05 0.05
0 0.38425147587269004 0.04655843600273783 0.05 0.05
