0 0.7107401822381931 0.09447082477754935 0.05 0.05
0 0.722033816735113 0.09857760095824777 0.05 0.05
0 0.38835825205338814 0.052034137577002086 0.05 0.05
0 0.41607899127310066 0.052034137577002086 0.05 0.05
0 0.34729049024640657 0.05887876454483229 0.05 0.05
0 0.36474428901437383 0.07256801848049281 0.05 0.05
0 0.2846621534907598 0.09720867556468171 0.05 0.05
0 0.2661816606776181 0.09994652635181384 0.05 0.05
0 0.1850728311088296 0.132800735797399 0.05 0.05
0 0.2856888475359344 0.24231476728268314 0.05 0.05
0 0.34729049024640657 0.23820799110198496 0.05 0.05
0 0.4407196483572896 0.21630518480492805 0.05 0.05
0 0.45509336498973313 0.20672270704996573 0.05 0.05
0 0.20252662987679676 0.40111011293634496 0.05 0.05
0 0.13681821098562633 0.3942654859685147 0.05 0.05
0 0.1850728311088296 0.5763325633127995 0.05 0.05
0 0.3811713937371664 0.48735241273100616 0.05 0.05
0 0.3873315580082136 0.5188376967830254 0.05 0.05
0 0.4448264245379877 0.5133619952087611 0.05 0.05
0 0.4612535292607804 0.6064489219712527 0.05 0.05
0 0.5084814553388092 0.6256138774811774 0.05 0.05
0 0.50642806724846 0.5503229808350445 0.05 0.05
0 0.544415746919918 0.47092530800821364 0.05 0.05
0 0.8524239604722794 0.6105556981519508 0.05 0.05
0 0.5680297099589323 0.19303345311430534 0.05 0.05
0 0.5803500385010267 0.10268437713894585 0.05 0.05
0 0.5392822766940453 0.1122668548939083 0.05 0.05
