0 0.2704353380503145 0.08699554507337517 0.05 0.05
0 0.28301395440251575 0.09328485324947558 0.05 0.05
0 0.24685043238993715 0.10167059748427647 0.05 0.05
0 0.21068691037735854 0.15408149895178175 0.05 0.05
0 0.20282527515723275 0.18133516771488445 0.05 0.05
0 0.2201208726415095 0.2840605345911946 0.05 0.05
0 0.2704353380503145 0.27986766247379435 0.05 0.05
0 0.2987372248427674 0.2924462788259955 0.05 0.05
0 0.3380454009433963 0.2924462788259955 0.05 0.05
0 0.254712067610063 0.3364714360586999 0.05 0.05
0 0.20911458333333338 0.3406643081761004 0.05 0.05
0 0.18395735062893087 0.3217963836477985 0.05 0.05
0 0.1823850235849057 0.3490500524109012 0.05 0.05
0 0.13521521226415095 0.34695361635220107 0.05 0.05
0 0.09590703616352204 0.53563286163522 0.05 0.05
0 0.08018376572327045 0.5691758385744233 0.05 0.05
0 0.007856721698113212 0.5565972222222221 0.05 0.05
0 0.004712067610062898 0.7746265723270439 0.05 0.05
0 0.1933913128930818 0.5733687106918237 0.05 0.05
0 0.3726365959119498 0.43290749475890966 0.05 0.05
0 0.46540389150943406 0.6446475366876308 0.05 0.05
0 0.7468504323899372 0.4853183962264148 0.05 0.05
0 0.8034542059748431 0.575465146750524 0.05 0.05
0 0.883642885220126 0.6132009958071277 0.05 0.05
0 0.8757812500000002 0.2819640985324945 0.05 0.05
0 0.8946491745283021 0.27567479035639386 0.05 0.05
0 0.6084856525157234 0.2840605345911946 0.05 0.05
0 0.603768671383648 0.23374606918238972 0.05 0.05
0 0.624208922955975 0.11844208595387802 0.05 0.05
0 0.6635170990566039 0.12053852201257828 0.05 0.05
0 0.6367875393081762 0.18343160377358458 0.05 0.05
0 0.7075422562893083 0.09328485324947558 0.05 0.05
0 0.7169762185534593 0.13940644654088022 0.05 0.05
0 0.7562843946540883 0.1268278301886789 0.05 0.05
0 0.5471648977987422 0.466450471698113 0.05 0.05
0 0.40326539376321363 0.1226061486962647 0.05 0.05
0 0.4318066199788584 0.11203532417195182 0.05 0.05
