0 0.20759506957773516 0.19841850607805492 0.05 0.05
0 0.2267889275431862 0.2048164587332053 0.05 0.05
0 0.24022462811900197 0.21761236404350606 0.05 0.05
0 0.2776526511516315 0.21377359245041586 0.05 0.05
0 0.31987913867562384 0.22401031669865645 0.05 0.05
0 0.2574991002879079 0.2790327095329495 0.05 0.05
0 0.3736219409788868 0.24960212731925774 0.05 0.05
0 0.4024127279270634 0.2368062220089571 0.05 0.05
0 0.44751829414587335 0.21761236404350606 0.05 0.05
0 0.4148887356046066 0.49016514715291104 0.05 0.05
0 0.3937754918426104 0.506799824056302 0.05 0.05
0 0.4120096569097889 0.5221549104286628 0.05 0.05
0 0.5079789467370441 0.5323916346769034 0.05 0.05
0 0.5492457413627639 0.5272732725527831 0.05 0.05
0 0.5636411348368523 0.4965630998080614 0.05 0.05
0 0.5425278910748561 0.47097128918746 0.05 0.05
0 0.6557716530710174 0.5874140275111964 0.05 0.05
0 0.7699751079654512 0.5234345009596929 0.05 0.05
0 0.9148887356046066 0.8778810780550225 0.05 0.05
0 0.9743896952975047 0.8676443538067818 0.05 0.05
0 0.33619391794625725 0.7908689219449776 0.05 0.05
0 0.6653685820537428 0.28926943378118997 0.05 0.05
0 0.7517409428982726 0.30078574856046053 0.05 0.05
0 0.7958868162188101 0.2867102527191298 0.05 0.05
0 0.259418486084453 0.11012675943698014 0.05 0.05
0 0.2709348008637237 0.09221249200255907 0.05 0.05
0 0.2862898872360845 0.07301863403710804 0.05 0.05
0 0.2939674304222649 0.09221249200255907 0.05 0.05
0 0.36594439779270643 0.08453494881637873 0.05 0.05
0 0.18744151871401155 0.04230846129238633 0.05 0.05
0 0.3726622480806142 0.13443897952655146 0.05 0.05
