0 0.06860459384858048 0.501742683140554 0.05 0.05
0 0.008667685331230334 0.5213711444093938 0.05 0.05
0 0.24315769584647734 0.2199340606379253 0.05 0.05
0 0.26523971477392216 0.21432592884682813 0.05 0.05
0 0.24315769584647734 0.13441005082369462 0.05 0.05
0 0.19373603443743423 0.10636939186820922 0.05 0.05
0 0.22107567691903257 0.10216329302488643 0.05 0.05
0 0.25577599237644577 0.10496735892043496 0.05 0.05
0 0.27575496188222914 0.10076126007711217 0.05 0.05
0 0.2820641101472134 0.09234906239046646 0.05 0.05
0 0.29678545609884327 0.15403851209253455 0.05 0.05
0 0.33148577155625647 0.13300801787592037 0.05 0.05
0 0.3073007032071503 0.09655516123378938 0.05 0.05
0 0.3272796727129337 0.10216329302488643 0.05 0.05
0 0.3577738893270241 0.08674093059936941 0.05 0.05
0 0.36723761172450037 0.08533889765159515 0.05 0.05
0 0.6500977589379598 0.2129238958990539 0.05 0.05
0 0.663767580178759 0.23535642306344234 0.05 0.05
0 0.7079316180336486 0.21853202769015106 0.05 0.05
0 0.6837465496845423 0.15544054504030883 0.05 0.05
0 0.6595614813354361 0.13861614966701755 0.05 0.05
0 0.7079316180336486 0.1119775236593064 0.05 0.05
0 0.8414752563091479 0.17647103925692278 0.05 0.05
0 0.877227096477392 0.38537394847528944 0.05 0.05
0 0.7510441311777074 0.2605930161233792 0.05 0.05
0 0.7910020701892742 0.5409996056782337 0.05 0.05
0 0.71003466745531 0.517165045566071 0.05 0.05
0 0.5743879797581491 0.5424016386260079 0.05 0.05
0 0.5670273067823342 0.5073508149316511 0.05 0.05
0 0.5491513866982122 0.48071218892393996 0.05 0.05
0 0.5470483372765508 0.5269792762004909 0.05 0.05
0 0.48921447818086206 0.5395975727304594 0.05 0.05
0 0.44189586619348037 0.5592260339992993 0.05 0.05
0 0.40929860015772856 0.5367935068349109 0.05 0.05
0 0.3903711553627759 0.5045467490361025 0.05 0.05
0 0.41771079784437426 0.4779081230283914 0.05 0.05
0 0.4450504403259726 0.7064394935155978 0.05 0.05
0 0.468183983964248 0.6854089992989837 0.05 0.05
0 0.6669221543112511 0.21011983000350534 0.05 0.05
