0 0.17810683139534883 0.07820868569415064 0.05 0.05
0 0.22408991807610992 0.1226061486962647 0.05 0.05
0 0.23677490750528546 0.1226061486962647 0.05 0.05
0 0.2684873810782241 0.09512200493305123 0.05 0.05
0 0.2795867468287526 0.09723616983791387 0.05 0.05
0 0.295442983615222 0.09723616983791387 0.05 0.05
0 0.33666919926004224 0.08666534531360087 0.05 0.05
0 0.3493541886892178 0.08455118040873835 0.05 0.05
0 0.19554869186046514 0.17546027131782924 0.05 0.05
0 0.21774742336152214 0.21774356941508088 0.05 0.05
0 0.24153177854122623 0.23888521846370664 0.05 0.05
0 0.3477685650105709 0.18180276603241693 0.05 0.05
0 0.37313854386892176 0.25579853770260735 0.05 0.05
0 0.42229287790697684 0.24522771317829437 0.05 0.05
0 0.44290598572938694 0.207172744890768 0.05 0.05
0 0.45717659883720935 0.19660192036645513 0.05 0.05
0 0.37789541490486267 0.3234518146582098 0.05 0.05
0 0.4096078884778013 0.48412834742776584 0.05 0.05
0 0.4000941464059197 0.5052699964763917 0.05 0.05
0 0.4682759645877379 0.5369824700493304 0.05 0.05
0 0.5269440406976745 0.5412107998590555 0.05 0.05
0 0.5443859011627907 0.47355752290345293 0.05 0.05
0 0.4825465776955603 0.684974013389711 0.05 0.05
0 0.16066497093023255 0.7251431465821 0.05 0.05
0 0.20506243393234672 0.7272573114869625 0.05 0.05
0 0.6506226876321354 0.925988812544045 0.05 0.05
0 0.7600307214587738 0.6152065715292458 0.05 0.05
0 0.7917431950317125 0.6405765503875968 0.05 0.05
0 0.8837093683932349 0.623663231148696 0.05 0.05
0 0.7838150766384778 0.2705976920366453 0.05 0.05
0 0.8837093683932349 0.2769401867512331 0.05 0.05
0 0.7774725819238902 0.21774356941508088 0.05 0.05
0 0.6966057743128965 0.22408606412966858 0.05 0.05
0 0.6664789244186047 0.22620022903453124 0.05 0.05
0 0.6300095798097252 0.15220445736434082 0.05 0.05
0 0.588783364164905 0.15220445736434082 0.05 0.05
