0 0.5450919721006564 0.2143895878920496 0.05 0.05
0 0.6238665891684902 0.2012604850474105 0.05 0.05
0 0.5828381427789935 0.24502416119620693 0.05 0.05
0 0.6452013812910284 0.2559650802334061 0.05 0.05
0 0.6140197620350111 0.12467405178701665 0.05 0.05
0 0.6731007248358863 0.1224858679795768 0.05 0.05
0 0.7354639633479214 0.13561497082421578 0.05 0.05
0 0.6993589305251642 0.14874407366885467 0.05 0.05
0 0.7239759983588623 0.19907230123997063 0.05 0.05
0 0.6927943791028447 0.2625296316557256 0.05 0.05
0 0.714129171225383 0.2603414478482858 0.05 0.05
0 0.6731007248358863 0.4375843362509117 0.05 0.05
0 0.7929037882932166 0.3522451677607584 0.05 0.05
0 0.8454201996717726 0.3325515134938 0.05 0.05
0 0.8404967861050331 0.623579959883297 0.05 0.05
0 0.9028600246170682 0.6104508570386578 0.05 0.05
0 0.5073458014223196 0.5229235047410649 0.05 0.05
0 0.5483742478118162 0.4616543581327497 0.05 0.05
0 0.39082501367614875 0.5032298504741065 0.05 0.05
0 0.40395411652078783 0.5229235047410649 0.05 0.05
0 0.4499059764770242 0.5754399161196206 0.05 0.05
0 0.4482648386214443 0.6432736141502552 0.05 0.05
0 0.3547199808533917 0.7876937454412837 0.05 0.05
0 0.30056243161925605 0.7898819292487236 0.05 0.05
0 0.19881188457330415 0.7745646425966448 0.05 0.05
0 0.03141582330415749 0.6323326951130561 0.05 0.05
0 0.11183157822757109 0.5863808351568198 0.05 0.05
0 0.10690816466083149 0.5294880561633843 0.05 0.05
0 0.20865871170678338 0.27784691830780434 0.05 0.05
0 0.23163464168490155 0.2515887126185265 0.05 0.05
0 0.25296943380743986 0.15749680889861406 0.05 0.05
0 0.30056243161925605 0.14874407366885467 0.05 0.05
0 0.2808687773522976 0.1881313822027715 0.05 0.05
0 0.287433328774617 0.2428359773887672 0.05 0.05
0 0.30876812089715544 0.27784691830780434 0.05 0.05
0 0.3448731537199125 0.28878783734500346 0.05 0.05
0 0.4466237007658644 0.2012604850474105 0.05 0.05
0 0.30876812089715544 0.06340490517870154 0.05 0.05
0 0.351437705142232 0.0852867432530998 0.05 0.05
0 0.40395411652078783 0.0765340080233404 0.05 0.05
0 0.564785626367615 0.18375501458789192 0.05 0.05
