0 0.0668371805689489 0.517756549341048 0.05 0.05
0 0.18448423939247832 0.44318245740919326 0.05 0.05
0 0.23173592695274828 0.450897018643523 0.05 0.05
0 0.2645228121986499 0.43675365638058505 0.05 0.05
0 0.39181307256509157 0.5100419881067181 0.05 0.05
0 0.4072421950337512 0.528042630986821 0.05 0.05
0 0.4506366019768563 0.6334749678559949 0.05 0.05
0 0.3628834679363549 0.7916234731597558 0.05 0.05
0 0.2886308160559306 0.7813373915139827 0.05 0.05
0 0.27705897420443587 0.7517649067823852 0.05 0.05
0 0.6058921468177434 0.6437610495017679 0.05 0.05
0 0.6184283088235294 0.6000452025072325 0.05 0.05
0 0.5914273445033751 0.5151850289296046 0.05 0.05
0 0.5461042972516875 0.46889766152362594 0.05 0.05
0 0.5027098903085825 0.5370429524268725 0.05 0.05
0 0.6791804785438765 0.8739121263259403 0.05 0.05
0 0.7592190513500482 0.5151850289296046 0.05 0.05
0 0.7312537668756026 0.49204134522661536 0.05 0.05
0 0.693645280858245 0.4740407023465124 0.05 0.05
0 0.8971168334136934 0.4701834217293475 0.05 0.05
0 0.9077243551108968 0.42646757473481195 0.05 0.05
0 0.8797590706364513 0.706763299582128 0.05 0.05
0 0.7370396878013501 0.10631328351012546 0.05 0.05
0 0.34745434546769527 0.18988769688203153 0.05 0.05
0 0.3165961005303761 0.18603041626486672 0.05 0.05
0 0.3088815392960463 0.09216992124718738 0.05 0.05
0 0.28766649590163934 0.09216992124718738 0.05 0.05
0 0.3484186656219864 0.09345568145290907 0.05 0.05
0 0.4506366019768563 0.20917409996785613 0.05 0.05
