0 0.20766010010266944 0.5831771902806298 0.05 0.05
0 0.07521656827515402 0.803574178644764 0.05 0.05
0 0.3298366914784395 0.7994674024640658 0.05 0.05
0 0.4879475744353184 0.6132935489390829 0.05 0.05
0 0.5002679029774127 0.5831771902806298 0.05 0.05
0 0.5033479851129364 0.536633726899384 0.05 0.05
0 0.4468798126283368 0.5202066221765914 0.05 0.05
0 0.370904453285421 0.49830381587953465 0.05 0.05
0 0.38425147587269004 0.48735241273100616 0.05 0.05
0 0.5464691350102671 0.4681874572210815 0.05 0.05
0 0.7056067120123204 0.8460108658453115 0.05 0.05
0 0.8359968557494868 0.8761272245037647 0.05 0.05
0 0.8585841247433266 0.7447103867214238 0.05 0.05
0 0.9047853567761809 0.36004235112936345 0.05 0.05
0 0.8431837140657086 0.38878978439425055 0.05 0.05
0 0.7528346380903492 0.30528533538672137 0.05 0.05
0 0.6973931596509242 0.3148678131416838 0.05 0.05
0 0.7261405929158112 0.16702387063655025 0.05 0.05
0 0.5557093814168379 0.19850915468856947 0.05 0.05
0 0.4407196483572896 0.2149362594113621 0.05 0.05
0 0.44995989476386045 0.1944023785078713 0.05 0.05
0 0.3380502438398358 0.14512106433949346 0.05 0.05
0 0.29595578798767974 0.14648998973305952 0.05 0.05
0 0.2189537345995894 0.16976172142368237 0.05 0.05
0 0.1850728311088296 0.08351942162902119 0.05 0.05
0 0.2435943916837783 0.08351942162902119 0.05 0.05
0 0.27439521303901443 0.09720867556468171 0.05 0.05
0 0.2990358701232033 0.09447082477754959 0.05 0.05
0 0.3791180056468173 0.05614091375770016 0.05 0.05
