0 0.19123448047251684 0.07802655898424954 0.05 0.05
0 0.20280632232401158 0.1346000080360014 0.05 0.05
0 0.24234344864995175 0.1448860896817744 0.05 0.05
0 0.2597012114271938 0.1346000080360014 0.05 0.05
0 0.28670217574734813 0.13074272741883644 0.05 0.05
0 0.2886308160559306 0.10245600289296052 0.05 0.05
0 0.30984585945033755 0.10245600289296052 0.05 0.05
0 0.3407041043876567 0.09731296207007402 0.05 0.05
0 0.35999050747348116 0.05102559466409519 0.05 0.05
0 0.44774364151398266 0.21174562037929925 0.05 0.05
0 0.26741577266152367 0.4328963757634201 0.05 0.05
0 0.19027016031822563 0.3827517277402765 0.05 0.05
0 0.15651895491803278 0.363465324654452 0.05 0.05
0 0.3947060330279653 0.5048989472838316 0.05 0.05
0 0.4043492345708775 0.5267568707810993 0.05 0.05
0 0.44195772058823524 0.6437610495017679 0.05 0.05
0 0.5046385306171649 0.531899911603986 0.05 0.05
0 0.5461042972516875 0.4714691819350692 0.05 0.05
0 0.6743588777724204 0.9459146978463517 0.05 0.05
0 0.32527498191899706 0.780051631308261 0.05 0.05
0 0.3272036222275796 0.7607652282224365 0.05 0.05
0 0.376383950096432 0.7864804323368693 0.05 0.05
0 0.68978800024108 0.20531681935069107 0.05 0.05
0 0.7437899288813886 0.286319712311154 0.05 0.05
0 0.7312537668756026 0.19760225811636142 0.05 0.05
0 0.7621120118129218 0.20788833976213444 0.05 0.05
