0 0.20445257867132866 0.07709061771561779 0.05 0.05
0 0.22936516608391608 0.07709061771561766 0.05 0.05
0 0.31197006118881115 0.09282488344988345 0.05 0.05
0 0.44308894230769236 0.21170600233100234 0.05 0.05
0 0.27263439685314683 0.13827942890442887 0.05 0.05
0 0.2267427884615385 0.13478292540792533 0.05 0.05
0 0.2621448863636364 0.18723047785547778 0.05 0.05
0 0.28443509615384616 0.21695075757575755 0.05 0.05
0 0.3027917395104895 0.18023747086247088 0.05 0.05
0 0.2477218094405594 0.24317453379953377 0.05 0.05
0 0.20707495629370634 0.27988782051282046 0.05 0.05
0 0.20445257867132866 0.33058712121212125 0.05 0.05
0 0.1756064248251748 0.3323353729603729 0.05 0.05
0 0.1375819493006993 0.4284892191142191 0.05 0.05
0 0.39064138986013985 0.5001675407925408 0.05 0.05
0 0.40768684440559444 0.533384324009324 0.05 0.05
0 0.5584735576923078 0.526391317016317 0.05 0.05
0 0.5820749562937063 0.5019157925407925 0.05 0.05
0 0.5506064248251749 0.4739437645687646 0.05 0.05
0 0.3211483828671328 0.7606570512820513 0.05 0.05
0 0.3578616695804196 0.797370337995338 0.05 0.05
0 0.3985085227272728 0.7571605477855479 0.05 0.05
0 0.4168651660839161 0.7746430652680654 0.05 0.05
0 0.43522180944055944 0.804363344988345 0.05 0.05
0 0.4496448863636364 0.804363344988345 0.05 0.05
0 0.5204490821678321 0.7536640442890443 0.05 0.05
0 0.6673022290209791 0.6889787296037296 0.05 0.05
0 0.7079490821678321 0.8987689393939394 0.05 0.05
0 0.8338232080419582 0.49667103729603734 0.05 0.05
0 0.896760270979021 0.4791885198135198 0.05 0.05
0 0.9085609702797204 0.5666011072261072 0.05 0.05
