0 0.018621172854387656 0.5164707891353263 0.05 0.05
0 0.11312454797492769 0.5473290340726454 0.05 0.05
0 0.14012551229508197 0.7054775393764063 0.05 0.05
0 0.1950917610896818 0.552472074895532 0.05 0.05
0 0.2336645672613308 0.48561254419800715 0.05 0.05
0 0.29634537729026034 0.47918374316939893 0.05 0.05
0 0.3889201121022179 0.5087562279009965 0.05 0.05
0 0.4110994756509161 0.517756549341048 0.05 0.05
0 0.4130281159594985 0.475326462552234 0.05 0.05
0 0.5036742104628736 0.531899911603986 0.05 0.05
0 0.6029991863548698 0.48432678399228546 0.05 0.05
0 0.5461042972516875 0.46889766152362594 0.05 0.05
0 0.7495758498071359 0.8520542028286725 0.05 0.05
0 0.9048313946480231 0.8790551671488268 0.05 0.05
0 0.9896915682256509 0.8520542028286725 0.05 0.05
0 0.3272036222275796 0.7710513098682096 0.05 0.05
0 0.4400290802796528 0.6476183301189329 0.05 0.05
0 0.4487079616682738 0.20531681935069107 0.05 0.05
0 0.3532402663934426 0.15517217132754743 0.05 0.05
0 0.31177449975891997 0.15260065091610417 0.05 0.05
0 0.3088815392960463 0.09859872227579558 0.05 0.05
0 0.28380921528447445 0.09216992124718738 0.05 0.05
0 0.20087768201542913 0.03816799260687891 0.05 0.05
0 0.3445613850048216 0.09988448248151727 0.05 0.05
0 0.4226713175024107 0.048454074252651934 0.05 0.05
