0 0.18675152972027967 0.1522654428904429 0.05 0.05
0 0.21297530594405595 0.15576194638694632 0.05 0.05
0 0.2339543269230769 0.1085591491841491 0.05 0.05
0 0.24837740384615387 0.10506264568764566 0.05 0.05
0 0.3073809003496504 0.09107663170163166 0.05 0.05
0 0.34802775349650356 0.07709061771561766 0.05 0.05
0 0.3572060751748252 0.08058712121212111 0.05 0.05
0 0.34933894230769236 0.14876893939393934 0.05 0.05
0 0.2942690122377623 0.14527243589743588 0.05 0.05
0 0.2837795017482518 0.17674096736596734 0.05 0.05
0 0.2732899912587413 0.213454254079254 0.05 0.05
0 0.30869208916083923 0.227440268065268 0.05 0.05
0 0.31655922202797204 0.19597173659673656 0.05 0.05
0 0.3506501311188811 0.1784892191142191 0.05 0.05
0 0.3427829982517483 0.24667103729603734 0.05 0.05
0 0.3899857954545455 0.24492278554778554 0.05 0.05
0 0.37949628496503496 0.16100670163170155 0.05 0.05
0 0.4398109702797203 0.21869900932400935 0.05 0.05
0 0.45423404720279714 0.21869900932400935 0.05 0.05
0 0.14741586538461537 0.3550626456876457 0.05 0.05
0 0.1946186625874126 0.33058712121212125 0.05 0.05
0 0.240510270979021 0.3585591491841491 0.05 0.05
0 0.27197880244755246 0.4232444638694639 0.05 0.05
0 0.30869208916083923 0.4022654428904429 0.05 0.05
0 0.35982845279720277 0.39702068764568765 0.05 0.05
0 0.08841236888111888 0.4984192890442891 0.05 0.05
0 0.13299278846153845 0.49667103729603734 0.05 0.05
0 0.06743334790209787 0.6085591491841492 0.05 0.05
0 0.150038243006993 0.7396780303030304 0.05 0.05
0 0.3912969842657343 0.5106570512820513 0.05 0.05
0 0.4083424388111888 0.5228948135198136 0.05 0.05
0 0.4529228583916085 0.5316360722610723 0.05 0.05
0 0.525038243006993 0.5316360722610723 0.05 0.05
0 0.5722410402097904 0.5211465617715618 0.05 0.05
0 0.587975305944056 0.49492278554778557 0.05 0.05
0 0.5433948863636363 0.46170600233100234 0.05 0.05
0 0.3178704108391609 0.7641535547785547 0.05 0.05
0 0.40703125 0.7991185897435897 0.05 0.05
0 0.5538843968531468 0.6907269813519814 0.05 0.05
0 0.6732025786713288 0.6417759324009324 0.05 0.05
0 0.699426354895105 0.7519157925407925 0.05 0.05
0 0.7767864947552449 0.7047129953379954 0.05 0.05
0 0.7951431381118882 0.603314393939394 0.05 0.05
0 0.8974158653846155 0.6120556526806527 0.05 0.05
0 0.7243389423076925 0.11555215617715611 0.05 0.05
0 0.7348284527972029 0.10331439393939389 0.05 0.05
