0 0.2684873810782241 0.09512200493305135 0.05 0.05
0 0.2875148652219873 0.09300784002818858 0.05 0.05
0 0.2938573599365751 0.08877951021846352 0.05 0.05
0 0.34142607029598315 0.08877951021846352 0.05 0.05
0 0.36203917811839326 0.09512200493305123 0.05 0.05
0 0.2272611654334038 0.20294441508104283 0.05 0.05
0 0.1812780787526427 0.3720776074700492 0.05 0.05
0 0.21140492864693447 0.3720776074700492 0.05 0.05
0 0.07979816331923888 0.4460733791402395 0.05 0.05
0 0.06552755021141646 0.46721502818886523 0.05 0.05
0 0.19554869186046514 0.49681333685694135 0.05 0.05
0 0.2780011231501057 0.8139380725863283 0.05 0.05
0 0.882123744714588 0.7864539288231147 0.05 0.05
0 0.7172188821353067 0.4524158738548272 0.05 0.05
0 0.538043406448203 0.46510086328400274 0.05 0.05
0 0.6030539772727274 0.15431862226920348 0.05 0.05
0 0.6236670850951376 0.16066111698379118 0.05 0.05
0 0.6284239561310783 0.20294441508104283 0.05 0.05
0 0.7521026030655392 0.2705976920366453 0.05 0.05
0 0.8186987975687104 0.29808183579985886 0.05 0.05
0 0.8630962605708247 0.23465688865398146 0.05 0.05
0 0.7727157108879494 0.34036513389711043 0.05 0.05
0 0.8107706791754759 0.42704589499647627 0.05 0.05
0 0.4333922436575054 0.17123194150810406 0.05 0.05
0 0.45876222251585624 0.19448775546159247 0.05 0.05
