0 0.2600214964065709 0.3066542607802873 0.05 0.05
0 0.31546297484599595 0.31349888774811774 0.05 0.05
0 0.34215702002053394 0.3066542607802875 0.05 0.05
0 0.2856888475359344 0.22041196098562638 0.05 0.05
0 0.27439521303901443 0.14101428815879538 0.05 0.05
0 0.27644860112936354 0.10542222792607797 0.05 0.05
0 0.2949290939425052 0.09447082477754959 0.05 0.05
0 0.32880999743326494 0.11774255646817243 0.05 0.05
0 0.32367652720739226 0.15744139288158793 0.05 0.05
0 0.19225968942505137 0.04655843600273783 0.05 0.05
0 0.17993936088295692 0.13964536276522932 0.05 0.05
0 0.17275250256673513 0.6215071013004791 0.05 0.05
0 0.330863385523614 0.47366315879534576 0.05 0.05
0 0.4479065066735114 0.5174687713894593 0.05 0.05
0 0.5413356647843943 0.5763325633127995 0.05 0.05
0 0.4941077387063656 0.6735262662559891 0.05 0.05
0 0.47870732802874755 0.5119930698151952 0.05 0.05
0 0.5146416196098563 0.5270512491444216 0.05 0.05
0 0.5546826873716634 0.5229444729637236 0.05 0.05
0 0.5670030159137578 0.4914591889117043 0.05 0.05
0 0.561869545687885 0.4613428302532512 0.05 0.05
0 0.7353808393223821 0.5557986824093087 0.05 0.05
0 0.7353808393223821 0.855593343600274 0.05 0.05
0 0.8041693403490762 0.8747582991101985 0.05 0.05
0 0.2723418249486654 0.7926227754962355 0.05 0.05
0 0.7507812500000002 0.33129491786447646 0.05 0.05
0 0.8175163629363451 0.21219840862422998 0.05 0.05
0 0.7867155415811089 0.17660634839151268 0.05 0.05
0 0.7538613321355238 0.18892667693360715 0.05 0.05
0 0.7415410035934292 0.17386849760438056 0.05 0.05
0 0.722033816735113 0.17660634839151268 0.05 0.05
0 0.6706991144763862 0.18892667693360715 0.05 0.05
0 0.6429783752566737 0.18892667693360715 0.05 0.05
0 0.65119192761807 0.06983016769336067 0.05 0.05
0 0.5485225231006161 0.18481990075290894 0.05 0.05
0 0.4458531185831623 0.1971402292950034 0.05 0.05
0 0.4171056853182752 0.05340306297056804 0.05 0.05
