0 0.19871993921775896 0.050724541930937166 0.05 0.05
0 0.21933304704016915 0.06129536645524993 0.05 0.05
0 0.27324425211416487 0.09089367512332605 0.05 0.05
0 0.28592924154334043 0.09089367512332605 0.05 0.05
0 0.2938573599365751 0.09089367512332605 0.05 0.05
0 0.33508357558139534 0.08666534531360087 0.05 0.05
0 0.35886793076109946 0.09300784002818858 0.05 0.05
0 0.4080222647991544 0.1839169309372796 0.05 0.05
0 0.4333922436575054 0.1839169309372796 0.05 0.05
0 0.46034784619450325 0.1839169309372796 0.05 0.05
0 0.23518928382663845 0.2600268675123324 0.05 0.05
0 0.2669017573995772 0.2600268675123324 0.05 0.05
0 0.5459715248414377 0.45453003875968984 0.05 0.05
0 0.661722053382664 0.36362094785059884 0.05 0.05
0 0.7378319899577168 0.35305012332628594 0.05 0.05
0 0.7917431950317125 0.3192234848484847 0.05 0.05
0 0.6648933007399578 0.7103439922480619 0.05 0.05
0 0.538043406448203 0.6955448379140239 0.05 0.05
0 0.18444932610993658 0.7526272903453134 0.05 0.05
0 0.029058205602536958 0.644804880197322 0.05 0.05
