0 0.09769542550626809 0.4174672532947606 0.05 0.05
0 0.1690551169238187 0.3840374879459982 0.05 0.05
0 0.22016408510125363 0.4213245339119254 0.05 0.05
0 0.39277739271938283 0.4984701462552234 0.05 0.05
0 0.4082065151880424 0.5203280697524912 0.05 0.05
0 0.5104244515429122 0.531899911603986 0.05 0.05
0 0.5904630243490839 0.5113277483124398 0.05 0.05
0 0.5489972577145612 0.4714691819350692 0.05 0.05
0 0.4004919539537126 0.7594794680167148 0.05 0.05
0 0.32816794238187075 0.7787658711025395 0.05 0.05
0 0.26741577266152367 0.7581937078109934 0.05 0.05
0 0.4487079616682738 0.6476183301189329 0.05 0.05
0 0.6705015971552555 0.7221924220507875 0.05 0.05
0 0.7148603242526519 0.7427645853423337 0.05 0.05
0 0.6695372770009642 0.8507684426229508 0.05 0.05
0 0.7910416164416587 0.8777694069431052 0.05 0.05
0 0.908688675265188 0.8790551671488268 0.05 0.05
0 0.7138960040983606 0.41232421247187406 0.05 0.05
0 0.763076331967213 0.450897018643523 0.05 0.05
0 0.8730088295564127 0.37246564609450344 0.05 0.05
0 0.7775411342815814 0.15388641112182586 0.05 0.05
0 0.7563260908871745 0.15645793153326912 0.05 0.05
0 0.6107137475891996 0.13074272741883644 0.05 0.05
0 0.5788911824975892 0.08959840083574425 0.05 0.05
0 0.4506366019768563 0.20145953873352623 0.05 0.05
0 0.290559456364513 0.1153136049501768 0.05 0.05
0 0.2606655315814851 0.11659936515589849 0.05 0.05
0 0.22595000602700094 0.12559968659594994 0.05 0.05
0 0.2847735354387657 0.09474144165863076 0.05 0.05
0 0.3108101796046287 0.09474144165863076 0.05 0.05
0 0.3407041043876567 0.09474144165863076 0.05 0.05
