0 0.3083209325396825 0.09231150793650791 0.05 0.05
0 0.4015749007936507 0.055274470899470886 0.05 0.05
0 0.4432415674603174 0.19284060846560844 0.05 0.05
0 0.19522569444444435 0.1637400793650793 0.05 0.05
0 0.18728918650793644 0.22723214285714283 0.05 0.05
0 0.28847966269841263 0.24310515873015864 0.05 0.05
0 0.24482886904761897 0.32776124338624335 0.05 0.05
0 0.14959077380952374 0.38596230158730144 0.05 0.05
0 0.4015749007936507 0.4732638888888888 0.05 0.05
0 0.3936383928571428 0.5076554232804232 0.05 0.05
0 0.4015749007936507 0.5235284391534392 0.05 0.05
0 0.2587177579365079 0.7510416666666665 0.05 0.05
0 0.28054315476190467 0.8039517195767195 0.05 0.05
0 0.34800347222222217 0.8039517195767195 0.05 0.05
0 0.3777653769841269 0.7933697089947089 0.05 0.05
0 0.4095114087301586 0.7351686507936507 0.05 0.05
0 0.42736855158730147 0.7351686507936507 0.05 0.05
0 0.5543526785714284 0.4732638888888888 0.05 0.05
0 0.5702256944444443 0.4785548941798941 0.05 0.05
0 0.5642733134920633 0.5235284391534392 0.05 0.05
0 0.8162574404761902 0.7113591269841268 0.05 0.05
0 0.8777653769841267 0.7166501322751322 0.05 0.05
0 0.5325272817460316 0.20077711640211635 0.05 0.05
0 0.5920510912698411 0.11876653439153438 0.05 0.05
0 0.6237971230158729 0.11876653439153438 0.05 0.05
0 0.7924479166666665 0.16638558201058196 0.05 0.05
