0 0.19123299537987687 0.380576232032854 0.05 0.05
0 0.23948761550308012 0.37510053045859 0.05 0.05
0 0.2846621534907598 0.26284864818617387 0.05 0.05
0 0.3134095867556469 0.24642154346338122 0.05 0.05
0 0.3955451103696099 0.23410121492128677 0.05 0.05
0 0.4294260138603697 0.22314981177275836 0.05 0.05
0 0.4468798126283368 0.21630518480492805 0.05 0.05
0 0.45406667094455855 0.20535378165639978 0.05 0.05
0 0.7405143095482547 0.425750770020534 0.05 0.05
0 0.7733685189938398 0.5010416666666667 0.05 0.05
0 0.7990358701232034 0.4654496064339494 0.05 0.05
0 0.7918490118069815 0.4038479637234771 0.05 0.05
0 0.7384609214579057 0.3436152464065709 0.05 0.05
0 0.50642806724846 0.5462162046543464 0.05 0.05
0 0.49821451488706375 0.5831771902806298 0.05 0.05
0 0.47254716375770023 0.6160313997262149 0.05 0.05
0 0.453039976899384 0.5202066221765914 0.05 0.05
0 0.36166420687885015 0.4914591889117043 0.05 0.05
0 0.3832247818275155 0.4777699349760438 0.05 0.05
0 0.5505759111909652 0.4722942334017797 0.05 0.05
0 0.26207488449691996 0.7830402977412732 0.05 0.05
0 0.2384609214579056 0.12048040725530455 0.05 0.05
0 0.22306051078028752 0.09583975017111565 0.05 0.05
0 0.2826087654004107 0.09583975017111565 0.05 0.05
0 0.2949290939425052 0.09583975017111565 0.05 0.05
0 0.3051960343942506 0.13553858658453113 0.05 0.05
0 0.7487278619096511 0.13143181040383295 0.05 0.05
0 0.7435943916837784 0.1122668548939083 0.05 0.05
0 0.5495492171457906 0.1902956023271732 0.05 0.05
