0 0.06755306913774976 0.6657805380301439 0.05 0.05
0 0.1274899776550999 0.41201257448300055 0.05 0.05
0 0.205302806256572 0.4064044426919035 0.05 0.05
0 0.19268450972660353 0.30265400455660735 0.05 0.05
0 0.22423025105152466 0.29564383981773595 0.05 0.05
0 0.3588254140378548 0.2788194444444448 0.05 0.05
0 0.45241111330178746 0.7078415264633721 0.05 0.05
0 0.45556568743427955 0.6699866368734667 0.05 0.05
0 0.41035012486855926 0.5283813091482652 0.05 0.05
0 0.3977318283385908 0.5031447160883283 0.05 0.05
0 0.42086537197686635 0.4751040571328429 0.05 0.05
0 0.5091934476866455 0.5255772432527166 0.05 0.05
0 0.5470483372765508 0.5129589467227482 0.05 0.05
0 0.5701818809148264 0.49753658429723124 0.05 0.05
0 0.5502029114090429 0.4765060900806172 0.05 0.05
0 0.7173953404311249 0.7485004819488259 0.05 0.05
0 0.7899505454784435 0.7555106466876974 0.05 0.05
0 0.9182365601997894 0.6727907027690153 0.05 0.05
0 0.7121377168769714 0.3783637837364181 0.05 0.05
0 0.6585099566246054 0.14422428145811458 0.05 0.05
0 0.7131892415878021 0.12599785313704903 0.05 0.05
0 0.7268590628286012 0.12038972134595198 0.05 0.05
0 0.2599820912197686 0.15544054504030883 0.05 0.05
0 0.2263333004731861 0.16946087451805145 0.05 0.05
0 0.279961060725552 0.11898768839817772 0.05 0.05
0 0.27470343717139845 0.09234906239046646 0.05 0.05
0 0.2852186842797055 0.08814296354714367 0.05 0.05
0 0.22528177576235536 0.06150433753943254 0.05 0.05
0 0.354619315194532 0.12179175429372625 0.05 0.05
0 0.3115068020504731 0.09515312828601499 0.05 0.05
0 0.3251766232912722 0.09655516123378938 0.05 0.05
0 0.3598769387486855 0.09935922712933791 0.05 0.05
0 0.3682891364353312 0.08253483175604662 0.05 0.05
0 0.45030806388012606 0.20731576410795682 0.05 0.05
