0 0.08612358365477338 0.7247639424622309 0.05 0.05
0 0.07358742164898746 0.601330962712954 0.05 0.05
0 0.013799572082931533 0.6849053760848602 0.05 0.05
0 0.37349098963355837 0.8533399630343941 0.05 0.05
0 0.34745434546769527 0.7954807537769207 0.05 0.05
0 0.4757089259884282 0.8584830038572806 0.05 0.05
0 0.4458150012054002 0.6527613709418194 0.05 0.05
0 0.5046385306171649 0.5396144728383158 0.05 0.05
0 0.4082065151880424 0.5190423095467696 0.05 0.05
0 0.39759899349083894 0.5036131870781101 0.05 0.05
0 0.4053135547251688 0.4663261411121827 0.05 0.05
0 0.35806186716489874 0.3428931613629059 0.05 0.05
0 0.2722373734329797 0.3506077225972357 0.05 0.05
0 0.24812936957569914 0.4007523706203794 0.05 0.05
0 0.21534248432979747 0.3184637174541949 0.05 0.05
0 0.45738684305689487 0.20531681935069107 0.05 0.05
0 0.2992383377531341 0.1153136049501768 0.05 0.05
0 0.25584393081002893 0.11017056412729029 0.05 0.05
0 0.28380921528447445 0.08959840083574425 0.05 0.05
0 0.3088815392960463 0.09988448248151727 0.05 0.05
0 0.3493829857762777 0.09731296207007402 0.05 0.05
0 0.7495758498071359 0.4868983044037287 0.05 0.05
0 0.599141905737705 0.5036131870781101 0.05 0.05
0 0.5412826964802314 0.46889766152362594 0.05 0.05
