0 0.19713431553911204 0.10357866455250159 0.05 0.05
0 0.27165862843551797 0.09512200493305123 0.05 0.05
0 0.27641549947145877 0.08666534531360087 0.05 0.05
0 0.2827579941860465 0.09089367512332605 0.05 0.05
0 0.29702860729386893 0.116263653981677 0.05 0.05
0 0.32239858615221995 0.09723616983791387 0.05 0.05
0 0.33984044661733626 0.08666534531360087 0.05 0.05
0 0.35252543604651165 0.10146449964763894 0.05 0.05
0 0.3652104254756871 0.1395194679351654 0.05 0.05
0 0.31764171511627903 0.13740530303030288 0.05 0.05
0 0.46034784619450325 0.18814526074700477 0.05 0.05
0 0.2875148652219873 0.22197189922480595 0.05 0.05
0 0.23043241279069768 0.23677105355884412 0.05 0.05
0 0.17493558403805493 0.3615067829457362 0.05 0.05
0 0.3112992204016914 0.36996344256518654 0.05 0.05
0 0.0718700449260042 0.49469917195207874 0.05 0.05
0 0.06077067917547565 0.608864076814658 0.05 0.05
0 0.15590809989429172 0.5982932522903451 0.05 0.05
0 0.35411105972515855 0.8075955778717406 0.05 0.05
0 0.5348721590909091 0.9809571000704721 0.05 0.05
0 0.5554852669133192 0.47567168780831554 0.05 0.05
0 0.6855064085623679 0.6278915609584212 0.05 0.05
0 0.7600307214587738 0.5877224277660322 0.05 0.05
0 0.6728214191331925 0.3889909267089498 0.05 0.05
0 0.7314894952431291 0.38687676180408725 0.05 0.05
0 0.6728214191331925 0.3255659795630725 0.05 0.05
0 0.709290763742072 0.2198577343199434 0.05 0.05
0 0.6347664508456661 0.19660192036645513 0.05 0.05
