0 0.27197880244755235 0.103314393939394 0.05 0.05
0 0.282468312937063 0.10156614219114223 0.05 0.05
0 0.30869208916083923 0.09282488344988345 0.05 0.05
0 0.33622705419580423 0.07883886946386945 0.05 0.05
0 0.3572060751748252 0.07709061771561766 0.05 0.05
0 0.22739838286713288 0.227440268065268 0.05 0.05
0 0.16315013111888113 0.36205565268065265 0.05 0.05
0 0.23133194930069928 0.35156614219114224 0.05 0.05
0 0.4332550262237763 0.2344332750582751 0.05 0.05
0 0.400475305944056 0.23618152680652676 0.05 0.05
0 0.45685642482517486 0.1942234848484849 0.05 0.05
0 0.46472355769230766 0.2064612470862471 0.05 0.05
0 0.4621011800699302 0.5246430652680654 0.05 0.05
0 0.518482298951049 0.5526150932400932 0.05 0.05
0 0.5512620192307693 0.4634542540792541 0.05 0.05
0 0.5958424388111888 0.5001675407925408 0.05 0.05
0 0.566996284965035 0.5386290792540792 0.05 0.05
0 0.448989291958042 0.7309367715617715 0.05 0.05
0 0.4607899912587413 0.7134542540792541 0.05 0.05
0 0.3388494318181819 0.7833843240093241 0.05 0.05
0 0.6745137674825177 0.18897872960372955 0.05 0.05
0 0.7164718094405595 0.19072698135198132 0.05 0.05
0 0.7492515297202799 0.14527243589743588 0.05 0.05
0 0.7702305506993008 0.14702068764568754 0.05 0.05
0 0.6863144667832168 0.241426282051282 0.05 0.05
0 0.400475305944056 0.19247523310023312 0.05 0.05
