0 0.3104092587527352 0.09403947848285922 0.05 0.05
0 0.33830860229759296 0.13780315463165552 0.05 0.05
0 0.44334142505470464 0.2012604850474105 0.05 0.05
0 0.45811166575492346 0.20782503646972994 0.05 0.05
0 0.2693808123632385 0.12905041940189624 0.05 0.05
0 0.2431226066739606 0.12467405178701665 0.05 0.05
0 0.17747709245076587 0.05465216994894225 0.05 0.05
0 0.2595339852297593 0.18156683078045208 0.05 0.05
0 0.3366674644420132 0.3062933078045221 0.05 0.05
0 0.2595339852297593 0.3369278811086797 0.05 0.05
0 0.21522326312910284 0.3500569839533186 0.05 0.05
0 0.14629547319474834 0.38069155725747617 0.05 0.05
0 0.11511385393873083 0.43977252005835143 0.05 0.05
0 0.07244426969365422 0.6542145331874544 0.05 0.05
0 0.10198475109409189 0.6192035922684173 0.05 0.05
0 0.1528600246170678 0.5973217541940189 0.05 0.05
0 0.23163464168490155 0.6257681436907366 0.05 0.05
0 0.21850553884026264 0.7483064369073669 0.05 0.05
0 0.22014667669584242 0.7986346644784829 0.05 0.05
0 0.3350263265864333 0.7833173778264041 0.05 0.05
0 0.33010291301969363 0.8270810539752006 0.05 0.05
0 0.39082501367614875 0.7986346644784829 0.05 0.05
0 0.42200663293216634 0.7286127826404083 0.05 0.05
0 0.45154711433260397 0.7461182530999272 0.05 0.05
0 0.44005914934354495 0.6323326951130561 0.05 0.05
0 0.3826193243982494 0.49885348285922676 0.05 0.05
0 0.4072363922319475 0.5229235047410649 0.05 0.05
0 0.5040635257111598 0.5316762399708241 0.05 0.05
0 0.5418096963894967 0.470407093362509 0.05 0.05
0 0.8421379239606128 0.5798162837345003 0.05 0.05
0 0.7535164797592999 0.2909760211524433 0.05 0.05
0 0.7929037882932166 0.30848149161196203 0.05 0.05
0 0.6402779677242889 0.19469593362509105 0.05 0.05
0 0.7174114469365427 0.1728140955506928 0.05 0.05
0 0.765004444748359 0.1728140955506928 0.05 0.05
0 0.5434508342450767 0.21657777169948922 0.05 0.05
0 0.5664267642231948 0.1881313822027715 0.05 0.05
