0 0.20347681025369976 0.11414948907681446 0.05 0.05
0 0.27641549947145877 0.08877951021846352 0.05 0.05
0 0.28592924154334043 0.08877951021846352 0.05 0.05
0 0.29702860729386893 0.09089367512332605 0.05 0.05
0 0.2684873810782241 0.116263653981677 0.05 0.05
0 0.33508357558139534 0.1226061486962647 0.05 0.05
0 0.33984044661733626 0.09089367512332605 0.05 0.05
0 0.35728230708245245 0.09512200493305123 0.05 0.05
0 0.6204958377378437 0.1627752818886538 0.05 0.05
0 0.6870920322410149 0.18180276603241693 0.05 0.05
0 0.3493541886892178 0.29808183579985886 0.05 0.05
0 0.45559097515856245 0.18814526074700477 0.05 0.05
0 0.2875148652219873 0.26848352713178275 0.05 0.05
0 0.24945989693446088 0.20294441508104283 0.05 0.05
0 0.18920619714587736 0.3107668252290343 0.05 0.05
0 0.2272611654334038 0.29808183579985886 0.05 0.05
0 0.23836053118393236 0.3488217935165608 0.05 0.05
0 0.5459715248414377 0.46510086328400274 0.05 0.05
0 0.6331808271670191 0.44184504933051433 0.05 0.05
0 0.7362463662790699 0.49469917195207874 0.05 0.05
0 0.8186987975687104 0.48412834742776584 0.05 0.05
0 0.7521026030655392 0.7505131254404509 0.05 0.05
0 0.6728214191331925 0.7674264446793515 0.05 0.05
0 0.6078108483086682 0.6426907152924594 0.05 0.05
0 0.5190159223044398 0.8329655567300915 0.05 0.05
0 0.27324425211416487 0.8498788759689921 0.05 0.05
0 0.15590809989429172 0.8942763389711064 0.05 0.05
0 0.008445097780126809 0.7695406095842141 0.05 0.05
0 0.04332881871035939 0.765312279774489 0.05 0.05
