0 0.3128848440803383 0.10146449964763905 0.05 0.05
0 0.2811723705073996 0.08666534531360087 0.05 0.05
0 0.2875148652219873 0.09300784002818858 0.05 0.05
0 0.295442983615222 0.08877951021846352 0.05 0.05
0 0.34142607029598315 0.09089367512332605 0.05 0.05
0 0.344597317653277 0.076094520789288 0.05 0.05
0 0.18444932610993658 0.13529113812544022 0.05 0.05
0 0.3493541886892178 0.19871608527131765 0.05 0.05
0 0.4540053514799155 0.20928690979563053 0.05 0.05
0 0.4524197278012686 0.2198577343199434 0.05 0.05
0 0.46193346987315015 0.1923735905567298 0.05 0.05
0 0.2811723705073996 0.29596767089499637 0.05 0.05
0 0.10516814217758982 0.47778585271317814 0.05 0.05
0 0.16859308932346723 0.5834940979563071 0.05 0.05
0 0.29227173625792807 0.7716547744890767 0.05 0.05
0 0.6173245903805498 0.26214103241719494 0.05 0.05
0 0.5459715248414377 0.46932919309372784 0.05 0.05
