0 0.41776781429942417 0.27263475687779926 0.05 0.05
0 0.4484779870441459 0.2048164587332053 0.05 0.05
0 0.12794055902111326 0.45817538387715934 0.05 0.05
0 0.07419775671785031 0.4389815259117083 0.05 0.05
0 0.1826430542226488 0.7307281669865643 0.05 0.05
0 0.19799814059500961 0.7153730806142035 0.05 0.05
0 0.34962961852207297 0.525993682021753 0.05 0.05
0 0.39953364923224577 0.525993682021753 0.05 0.05
0 0.3908964131477927 0.5080794145873321 0.05 0.05
0 0.40913057821497123 0.47097128918746 0.05 0.05
0 0.5022207893474089 0.5336712252079335 0.05 0.05
0 0.5473263555662189 0.4696916986564299 0.05 0.05
0 0.7642169505758158 0.6641894593730007 0.05 0.05
0 0.8160403670825336 0.6437160108765194 0.05 0.05
0 0.877460712571977 0.6437160108765194 0.05 0.05
0 0.9273647432821498 0.6654690499040308 0.05 0.05
0 0.9158484285028792 0.8753218969929624 0.05 0.05
0 0.675925203934741 0.2572796705054382 0.05 0.05
0 0.6356181022072938 0.25855926103646826 0.05 0.05
0 0.7459827855086373 0.13187979846449133 0.05 0.05
0 0.7728541866602687 0.14467570377479197 0.05 0.05
0 0.35634746880998086 0.12676143634037101 0.05 0.05
0 0.30740313099808064 0.1280410268714011 0.05 0.05
0 0.2718944937619962 0.10500839731285984 0.05 0.05
0 0.2795720369481766 0.1843430102367242 0.05 0.05
0 0.2555797144913628 0.199698096609085 0.05 0.05
0 0.20471599088291753 0.1536328374920025 0.05 0.05
0 0.1884012116122841 0.15107365642994233 0.05 0.05
0 0.195119061900192 0.11140634996801022 0.05 0.05
0 0.3102822096928983 0.09349208253358915 0.05 0.05
0 0.3477102327255279 0.09477167306461923 0.05 0.05
