0 0.1955296088621444 0.12467405178701665 0.05 0.05
0 0.22178781455142232 0.1224858679795768 0.05 0.05
0 0.24968715809628006 0.11592131655725725 0.05 0.05
0 0.2250700902625821 0.15749680889861406 0.05 0.05
0 0.31697381017505466 0.09622766229029894 0.05 0.05
0 0.2743042259299781 0.16187317651349364 0.05 0.05
0 0.43841801148796505 0.19907230123997063 0.05 0.05
0 0.45154711433260397 0.19907230123997063 0.05 0.05
0 0.5467331099562365 0.21438958789204948 0.05 0.05
0 0.815879718271335 0.36975063822027704 0.05 0.05
0 0.889730921772429 0.36975063822027704 0.05 0.05
0 0.07080313183807435 0.43539615244347174 0.05 0.05
0 0.11511385393873083 0.7483064369073669 0.05 0.05
0 0.2775865016411379 0.7898819292487236 0.05 0.05
0 0.33994974015317286 0.772376458789205 0.05 0.05
0 0.40395411652078783 0.7636237235594457 0.05 0.05
0 0.42200663293216634 0.8073873997082421 0.05 0.05
0 0.4827287335886215 0.7614355397520058 0.05 0.05
0 0.45154711433260397 0.5798162837345003 0.05 0.05
0 0.39410728938730855 0.5097944018964259 0.05 0.05
0 0.41215980579868716 0.533864423778264 0.05 0.05
0 0.5106280771334792 0.5382407913931435 0.05 0.05
0 0.5664267642231948 0.5294880561633843 0.05 0.05
0 0.5779147292122538 0.5032298504741065 0.05 0.05
0 0.5434508342450767 0.46821890955506923 0.05 0.05
0 0.6731007248358863 0.7876937454412837 0.05 0.05
0 0.6927943791028447 0.910232038657914 0.05 0.05
0 0.7518753419037201 0.6542145331874544 0.05 0.05
0 0.815879718271335 0.7220482312180889 0.05 0.05
0 0.8749606810722103 0.6936018417213712 0.05 0.05
0 0.9701466766958428 0.9518075309992706 0.05 0.05
