0 0.27365191246056775 0.29564383981773595 0.05 0.05
0 0.3251766232912722 0.3012519716088331 0.05 0.05
0 0.18637536146161932 0.20731576410795682 0.05 0.05
0 0.20950890509989478 0.11057549071153201 0.05 0.05
0 0.2568275170872765 0.14843038030143738 0.05 0.05
0 0.30099155494216606 0.15684257798808307 0.05 0.05
0 0.27365191246056775 0.09515312828601499 0.05 0.05
0 0.28837325841219763 0.08814296354714367 0.05 0.05
0 0.3125583267613038 0.09515312828601499 0.05 0.05
0 0.3283311974237644 0.09655516123378938 0.05 0.05
0 0.3693406611461619 0.09234906239046646 0.05 0.05
0 0.3851135318086224 0.09234906239046646 0.05 0.05
0 0.45346263801261816 0.2241401594812481 0.05 0.05
0 0.40719555073606717 0.5283813091482652 0.05 0.05
0 0.3977318283385908 0.5101548808271996 0.05 0.05
0 0.41350469900105136 0.48491828776726276 0.05 0.05
0 0.5081419229758148 0.5381955397826851 0.05 0.05
0 0.5491513866982122 0.5227731773571681 0.05 0.05
0 0.5575635843848579 0.4947325184016827 0.05 0.05
0 0.5438937631440587 0.4765060900806172 0.05 0.05
0 0.49236905231335426 0.6980272958289522 0.05 0.05
0 0.4608233109884331 0.6896150981423065 0.05 0.05
0 0.7373743099369083 0.8186021293375396 0.05 0.05
0 0.8467328798633016 0.8101899316508939 0.05 0.05
0 0.9035152142481596 0.8606631177707678 0.05 0.05
0 0.8341145833333329 0.9489911934805468 0.05 0.05
0 0.7289621122502626 0.45687762881177735 0.05 0.05
0 0.6606130060462669 0.4050024097441292 0.05 0.05
0 0.7794352983701365 0.3965902120574836 0.05 0.05
0 0.656406907202944 0.14843038030143738 0.05 0.05
0 0.6227581164563615 0.1400181826147918 0.05 0.05
0 0.5922638998422711 0.1806771381002457 0.05 0.05
