0 0.1886743317610063 0.11424921383647788 0.05 0.05
0 0.215403891509434 0.11005634171907724 0.05 0.05
0 0.24842275943396236 0.09747772536687596 0.05 0.05
0 0.27515231918239 0.08909198113207518 0.05 0.05
0 0.2877309355345913 0.09328485324947558 0.05 0.05
0 0.35376867138364787 0.08280267295597454 0.05 0.05
0 0.3789259040880504 0.08909198113207518 0.05 0.05
0 0.24056112421383652 0.2148781446540878 0.05 0.05
0 0.27829697327044034 0.21068527253668728 0.05 0.05
0 0.624208922955975 0.2421318134171905 0.05 0.05
0 0.7279825078616354 0.11005634171907724 0.05 0.05
0 0.7547120676100632 0.12053852201257828 0.05 0.05
0 0.8097435141509436 0.1750458595387838 0.05 0.05
0 0.8411900550314467 0.26309617400419255 0.05 0.05
0 0.5487372248427674 0.4685469077568131 0.05 0.05
0 0.39150452044025164 0.4978970125786161 0.05 0.05
0 0.444963639937107 0.646743972746331 0.05 0.05
0 0.15093848270440255 0.7893016247379453 0.05 0.05
0 0.09276238207547173 0.5817544549266245 0.05 0.05
