0 0.3119700611888112 0.09107663170163179 0.05 0.05
0 0.44702250874125876 0.2064612470862471 0.05 0.05
0 0.10480222902097902 0.41974796037296047 0.05 0.05
0 0.022197333916083896 0.5228948135198136 0.05 0.05
0 0.1493826486013986 0.43198572261072266 0.05 0.05
0 0.22936516608391608 0.4127549533799533 0.05 0.05
0 0.26345607517482517 0.39702068764568765 0.05 0.05
0 0.3945749562937063 0.5071605477855478 0.05 0.05
0 0.4063756555944056 0.5351325757575758 0.05 0.05
0 0.1454490821678322 0.8096081002331004 0.05 0.05
0 0.22936516608391608 0.8288388694638695 0.05 0.05
0 0.2949246066433567 0.7571605477855479 0.05 0.05
0 0.38408544580419585 0.7833843240093241 0.05 0.05
0 0.4063756555944056 0.7379297785547786 0.05 0.05
0 0.42866586538461543 0.8375801282051282 0.05 0.05
0 0.5178267045454545 0.7728948135198136 0.05 0.05
0 0.5204490821678321 0.5788388694638694 0.05 0.05
0 0.5506064248251749 0.4791885198135198 0.05 0.05
0 0.5755190122377623 0.49667103729603734 0.05 0.05
0 0.5597847465034965 0.526391317016317 0.05 0.05
0 0.5886309003496504 0.4040136946386947 0.05 0.05
0 0.6371448863636364 0.3603074009324009 0.05 0.05
0 0.6777917395104895 0.48268502331002333 0.05 0.05
0 0.7053267045454547 0.6505171911421912 0.05 0.05
0 0.723683347902098 0.6505171911421912 0.05 0.05
0 0.8312008304195805 0.7309367715617715 0.05 0.05
0 0.7263057255244755 0.2501675407925408 0.05 0.05
0 0.5558511800699301 0.13827942890442887 0.05 0.05
0 0.6305889423076924 0.13303467365967367 0.05 0.05
0 0.6568127185314686 0.13303467365967367 0.05 0.05
0 0.7354840472027974 0.19597173659673656 0.05 0.05
0 0.751218312937063 0.22044726107226112 0.05 0.05
0 0.7918651660839162 0.18897872960372955 0.05 0.05
