0 0.3103050595238095 0.08702050264550264 0.05 0.05
0 0.22498759920634911 0.1637400793650793 0.05 0.05
0 0.2011780753968253 0.22458664021164007 0.05 0.05
0 0.25474950396825385 0.17432208994708986 0.05 0.05
0 0.3103050595238095 0.22987764550264547 0.05 0.05
0 0.35792410714285705 0.23516865079365074 0.05 0.05
0 0.43728918650793636 0.2113591269841269 0.05 0.05
0 0.4511780753968253 0.20871362433862425 0.05 0.05
0 0.5424479166666665 0.2192956349206348 0.05 0.05
0 0.717051091269841 0.18490410052910042 0.05 0.05
0 0.7626860119047618 0.27220568783068777 0.05 0.05
0 0.7150669642857141 0.27220568783068777 0.05 0.05
0 0.7587177579365079 0.4362268518518518 0.05 0.05
0 0.7051463293650791 0.42564484126984115 0.05 0.05
0 0.5464161706349204 0.4626818783068783 0.05 0.05
0 0.5821304563492062 0.49178240740740736 0.05 0.05
0 0.5682415674603173 0.5155919312169311 0.05 0.05
0 0.4134796626984126 0.47590939153439143 0.05 0.05
0 0.3956225198412698 0.5076554232804232 0.05 0.05
0 0.40554315476190467 0.5341104497354496 0.05 0.05
0 0.4452256944444444 0.7298776455026454 0.05 0.05
0 0.4095114087301586 0.740459656084656 0.05 0.05
0 0.37974950396825385 0.7854332010582009 0.05 0.05
0 0.3440352182539682 0.8145337301587301 0.05 0.05
0 0.29641617063492054 0.8039517195767195 0.05 0.05
0 0.28252728174603164 0.7457506613756613 0.05 0.05
