0 0.03858719405594402 0.5054122960372961 0.05 0.05
0 0.20117460664335668 0.09981789044289044 0.05 0.05
0 0.2287095716783217 0.08932837995337989 0.05 0.05
0 0.1946186625874126 0.05086684149184144 0.05 0.05
0 0.31393684440559444 0.10331439393939389 0.05 0.05
0 0.37556271853146855 0.09632138694638688 0.05 0.05
0 0.33622705419580423 0.07009761072261066 0.05 0.05
0 0.34409418706293715 0.07534236596736589 0.05 0.05
0 0.4384997814685315 0.20820949883449877 0.05 0.05
0 0.455545236013986 0.20820949883449877 0.05 0.05
0 0.2287095716783217 0.17324446386946377 0.05 0.05
0 0.2300207604895105 0.22044726107226112 0.05 0.05
0 0.27197880244755246 0.22394376456876455 0.05 0.05
0 0.38867460664335673 0.5089087995337995 0.05 0.05
0 0.40703125 0.5351325757575758 0.05 0.05
0 0.46341236888111903 0.5421255827505828 0.05 0.05
0 0.5171711101398602 0.540377331002331 0.05 0.05
0 0.5709298513986015 0.5281395687645688 0.05 0.05
0 0.5866641171328671 0.49667103729603734 0.05 0.05
0 0.5499508304195805 0.4686990093240093 0.05 0.05
0 0.2811571241258741 0.7956220862470863 0.05 0.05
0 0.768919361888112 0.3952724358974359 0.05 0.05
