0 0.1824005060175054 0.10716858132749821 0.05 0.05
0 0.31205039660831513 0.10060402990517853 0.05 0.05
0 0.33994974015317286 0.11154494894237767 0.05 0.05
0 0.43841801148796505 0.19688411743253093 0.05 0.05
0 0.45482939004376377 0.2012604850474105 0.05 0.05
0 0.2611751230853392 0.23627142596644776 0.05 0.05
0 0.2628162609409191 0.3216105944566009 0.05 0.05
0 0.22999350382932165 0.3325515134938 0.05 0.05
0 0.0576740289934354 0.6432736141502552 0.05 0.05
0 0.11511385393873083 0.6104508570386578 0.05 0.05
0 0.13973092177242888 0.5798162837345003 0.05 0.05
0 0.21358212527352297 0.6892254741064915 0.05 0.05
0 0.22178781455142232 0.732989150255288 0.05 0.05
0 0.2825099152078775 0.83583378920496 0.05 0.05
0 0.31040925875273523 0.8051992159008025 0.05 0.05
0 0.3859016001094092 0.8708447301239971 0.05 0.05
0 0.38918387582056896 0.7942582968636033 0.05 0.05
0 0.4417002871991248 0.7286127826404083 0.05 0.05
0 0.45154711433260397 0.7286127826404083 0.05 0.05
0 0.4417002871991248 0.6520263493800146 0.05 0.05
0 0.38754273796498906 0.5119825857038658 0.05 0.05
0 0.4055952543763676 0.5469935266229029 0.05 0.05
0 0.5057046635667397 0.533864423778264 0.05 0.05
0 0.563144488512035 0.45727799051787 0.05 0.05
0 0.6074552106126916 0.3960088439095549 0.05 0.05
0 0.6878709655361052 0.5995099380014587 0.05 0.05
0 0.851984751094092 0.7898819292487236 0.05 0.05
0 0.8979366110503284 0.6914136579139315 0.05 0.05
0 0.5418096963894967 0.21438958789204948 0.05 0.05
0 0.5697090399343546 0.18594319839533177 0.05 0.05
