0 0.21457617600422832 0.17123194150810417 0.05 0.05
0 0.25580239164904867 0.15854695207892863 0.05 0.05
0 0.12102437896405918 0.3720776074700492 0.05 0.05
0 0.15590809989429172 0.37630593727977435 0.05 0.05
0 0.20030556289640594 0.3911050916138123 0.05 0.05
0 0.2637305100422833 0.4016759161381253 0.05 0.05
0 0.05918505549682873 0.5052699964763917 0.05 0.05
0 0.14163748678646934 0.5306399753347427 0.05 0.05
0 0.25263114429175476 0.7822255990133896 0.05 0.05
0 0.27007300475687107 0.08455118040873835 0.05 0.05
0 0.28592924154334043 0.09089367512332605 0.05 0.05
0 0.295442983615222 0.09089367512332605 0.05 0.05
0 0.3319123282241015 0.08877951021846352 0.05 0.05
0 0.3452778370307167 0.080393202502844 0.05 0.05
0 0.4127791358350952 0.046496212121211876 0.05 0.05
0 0.45876222251585624 0.19448775546159247 0.05 0.05
0 0.6093964719873151 0.167003611698379 0.05 0.05
0 0.6490370639534885 0.17123194150810406 0.05 0.05
0 0.661722053382664 0.10569282945736411 0.05 0.05
0 0.7949144423890064 0.23888521846370664 0.05 0.05
0 0.8107706791754759 0.22831439393939376 0.05 0.05
0 0.8329694106765329 0.2135152396053557 0.05 0.05
0 0.8408975290697676 0.2579127026074699 0.05 0.05
0 0.5554852669133192 0.46932919309372784 0.05 0.05
