0 0.22697172619047618 0.05262896825396825 0.05 0.05
0 0.2269717261904761 0.08172949735449725 0.05 0.05
0 0.22300347222222214 0.14257605820105812 0.05 0.05
0 0.3103050595238095 0.08702050264550264 0.05 0.05
0 0.3737971230158729 0.08702050264550264 0.05 0.05
0 0.4432415674603174 0.203422619047619 0.05 0.05
0 0.46308283730158717 0.21400462962962952 0.05 0.05
0 0.5424479166666665 0.21665013227513227 0.05 0.05
0 0.615860615079365 0.22458664021164007 0.05 0.05
0 0.8083209325396823 0.18754960317460317 0.05 0.05
0 0.8122891865079362 0.17432208994708986 0.05 0.05
0 0.7944320436507935 0.2669146825396825 0.05 0.05
0 0.8162574404761902 0.3171792328042327 0.05 0.05
0 0.7845114087301586 0.32511574074074073 0.05 0.05
0 0.732924107142857 0.39125330687830673 0.05 0.05
0 0.5503844246031745 0.4679728835978835 0.05 0.05
0 0.5821304563492062 0.5050099206349206 0.05 0.05
0 0.5603050595238094 0.5235284391534392 0.05 0.05
0 0.4987971230158729 0.5341104497354496 0.05 0.05
0 0.38967013888888885 0.49971891534391527 0.05 0.05
0 0.40554315476190467 0.5341104497354496 0.05 0.05
0 0.24879712301587292 0.31982473544973544 0.05 0.05
0 0.1912574404761904 0.32511574074074073 0.05 0.05
0 0.26467013888888885 0.7563326719576718 0.05 0.05
0 0.2845114087301587 0.7854332010582009 0.05 0.05
0 0.35792410714285705 0.7960152116402116 0.05 0.05
0 0.3777653769841269 0.7827876984126984 0.05 0.05
0 0.4174479166666666 0.7378141534391534 0.05 0.05
0 0.4531622023809523 0.7457506613756613 0.05 0.05
0 0.4670510912698411 0.7483961640211639 0.05 0.05
