0 0.21029984956236322 0.11810950036469722 0.05 0.05
0 0.2907156044857768 0.08966311086797939 0.05 0.05
0 0.30712698304157554 0.08966311086797939 0.05 0.05
0 0.37441363512035014 0.09841584609773868 0.05 0.05
0 0.41215980579868716 0.09841584609773868 0.05 0.05
0 0.4499059764770242 0.19907230123997063 0.05 0.05
0 0.4564705278993436 0.22533050692924864 0.05 0.05
0 0.5483742478118162 0.2209541393143689 0.05 0.05
0 0.5664267642231948 0.19031956601021136 0.05 0.05
0 0.5582210749452955 0.10935676513493782 0.05 0.05
0 0.6632538977024071 0.2209541393143689 0.05 0.05
0 0.6911532412472648 0.17937864697301223 0.05 0.05
0 0.765004444748359 0.2340832421590078 0.05 0.05
0 0.8011094775711161 0.23189505835156807 0.05 0.05
0 0.8240854075492343 0.2625296316557256 0.05 0.05
0 0.8043917532822759 0.3019169401896425 0.05 0.05
0 0.8683961296498908 0.24502416119620693 0.05 0.05
0 0.7305405497811818 0.5272998723559444 0.05 0.05
0 0.7403873769146609 0.5119825857038658 0.05 0.05
0 0.551656523522976 0.4725952771699489 0.05 0.05
0 0.4991401121444202 0.533864423778264 0.05 0.05
0 0.39574842724288845 0.5097944018964259 0.05 0.05
0 0.39574842724288845 0.5251116885485048 0.05 0.05
0 0.4417002871991248 0.6410854303428155 0.05 0.05
0 0.4745230443107221 0.7286127826404083 0.05 0.05
0 0.42200663293216634 0.6629672684172138 0.05 0.05
0 0.4072363922319475 0.8051992159008025 0.05 0.05
0 0.30548584518599564 0.822704686360321 0.05 0.05
0 0.287433328774617 0.8183283187454413 0.05 0.05
0 0.13480750820568926 0.8423983406272794 0.05 0.05
0 0.18568278172866517 0.7767528264040846 0.05 0.05
0 0.21850553884026264 0.7526828045222466 0.05 0.05
0 0.07080313183807435 0.6388972465353755 0.05 0.05
0 0.006798755470459461 0.6760963712618526 0.05 0.05
0 0.12824295678336978 0.6082626732312181 0.05 0.05
0 0.2907156044857768 0.5426171590080232 0.05 0.05
0 0.20865871170678338 0.2953523887673229 0.05 0.05
0 0.2611751230853392 0.2865996535375637 0.05 0.05
0 0.30056243161925605 0.17500227935813265 0.05 0.05
0 0.3317440508752735 0.1596849927060538 0.05 0.05
0 0.3530788429978118 0.17719046316557238 0.05 0.05
0 0.22671122811816197 0.1596849927060538 0.05 0.05
0 0.39082501367614875 0.2384596097738875 0.05 0.05
0 0.3842604622538293 0.1881313822027715 0.05 0.05
