0 0.21792110278654042 0.14983241324921165 0.05 0.05
0 0.20004518270241847 0.13721411671924327 0.05 0.05
0 0.45241111330178746 0.2003055993690855 0.05 0.05
0 0.5565120596740272 0.2003055993690855 0.05 0.05
0 0.22843634989484748 0.10076126007711217 0.05 0.05
0 0.24631226997896943 0.07832873291272383 0.05 0.05
0 0.2631366653522607 0.09935922712933791 0.05 0.05
0 0.27470343717139845 0.09375109533824073 0.05 0.05
0 0.2925793572555204 0.09234906239046646 0.05 0.05
0 0.2841671595688748 0.06571043638275534 0.05 0.05
0 0.21686957807570972 0.38116784963196665 0.05 0.05
0 0.02864665483701371 0.7442943831055031 0.05 0.05
0 0.3577738893270241 0.7835513056431828 0.05 0.05
0 0.4040409766035751 0.5227731773571681 0.05 0.05
0 0.3966803036277601 0.5031447160883283 0.05 0.05
0 0.5102449723974762 0.5325874079915881 0.05 0.05
0 0.5480998619873815 0.517165045566071 0.05 0.05
0 0.5649242573606728 0.49753658429723124 0.05 0.05
0 0.5470483372765508 0.4694959253417457 0.05 0.05
0 0.7857444466351207 0.8270143270241852 0.05 0.05
0 0.8530420281282858 0.77934520679986 0.05 0.05
