0 0.31369153446389497 0.13342678701677607 0.05 0.05
0 0.37605477297592993 0.13123860320933609 0.05 0.05
0 0.31040925875273523 0.09622766229029894 0.05 0.05
0 0.44334142505470464 0.21220140408460963 0.05 0.05
0 0.4597528036105033 0.21220140408460963 0.05 0.05
0 0.5483742478118162 0.2209541393143689 0.05 0.05
0 0.6156608998905908 0.25815326404084604 0.05 0.05
0 0.6977177926695843 0.2997287563822026 0.05 0.05
0 0.7551576176148797 0.2909760211524433 0.05 0.05
0 0.5434508342450767 0.46821890955506923 0.05 0.05
0 0.5106280771334792 0.5272998723559444 0.05 0.05
0 0.400671840809628 0.5294880561633843 0.05 0.05
0 0.3596433944201313 0.5163589533187455 0.05 0.05
0 0.4482648386214443 0.6410854303428155 0.05 0.05
0 0.4417002871991248 0.7308009664478483 0.05 0.05
0 0.41872435722100665 0.7417418854850475 0.05 0.05
0 0.3826193243982494 0.785505561633844 0.05 0.05
0 0.32353836159737415 0.7789410102115244 0.05 0.05
0 0.25132829595185996 0.9036674872355945 0.05 0.05
0 0.18568278172866517 0.8971029358132749 0.05 0.05
0 0.22014667669584242 0.7876937454412837 0.05 0.05
0 0.010081031181619194 0.6892254741064915 0.05 0.05
0 0.08557337253829317 0.634520878920496 0.05 0.05
0 0.13316637035010936 0.58419265134938 0.05 0.05
