0 0.1918189858490566 0.10167059748427659 0.05 0.05
0 0.2720076650943397 0.09538128930817583 0.05 0.05
0 0.28144162735849065 0.09538128930817583 0.05 0.05
0 0.35848565251572334 0.08489910901467468 0.05 0.05
0 0.2877309355345913 0.14569575471698085 0.05 0.05
0 0.3270391116352202 0.18133516771488445 0.05 0.05
0 0.31131584119496863 0.19181734800838537 0.05 0.05
0 0.35848565251572334 0.17294942348008355 0.05 0.05
0 0.3663472877358491 0.24003537735849037 0.05 0.05
0 0.33332841981132083 0.24842112159329113 0.05 0.05
0 0.24685043238993715 0.2547104297693918 0.05 0.05
0 0.22641018081761013 0.3637251048218026 0.05 0.05
0 0.24056112421383652 0.3427607442348005 0.05 0.05
0 0.41666175314465426 0.33437499999999976 0.05 0.05
0 0.03144162735849058 0.4895112683438153 0.05 0.05
0 0.20596992924528307 0.747372903563941 0.05 0.05
0 0.27357999213836487 0.7452764675052409 0.05 0.05
0 0.5235799921383649 0.705444182389937 0.05 0.05
0 0.8018818789308177 0.8920269916142556 0.05 0.05
0 0.9182340801886795 0.8941234276729558 0.05 0.05
0 0.6823850235849058 0.3427607442348005 0.05 0.05
0 0.7767246462264152 0.2505175576519913 0.05 0.05
0 0.8207498034591196 0.26309617400419255 0.05 0.05
0 0.42229287790697684 0.17546027131782924 0.05 0.05
