0 0.1880627185314685 0.11904865967365978 0.05 0.05
0 0.21690887237762238 0.07359411421911423 0.05 0.05
0 0.23264313811188814 0.07359411421911423 0.05 0.05
0 0.22346481643356647 0.09632138694638688 0.05 0.05
0 0.23264313811188814 0.14177593240093234 0.05 0.05
0 0.2706676136363636 0.11030740093240089 0.05 0.05
0 0.31393684440559444 0.09806963869463867 0.05 0.05
0 0.34147180944055944 0.07883886946386945 0.05 0.05
0 0.3506501311188811 0.07883886946386945 0.05 0.05
0 0.44636691433566433 0.21170600233100234 0.05 0.05
0 0.4594788024475525 0.20820949883449877 0.05 0.05
0 0.4319438374125875 0.2536640442890442 0.05 0.05
0 0.4162095716783217 0.2536640442890442 0.05 0.05
0 0.3847410402097902 0.283384324009324 0.05 0.05
0 0.34933894230769236 0.22394376456876455 0.05 0.05
0 0.3191815996503497 0.25191579254079244 0.05 0.05
0 0.30344733391608397 0.25191579254079244 0.05 0.05
0 0.25624453671328673 0.2344332750582751 0.05 0.05
0 0.20773055069930071 0.262405303030303 0.05 0.05
0 0.23919908216783217 0.2886290792540792 0.05 0.05
0 0.2746011800699301 0.2886290792540792 0.05 0.05
0 0.3008249562937063 0.32009761072261067 0.05 0.05
0 0.22477600524475524 0.4040136946386947 0.05 0.05
0 0.3060697115384615 0.38128642191142187 0.05 0.05
0 0.35982845279720277 0.3847829254079253 0.05 0.05
0 0.04645432692307692 0.5770906177156178 0.05 0.05
0 0.3952305506993007 0.505412296037296 0.05 0.05
0 0.40178649475524486 0.5176500582750584 0.05 0.05
0 0.34147180944055944 0.853314393939394 0.05 0.05
0 0.45685642482517486 0.5368808275058276 0.05 0.05
0 0.5237270541958041 0.5421255827505828 0.05 0.05
0 0.5774857954545455 0.5176500582750584 0.05 0.05
0 0.5932200611888112 0.49667103729603734 0.05 0.05
0 0.5447060751748252 0.4652025058275058 0.05 0.05
0 0.7230277534965037 0.7519157925407925 0.05 0.05
0 0.7505627185314687 0.9040136946386946 0.05 0.05
0 0.99182145979021 0.9197479603729605 0.05 0.05
0 0.6666466346153846 0.4372304778554779 0.05 0.05
0 0.7230277534965037 0.40751019813519823 0.05 0.05
0 0.6863144667832168 0.2641535547785548 0.05 0.05
0 0.7072934877622379 0.09981789044289044 0.05 0.05
0 0.72696131993007 0.09981789044289044 0.05 0.05
