0 0.21774742336152214 0.05072454193093705 0.05 0.05
0 0.2288467891120507 0.046496212121211876 0.05 0.05
0 0.33825482293868925 0.08666534531360087 0.05 0.05
0 0.35252543604651165 0.09723616983791387 0.05 0.05
0 0.2669017573995772 0.10992115926708929 0.05 0.05
0 0.2827579941860465 0.10780699436222677 0.05 0.05
0 0.29702860729386893 0.09089367512332605 0.05 0.05
0 0.2843436178646934 0.09089367512332605 0.05 0.05
0 0.27165862843551797 0.09089367512332605 0.05 0.05
0 0.4302209963002115 0.19660192036645513 0.05 0.05
0 0.45559097515856245 0.19660192036645513 0.05 0.05
0 0.27007300475687107 0.207172744890768 0.05 0.05
0 0.30495672568710364 0.21774356941508088 0.05 0.05
0 0.27641549947145877 0.2642551973220576 0.05 0.05
0 0.24311740221987313 0.22197189922480595 0.05 0.05
0 0.24945989693446088 0.2705976920366453 0.05 0.05
0 0.21616179968287524 0.24311354827343182 0.05 0.05
0 0.2256755417547569 0.40379008104298786 0.05 0.05
0 0.2891004889006343 0.40590424594785046 0.05 0.05
0 0.30019985465116283 0.4799000176180408 0.05 0.05
0 0.5523140195560254 0.46721502818886523 0.05 0.05
0 0.21457617600422835 0.7949105884425651 0.05 0.05
0 0.7473457320295983 0.2642551973220576 0.05 0.05
0 0.7235613768498944 0.20505857998590535 0.05 0.05
0 0.7758869582452432 0.22197189922480595 0.05 0.05
0 0.780643829281184 0.19660192036645513 0.05 0.05
0 0.7965000660676533 0.17123194150810406 0.05 0.05
0 0.8393119053911207 0.2579127026074699 0.05 0.05
0 0.6696501717758986 0.16066111698379118 0.05 0.05
0 0.6204958377378437 0.16066111698379118 0.05 0.05
