0 0.09190950458052075 0.4830410237865639 0.05 0.05
0 0.13241095106075215 0.4586115798778528 0.05 0.05
0 0.2085922432497589 0.4560400594664095 0.05 0.05
0 0.18737719985535198 0.35446500321440055 0.05 0.05
0 0.29152377651880423 0.24903266634522664 0.05 0.05
0 0.32623930207328833 0.2503184265509483 0.05 0.05
0 0.3426327446962391 0.26574754901960795 0.05 0.05
0 0.41977835703953714 0.2567472275795564 0.05 0.05
0 0.44388636089681777 0.21303138058502094 0.05 0.05
0 0.27705897420443587 0.09088416104146582 0.05 0.05
0 0.28959513621022176 0.09602720186435233 0.05 0.05
0 0.23945048818707812 0.08959840083574425 0.05 0.05
0 0.3050242586788814 0.09731296207007402 0.05 0.05
0 0.34552570515911285 0.09988448248151727 0.05 0.05
0 0.5084958112343297 0.5331856718097076 0.05 0.05
0 0.5885343840405015 0.5074704676952748 0.05 0.05
0 0.5451399770973964 0.4701834217293475 0.05 0.05
0 0.4043492345708775 0.4701834217293475 0.05 0.05
0 0.3947060330279653 0.5010416666666667 0.05 0.05
0 0.4072421950337512 0.531899911603986 0.05 0.05
0 0.4467793213596914 0.654047131147541 0.05 0.05
0 0.40917083534233367 0.7479076261652202 0.05 0.05
0 0.34552570515911285 0.8031953150112504 0.05 0.05
0 0.27705897420443587 0.7710513098682096 0.05 0.05
0 0.7688622528929605 0.9394858968177435 0.05 0.05
0 0.7061814428640308 0.32103523786563815 0.05 0.05
0 0.6010705460462874 0.10245600289296052 0.05 0.05
0 0.5846771034233365 0.10502752330440378 0.05 0.05
