0 0.3985739563339731 0.07685740563019851 0.05 0.05
0 0.30548374520153554 0.09349208253358915 0.05 0.05
0 0.3457908469289828 0.09477167306461923 0.05 0.05
0 0.23062769913627643 0.10372880678182976 0.05 0.05
0 0.2335067778310941 0.0755778150991682 0.05 0.05
0 0.45231675863723614 0.2060960492642354 0.05 0.05
0 0.5108580254318619 0.5221549104286628 0.05 0.05
0 0.5434875839731287 0.4658529270633397 0.05 0.05
0 0.40625149952015366 0.5234345009596929 0.05 0.05
0 0.3908964131477927 0.506799824056302 0.05 0.05
0 0.4148887356046066 0.4786488323736405 0.05 0.05
0 0.5924319217850289 0.4658529270633397 0.05 0.05
0 0.6068273152591172 0.4799284229046705 0.05 0.05
0 0.259418486084453 0.7524812060140754 0.05 0.05
0 0.19799814059500961 0.7499220249520153 0.05 0.05
0 0.6682476607485606 0.10500839731285984 0.05 0.05
0 0.7565394073896354 0.11012675943698014 0.05 0.05
0 0.8102822096928982 0.2214511356365963 0.05 0.05
