0 0.130644551787592 0.35312719067648124 0.05 0.05
0 0.16744791666666664 0.34751905888538415 0.05 0.05
0 0.2273848251840168 0.3096641692954788 0.05 0.05
0 0.2063543309674027 0.22273812653347386 0.05 0.05
0 0.21686957807570972 0.20310966526463403 0.05 0.05
0 0.29888850552050467 0.22554219242902238 0.05 0.05
0 0.27680648659305984 0.1834812039957942 0.05 0.05
0 0.2841671595688748 0.2970458727655102 0.05 0.05
0 0.34410406808622496 0.28022147739221903 0.05 0.05
0 0.35041321635120914 0.23535642306344234 0.05 0.05
0 0.45135958859095676 0.2129238958990539 0.05 0.05
0 0.41981384726603566 0.48071218892393996 0.05 0.05
0 0.3956287789169294 0.5101548808271996 0.05 0.05
0 0.41560774842271286 0.5367935068349109 0.05 0.05
0 0.439792816771819 0.6994293287767265 0.05 0.05
0 0.45030806388012606 0.6854089992989837 0.05 0.05
0 0.49657515115667705 0.5297833420960394 0.05 0.05
0 0.5502029114090429 0.5227731773571681 0.05 0.05
0 0.5617696832281807 0.4989386172450055 0.05 0.05
0 0.5438937631440587 0.4722999912372944 0.05 0.05
0 0.7741776748159828 0.4989386172450055 0.05 0.05
0 0.8509389787066244 0.8045817998597968 0.05 0.05
0 0.9119274119348052 0.7737370750087629 0.05 0.05
0 0.9171850354889586 0.6265236154924643 0.05 0.05
0 0.8688148987907465 0.2844275762355418 0.05 0.05
0 0.838320682176656 0.29143774097441316 0.05 0.05
0 0.7888990207676128 0.25077878548895927 0.05 0.05
0 0.7678685265509986 0.2451706536978622 0.05 0.05
0 0.7710231006834907 0.2788194444444448 0.05 0.05
0 0.8288569597791795 0.17647103925692278 0.05 0.05
0 0.702673994479495 0.19329543463021417 0.05 0.05
0 0.6553553824921133 0.19609950052576272 0.05 0.05
0 0.6490462342271291 0.17647103925692278 0.05 0.05
0 0.6196035423238694 0.18628526989134275 0.05 0.05
0 0.6932102720820187 0.26339708201892775 0.05 0.05
0 0.27365191246056775 0.09795719418156364 0.05 0.05
0 0.2820641101472134 0.08954499649491794 0.05 0.05
0 0.23053939931650888 0.10076126007711217 0.05 0.05
0 0.18532383675078862 0.04327790921836699 0.05 0.05
0 0.3167644256046266 0.09935922712933791 0.05 0.05
0 0.3346403456887486 0.09795719418156364 0.05 0.05
0 0.354619315194532 0.08954499649491794 0.05 0.05
0 0.37354675998948467 0.08393686470382088 0.05 0.05
0 0.23264244873817028 0.2844275762355418 0.05 0.05
