0 0.3803397912667947 0.32893674024312225 0.05 0.05
0 0.3505893114203455 0.3391734644913627 0.05 0.05
0 0.5089386396353167 0.5311120441458733 0.05 0.05
0 0.5492457413627639 0.524714091490723 0.05 0.05
0 0.5646008277351248 0.49912228087012156 0.05 0.05
0 0.5444472768714013 0.46713251759436974 0.05 0.05
0 0.4072111924184261 0.5285528630838132 0.05 0.05
0 0.3976142634357006 0.5016814619321817 0.05 0.05
0 0.4168081214011517 0.4799284229046705 0.05 0.05
0 0.2642169505758158 0.8548484484964811 0.05 0.05
0 0.177844589731286 0.834375 0.05 0.05
0 0.4168081214011517 0.8266974568138197 0.05 0.05
0 0.5175758757197697 0.852289267434421 0.05 0.05
0 0.6020288507677545 0.8100627799104286 0.05 0.05
0 0.01277741122840691 0.9277851087651953 0.05 0.05
0 0.17880428262955855 0.5080794145873321 0.05 0.05
0 0.1212227087332054 0.3929162667946257 0.05 0.05
0 0.19223998320537433 0.3737224088291747 0.05 0.05
0 0.26325725767754327 0.1651491522712732 0.05 0.05
0 0.28916896593090213 0.16131038067818296 0.05 0.05
0 0.19991752639155475 0.17538587651951368 0.05 0.05
0 0.2104741482725528 0.0806961772232885 0.05 0.05
0 0.18360274712092134 0.07813699616122835 0.05 0.05
0 0.2699751079654511 0.09477167306461923 0.05 0.05
0 0.2910883517274473 0.09349208253358915 0.05 0.05
0 0.3697831693857966 0.0858145393474088 0.05 0.05
0 0.3822591770633398 0.07941658669225843 0.05 0.05
0 0.6845624400191939 0.1587511996161228 0.05 0.05
0 0.6077870081573897 0.17026751439539348 0.05 0.05
0 0.7555797144913629 0.4185080774152271 0.05 0.05
0 0.4484779870441459 0.2060960492642354 0.05 0.05
0 0.5550038987523993 0.09221249200255907 0.05 0.05
