0 0.22641018081761008 0.07651336477987414 0.05 0.05
0 0.2688630110062894 0.08280267295597454 0.05 0.05
0 0.2798693003144655 0.08489910901467468 0.05 0.05
0 0.35376867138364787 0.08280267295597454 0.05 0.05
0 0.4260957154088051 0.2421318134171905 0.05 0.05
0 0.3977938286163523 0.27986766247379435 0.05 0.05
0 0.394649174528302 0.18343160377358458 0.05 0.05
0 0.2798693003144655 0.18552803983228483 0.05 0.05
0 0.32861143867924536 0.33856787211740014 0.05 0.05
0 0.22641018081761013 0.32389281970649864 0.05 0.05
0 0.09747936320754719 0.4119431341719075 0.05 0.05
0 0.13207055817610067 0.42242531446540854 0.05 0.05
0 0.03615860849056605 0.5649829664570228 0.05 0.05
0 0.10062401729559749 0.585947327044025 0.05 0.05
0 0.38521521226415106 0.4958005765199159 0.05 0.05
0 0.5503095518867925 0.4622575995807125 0.05 0.05
0 0.4496806210691825 0.7851087526205449 0.05 0.05
