0 0.3112419025911709 0.9277851087651953 0.05 0.05
0 0.3553877759117083 0.7947076935380679 0.05 0.05
0 0.4667121521113244 0.7358465291106846 0.05 0.05
0 0.4052918066218811 0.5311120441458733 0.05 0.05
0 0.4004933421305183 0.505520233525272 0.05 0.05
0 0.4196872000959694 0.4812080134357006 0.05 0.05
0 0.5098983325335893 0.5311120441458733 0.05 0.05
0 0.5521248200575817 0.5157569577735124 0.05 0.05
0 0.5789962212092131 0.4965630998080614 0.05 0.05
0 0.5444472768714013 0.4696916986564299 0.05 0.05
0 0.7958868162188101 0.38907749520153545 0.05 0.05
0 0.6365777951055663 0.2278490882917467 0.05 0.05
0 0.6461747240882918 0.21761236404350606 0.05 0.05
0 0.703756297984645 0.10756757837491998 0.05 0.05
0 0.7479021713051824 0.12548184580934094 0.05 0.05
0 0.7651766434740884 0.12548184580934094 0.05 0.05
0 0.5598023632437621 0.21249400191938578 0.05 0.05
0 0.32179852447216895 0.21761236404350606 0.05 0.05
0 0.32179852447216895 0.1523532469609724 0.05 0.05
0 0.2690154150671785 0.17538587651951368 0.05 0.05
0 0.2642169505758158 0.25088171785028784 0.05 0.05
0 0.22582923464491364 0.22528990722968653 0.05 0.05
0 0.403372420825336 0.199698096609085 0.05 0.05
0 0.4446392154510558 0.20737563979526547 0.05 0.05
0 0.32659698896353173 0.07941658669225843 0.05 0.05
0 0.3102822096928983 0.07813699616122835 0.05 0.05
0 0.2939674304222649 0.07429822456813812 0.05 0.05
0 0.2718944937619962 0.09477167306461923 0.05 0.05
0 0.2450230926103647 0.0755778150991682 0.05 0.05
0 0.24310370681381963 0.058943138195777324 0.05 0.05
0 0.2335067778310941 0.08965331094049904 0.05 0.05
0 0.18456244001919392 0.12164307421625083 0.05 0.05
0 0.36018624040307107 0.07941658669225843 0.05 0.05
0 0.1826430542226488 0.09349208253358915 0.05 0.05
