0 0.24053534836065565 0.07481215846994568 0.05 0.05
0 0.2255080259562842 0.10395605646630238 0.05 0.05
0 0.23916922814207658 0.13492144808743162 0.05 0.05
0 0.32796704234972684 0.10213456284153004 0.05 0.05
0 0.35119108606557387 0.10031306921675771 0.05 0.05
0 0.3990052937158471 0.20595969945355191 0.05 0.05
0 0.30610911885245906 0.14767190346083783 0.05 0.05
0 0.3306992827868853 0.14767190346083783 0.05 0.05
0 0.34299436475409845 0.18774476320582872 0.05 0.05
0 0.24736594945355192 0.1859232695810564 0.05 0.05
0 0.2801528346994536 0.20960268670309645 0.05 0.05
0 0.18862278005464486 0.22781762295081964 0.05 0.05
0 0.14900529371584703 0.46643328779599263 0.05 0.05
0 0.08479764344262297 0.45368283242258656 0.05 0.05
0 0.03561731557377053 0.5065061475409837 0.05 0.05
0 0.24053534836065577 0.44639685792349726 0.05 0.05
0 0.311573599726776 0.41360997267759564 0.05 0.05
0 0.2828850751366121 0.38810906193078326 0.05 0.05
0 0.3935408128415301 0.5046846539162113 0.05 0.05
0 0.4140326161202186 0.532007058287796 0.05 0.05
0 0.23233862704918037 0.6558686247723133 0.05 0.05
0 0.31430584016393454 0.7542292805100181 0.05 0.05
0 0.2910817964480875 0.7979451275045537 0.05 0.05
0 0.3634861680327869 0.7979451275045537 0.05 0.05
0 0.38534409153005467 0.7888376593806922 0.05 0.05
0 0.4208632172131148 0.7542292805100181 0.05 0.05
0 0.4563823428961749 0.7341928506375228 0.05 0.05
0 0.6817921789617486 0.8853768214936247 0.05 0.05
0 0.7692238729508197 0.9108777322404371 0.05 0.05
0 0.9386227800546448 0.9491290983606557 0.05 0.05
0 0.5506446379781421 0.5283640710382513 0.05 0.05
0 0.5711364412568306 0.4882912112932605 0.05 0.05
0 0.5479123975409838 0.4627903005464481 0.05 0.05
0 0.6216828893442624 0.3717156193078324 0.05 0.05
0 0.6927211407103826 0.39357354280510015 0.05 0.05
0 0.7268741461748635 0.3753586065573771 0.05 0.05
0 0.44135502049180336 0.21142418032786878 0.05 0.05
0 0.4604807035519126 0.21142418032786878 0.05 0.05
0 0.7828850751366121 0.3735371129326047 0.05 0.05
0 0.8143058401639346 0.3899305555555555 0.05 0.05
0 0.8662184084699455 0.40085951730418945 0.05 0.05
0 0.7282402663934426 0.2004952185792349 0.05 0.05
0 0.7459998292349728 0.18228028233151186 0.05 0.05
