0 0.10909747176591375 0.38194515742642 0.05 0.05
0 0.14811184548254624 0.3970033367556468 0.05 0.05
0 0.1984198536960986 0.3066542607802875 0.05 0.05
0 0.20252662987679676 0.2299944387405887 0.05 0.05
0 0.25488802618069817 0.25600402121834354 0.05 0.05
0 0.27542190708418895 0.2299944387405887 0.05 0.05
0 0.3031426463039015 0.26695542436687203 0.05 0.05
0 0.36166420687885015 0.26284864818617387 0.05 0.05
0 0.38835825205338814 0.3093921115674197 0.05 0.05
0 0.33702354979466126 0.3217124401095141 0.05 0.05
0 0.28876892967145795 0.3614112765229296 0.05 0.05
0 0.4448264245379877 0.21767411019849423 0.05 0.05
0 0.45509336498973313 0.19303345311430534 0.05 0.05
0 0.29595578798767974 0.09310189938398353 0.05 0.05
0 0.2785019892197126 0.09310189938398353 0.05 0.05
0 0.6101241658110884 0.2217808863791923 0.05 0.05
0 0.6142309419917866 0.16291709445585217 0.05 0.05
0 0.588563590862423 0.16428601984941824 0.05 0.05
0 0.668645726386037 0.1793441991786447 0.05 0.05
0 0.5433890528747434 0.19577130390143746 0.05 0.05
0 0.7538613321355238 0.1875577515400411 0.05 0.05
0 0.7425676976386038 0.2806446783025324 0.05 0.05
0 0.7836354594455853 0.24915939425051334 0.05 0.05
0 0.7805553773100617 0.3080231861738535 0.05 0.05
0 0.8524239604722794 0.3381395448323066 0.05 0.05
0 0.6881529132443533 0.4202750684462698 0.05 0.05
0 0.6501652335728954 0.40111011293634496 0.05 0.05
0 0.5095081493839836 0.5297890999315538 0.05 0.05
0 0.5382555826488706 0.4764010095824778 0.05 0.05
0 0.4489332007186859 0.5284201745379877 0.05 0.05
0 0.5084814553388092 0.6461477583846681 0.05 0.05
0 0.5392822766940453 0.6324585044490075 0.05 0.05
0 0.5341488064681725 0.6078178473648187 0.05 0.05
0 0.2014999358316222 0.7419725359342916 0.05 0.05
0 0.8247032212525669 0.9610005989048598 0.05 0.05
0 0.63989829312115 0.21219840862422998 0.05 0.05
0 0.6347648228952772 0.19166452772073914 0.05 0.05
