0 0.4355867179284962 0.8143960304942168 0.05 0.05
0 0.5933154245531018 0.8424366894497022 0.05 0.05
0 0.8299084844900101 0.9153424027339644 0.05 0.05
0 0.4029894518927444 0.5353914738871366 0.05 0.05
0 0.3945772542060987 0.5101548808271996 0.05 0.05
0 0.41455622371188217 0.48491828776726276 0.05 0.05
0 0.5060388735541533 0.5339894409393623 0.05 0.05
0 0.5491513866982122 0.5241752103049424 0.05 0.05
0 0.56071815851735 0.501742683140554 0.05 0.05
0 0.542842238433228 0.48071218892393996 0.05 0.05
0 0.45451416272344886 0.3292926305643185 0.05 0.05
0 0.41350469900105136 0.3278905976165442 0.05 0.05
0 0.26629123948475286 0.3292926305643185 0.05 0.05
0 0.2589305665089379 0.21853202769015106 0.05 0.05
0 0.2946824066771818 0.2045116982124083 0.05 0.05
0 0.279961060725552 0.16245070977918014 0.05 0.05
0 0.308352227917981 0.16946087451805145 0.05 0.05
0 0.3577738893270241 0.20731576410795682 0.05 0.05
0 0.3872165812302838 0.18628526989134275 0.05 0.05
0 0.4303290943743427 0.2087177970557311 0.05 0.05
0 0.251569893533123 0.0671124693305296 0.05 0.05
0 0.27575496188222914 0.09234906239046646 0.05 0.05
0 0.2946824066771818 0.0909470294426922 0.05 0.05
0 0.3293827221345951 0.0909470294426922 0.05 0.05
0 0.354619315194532 0.09515312828601499 0.05 0.05
0 0.37459828470031536 0.08533889765159515 0.05 0.05
0 0.3861650565194531 0.05028807395723831 0.05 0.05
0 0.41560774842271286 0.04748400806168978 0.05 0.05
0 0.6027791469505781 0.26620114791447624 0.05 0.05
0 0.6322218388538379 0.22974829127234528 0.05 0.05
0 0.6711282531545739 0.21853202769015106 0.05 0.05
0 0.6364279376971607 0.25778895022783066 0.05 0.05
0 0.6826950249737116 0.19609950052576272 0.05 0.05
0 0.7289621122502626 0.25498488433228206 0.05 0.05
0 0.7636624277076758 0.18488323694356848 0.05 0.05
0 0.8004657925867505 0.18908933578689138 0.05 0.05
0 0.8088779902733961 0.2241401594812481 0.05 0.05
