0 0.21299055232558142 0.21562940451021836 0.05 0.05
0 0.22408991807610992 0.19871608527131765 0.05 0.05
0 0.28592924154334043 0.18814526074700477 0.05 0.05
0 0.27007300475687107 0.09300784002818858 0.05 0.05
0 0.2811723705073996 0.09512200493305123 0.05 0.05
0 0.2891004889006343 0.08877951021846352 0.05 0.05
0 0.33508357558139534 0.08877951021846352 0.05 0.05
0 0.3509398123678647 0.09723616983791387 0.05 0.05
0 0.4524197278012686 0.167003611698379 0.05 0.05
0 0.6204958377378437 0.16488944679351636 0.05 0.05
0 0.6522083113107823 0.167003611698379 0.05 0.05
0 0.6173245903805498 0.21562940451021836 0.05 0.05
0 0.7378319899577168 0.24945604298801954 0.05 0.05
0 0.780643829281184 0.21562940451021836 0.05 0.05
0 0.8234556686046514 0.17334610641296672 0.05 0.05
0 0.7743013345665963 0.29173934108527105 0.05 0.05
0 0.8107706791754759 0.3551642882311486 0.05 0.05
0 0.7441744846723045 0.38264843199436205 0.05 0.05
0 0.5523140195560254 0.46510086328400274 0.05 0.05
0 0.8852949920718818 0.7885680937279774 0.05 0.05
0 0.24945989693446088 0.8075955778717406 0.05 0.05
0 0.008445097780126809 0.5116124911909794 0.05 0.05
0 0.27324425211416487 0.42916005990133876 0.05 0.05
0 0.20189118657505284 0.34036513389711043 0.05 0.05
0 0.22091867071881605 0.34036513389711043 0.05 0.05
0 0.18603494978858348 0.10146449964763894 0.05 0.05
