0 0.20904173951048946 0.2221955128205129 0.05 0.05
0 0.22477600524475524 0.22219551282051278 0.05 0.05
0 0.23657670454545454 0.2781395687645688 0.05 0.05
0 0.2837795017482518 0.29562208624708625 0.05 0.05
0 0.3060697115384615 0.1662514568764569 0.05 0.05
0 0.27591236888111886 0.09806963869463867 0.05 0.05
0 0.2903354458041958 0.10506264568764566 0.05 0.05
0 0.3113144667832168 0.09806963869463867 0.05 0.05
0 0.3427829982517483 0.07709061771561766 0.05 0.05
0 0.35196131993006996 0.07883886946386945 0.05 0.05
0 0.34409418706293715 0.1714962121212121 0.05 0.05
0 0.4384997814685315 0.19072698135198132 0.05 0.05
0 0.608954326923077 0.29562208624708625 0.05 0.05
0 0.6915592220279722 0.2746430652680653 0.05 0.05
0 0.6037095716783216 0.4931745337995338 0.05 0.05
0 0.5433948863636363 0.4652025058275058 0.05 0.05
0 0.5827305506993008 0.5316360722610723 0.05 0.05
0 0.5276606206293707 0.5438738344988345 0.05 0.05
0 0.4594788024475525 0.5438738344988345 0.05 0.05
0 0.3912969842657343 0.5106570512820513 0.05 0.05
0 0.400475305944056 0.5298878205128206 0.05 0.05
0 0.33229348776223777 0.7484192890442891 0.05 0.05
