0 0.17810683139534883 0.05706703664552488 0.05 0.05
0 0.2748298757928119 0.09512200493305123 0.05 0.05
0 0.2843436178646934 0.09089367512332605 0.05 0.05
0 0.295442983615222 0.09089367512332605 0.05 0.05
0 0.33349795190274845 0.09089367512332605 0.05 0.05
0 0.34142607029598315 0.08455118040873835 0.05 0.05
0 0.4444916094080339 0.2135152396053557 0.05 0.05
0 0.45876222251585624 0.2135152396053557 0.05 0.05
0 0.46034784619450325 0.1902594256518673 0.05 0.05
0 0.3128848440803383 0.17334610641296672 0.05 0.05
0 0.27165862843551797 0.17546027131782924 0.05 0.05
0 0.2447030258985201 0.1902594256518673 0.05 0.05
0 0.19237744450317124 0.1902594256518673 0.05 0.05
0 0.27007300475687107 0.19871608527131765 0.05 0.05
0 0.29702860729386893 0.22831439393939376 0.05 0.05
0 0.2780011231501057 0.25157020789288204 0.05 0.05
0 0.21774742336152214 0.26636936222692026 0.05 0.05
0 0.33666919926004224 0.3657351127554615 0.05 0.05
0 0.5507283958773785 0.47355752290345293 0.05 0.05
0 0.6934345269556026 0.3234518146582098 0.05 0.05
0 0.8393119053911207 0.25579853770260735 0.05 0.05
0 0.5919546115221987 0.6173207364341083 0.05 0.05
0 0.4492484804439747 0.6278915609584212 0.05 0.05
0 0.514259051268499 0.6870881782945735 0.05 0.05
