0 0.18603494978858348 0.0930078400281887 0.05 0.05
0 0.23360366014799155 0.09300784002818858 0.05 0.05
0 0.246288649577167 0.08877951021846352 0.05 0.05
0 0.27165862843551797 0.09300784002818858 0.05 0.05
0 0.2811723705073996 0.09723616983791387 0.05 0.05
0 0.30654234936575053 0.09512200493305123 0.05 0.05
0 0.33508357558139534 0.09300784002818858 0.05 0.05
0 0.34142607029598315 0.0824370155038757 0.05 0.05
0 0.3667960491543341 0.1500902924594783 0.05 0.05
0 0.39058040433403807 0.20928690979563053 0.05 0.05
0 0.4460772330866808 0.21562940451021836 0.05 0.05
0 0.3493541886892178 0.20083025017618017 0.05 0.05
0 0.3081279730443975 0.167003611698379 0.05 0.05
0 0.27324425211416487 0.1902594256518673 0.05 0.05
0 0.23043241279069768 0.1902594256518673 0.05 0.05
0 0.27641549947145877 0.22620022903453124 0.05 0.05
0 0.31605609143763214 0.22620022903453124 0.05 0.05
0 0.18603494978858348 0.38687676180408725 0.05 0.05
0 0.2653161337209302 0.3911050916138123 0.05 0.05
0 0.344597317653277 0.4016759161381253 0.05 0.05
0 0.08931190539112048 0.5581241190979561 0.05 0.05
0 0.04332881871035939 0.6617181994362226 0.05 0.05
0 0.0354007003171247 0.7018873326286116 0.05 0.05
0 0.062356302854122594 0.7568556201550386 0.05 0.05
0 0.21933304704016915 0.6955448379140239 0.05 0.05
0 0.24945989693446088 0.7462847956307257 0.05 0.05
0 0.30495672568710364 0.765312279774489 0.05 0.05
0 0.4682759645877379 0.5538957892882309 0.05 0.05
0 0.5253584170190275 0.5390966349541929 0.05 0.05
0 0.538043406448203 0.46510086328400274 0.05 0.05
0 0.8297981633192391 0.5454391296687807 0.05 0.05
0 0.9059080998942919 0.5581241190979561 0.05 0.05
0 0.9201787130021144 0.7631981148696264 0.05 0.05
0 0.6189102140591967 0.3001960007047214 0.05 0.05
0 0.6664789244186047 0.27482602184637045 0.05 0.05
0 0.6696501717758986 0.16911777660324154 0.05 0.05
0 0.709290763742072 0.17123194150810406 0.05 0.05
0 0.7188045058139536 0.20083025017618017 0.05 0.05
0 0.7711300872093025 0.20928690979563053 0.05 0.05
0 0.8884662394291756 0.27905435165609566 0.05 0.05
0 0.7267326242071882 0.10569282945736411 0.05 0.05
0 0.7362463662790699 0.10569282945736411 0.05 0.05
0 0.7552738504228331 0.10569282945736411 0.05 0.05
