0 0.037058852523659355 0.5466077374693307 0.05 0.05
0 0.0812228903785489 0.5466077374693307 0.05 0.05
0 0.19373603443743423 0.3685495531019981 0.05 0.05
0 0.24841531940063083 0.3503231247809327 0.05 0.05
0 0.28837325841219763 0.3545292236242555 0.05 0.05
0 0.4608233109884331 0.7428923501577288 0.05 0.05
0 0.40824707544689787 0.5269792762004909 0.05 0.05
0 0.3956287789169294 0.5031447160883283 0.05 0.05
0 0.41560774842271286 0.4793101559761657 0.05 0.05
0 0.5091934476866455 0.5325874079915881 0.05 0.05
0 0.5575635843848579 0.5157630126182968 0.05 0.05
0 0.5806971280231333 0.4947325184016827 0.05 0.05
0 0.5449452878548894 0.46528982649842293 0.05 0.05
0 0.7268590628286012 0.6994293287767265 0.05 0.05
0 0.78469292192429 0.6713886698212409 0.05 0.05
0 0.692158747371188 0.19609950052576272 0.05 0.05
0 0.6490462342271291 0.21152186295127962 0.05 0.05
0 0.7173953404311249 0.15123444619698603 0.05 0.05
0 0.7605078535751837 0.16245070977918014 0.05 0.05
0 0.798362743165089 0.16245070977918014 0.05 0.05
0 0.7520956558885381 0.1119775236593064 0.05 0.05
0 0.702673994479495 0.12038972134595198 0.05 0.05
0 0.3125583267613038 0.14422428145811458 0.05 0.05
0 0.2841671595688748 0.14843038030143738 0.05 0.05
0 0.279961060725552 0.09234906239046646 0.05 0.05
0 0.2862702089905362 0.08393686470382088 0.05 0.05
0 0.251569893533123 0.07692669996494957 0.05 0.05
0 0.326228148002103 0.08814296354714367 0.05 0.05
0 0.37249523527865397 0.08814296354714367 0.05 0.05
0 0.2578790417981072 0.10076126007711217 0.05 0.05
