0 0.07995591410748562 0.48888555662188093 0.05 0.05
0 0.13273902351247605 0.5144773672424824 0.05 0.05
0 0.15289257437619966 0.5349508157389635 0.05 0.05
0 0.19223998320537433 0.5336712252079335 0.05 0.05
0 0.2613378718809981 0.44154070697376835 0.05 0.05
0 0.24022462811900197 0.28031230006397956 0.05 0.05
0 0.19128029030710175 0.28031230006397956 0.05 0.05
0 0.2882092730326296 0.28031230006397956 0.05 0.05
0 0.2853301943378119 0.22401031669865645 0.05 0.05
0 0.32947606765834936 0.31614083493282147 0.05 0.05
0 0.3966545705374281 0.2112144113883557 0.05 0.05
0 0.4446392154510558 0.25088171785028784 0.05 0.05
0 0.4465586012476008 0.21249400191938578 0.05 0.05
0 0.34291176823416514 0.09861044465770945 0.05 0.05
0 0.3064434380998081 0.09605126359564929 0.05 0.05
0 0.19319967610364688 0.04998600447856679 0.05 0.05
0 0.6384971809021114 0.15107365642994233 0.05 0.05
0 0.6634491962571978 0.1536328374920025 0.05 0.05
0 0.604907929462572 0.09221249200255907 0.05 0.05
0 0.5809156070057583 0.08965331094049904 0.05 0.05
0 0.686481825815739 0.3468510076775432 0.05 0.05
0 0.7373455494241844 0.36348568458093405 0.05 0.05
0 0.8467505398272553 0.7204914427383238 0.05 0.05
0 0.8707428622840692 0.7499220249520153 0.05 0.05
0 0.8333148392514396 0.42106725847728727 0.05 0.05
0 0.8832188699616124 0.42106725847728727 0.05 0.05
0 0.49934171065259125 0.5349508157389635 0.05 0.05
0 0.40145303502879087 0.5195957293666027 0.05 0.05
0 0.3908964131477927 0.5016814619321817 0.05 0.05
0 0.403372420825336 0.47353047024952016 0.05 0.05
0 0.5386891194817659 0.46713251759436974 0.05 0.05
