0 0.08343012063655032 0.4312264715947979 0.05 0.05
0 0.21484695841889123 0.26284864818617387 0.05 0.05
0 0.2528346380903491 0.25600402121834354 0.05 0.05
0 0.2877422356262834 0.23820799110198496 0.05 0.05
0 0.34831718429158115 0.23273228952772082 0.05 0.05
0 0.370904453285421 0.2258876625598905 0.05 0.05
0 0.4171056853182752 0.22314981177275836 0.05 0.05
0 0.4417463424024642 0.21219840862422998 0.05 0.05
0 0.4489332007186859 0.20535378165639978 0.05 0.05
0 0.2066334060574949 0.16976172142368237 0.05 0.05
0 0.2333274512320329 0.11363578028747436 0.05 0.05
0 0.2528346380903491 0.10405330253251203 0.05 0.05
0 0.27542190708418895 0.10268437713894585 0.05 0.05
0 0.2897956237166325 0.09720867556468171 0.05 0.05
0 0.29082231776180706 0.12321825804243668 0.05 0.05
0 0.3770646175564682 0.05750983915126622 0.05 0.05
0 0.6440050693018481 0.49830381587953465 0.05 0.05
0 0.5454424409650925 0.4750320841889117 0.05 0.05
0 0.50642806724846 0.506517368240931 0.05 0.05
0 0.4468798126283368 0.5229444729637236 0.05 0.05
0 0.38219808778234093 0.5010416666666667 0.05 0.05
0 0.38938494609856267 0.4791388603696099 0.05 0.05
0 0.47870732802874755 0.6132935489390829 0.05 0.05
0 0.49616112679671465 0.5777014887063655 0.05 0.05
0 0.19944654774127316 0.7638753422313485 0.05 0.05
0 0.7343541452772075 0.8542244182067079 0.05 0.05
0 0.9006785805954827 0.7980984770704997 0.05 0.05
0 0.8986251925051336 0.5954975188227242 0.05 0.05
0 0.9509865888090351 0.5530608316221766 0.05 0.05
0 0.8103295046201232 0.3066542607802875 0.05 0.05
0 0.33907693788501037 0.05614091375770016 0.05 0.05
