0 0.4489332007186859 0.7447103867214238 0.05 0.05
0 0.5146416196098563 0.670788415468857 0.05 0.05
0 0.45509336498973313 0.5667500855578371 0.05 0.05
0 0.437639566221766 0.5270512491444216 0.05 0.05
0 0.4058120508213553 0.5243133983572896 0.05 0.05
0 0.39041164014373725 0.49967274127310063 0.05 0.05
0 0.48076071611909654 0.506517368240931 0.05 0.05
0 0.5105348434291581 0.5270512491444216 0.05 0.05
0 0.5485225231006161 0.5229444729637236 0.05 0.05
0 0.5649496278234087 0.4969348904859686 0.05 0.05
0 0.5279886421971254 0.46955638261464755 0.05 0.05
0 0.7651549666324436 0.7885159993155374 0.05 0.05
0 0.22614059291581112 0.4681874572210815 0.05 0.05
0 0.2435943916837783 0.3792073066392882 0.05 0.05
0 0.17685927874743332 0.3545666495550993 0.05 0.05
0 0.22922067505133475 0.3490909479808352 0.05 0.05
0 0.2004732417864477 0.2806446783025324 0.05 0.05
0 0.24975455595482549 0.27380005133470225 0.05 0.05
0 0.2897956237166325 0.2505283196440794 0.05 0.05
0 0.32367652720739226 0.2258876625598905 0.05 0.05
0 0.36577098305954836 0.22041196098562638 0.05 0.05
0 0.38938494609856267 0.19166452772073914 0.05 0.05
0 0.3513972664271048 0.14922784052019164 0.05 0.05
0 0.450986588809035 0.20672270704996573 0.05 0.05
0 0.42634593172484603 0.25874187200547566 0.05 0.05
0 0.5516026052361397 0.19577130390143746 0.05 0.05
0 0.6162843300821356 0.2258876625598905 0.05 0.05
0 0.5957504491786448 0.06846124229979461 0.05 0.05
0 0.3493438783367557 0.08351942162902119 0.05 0.05
0 0.3247032212525668 0.10816007871321011 0.05 0.05
0 0.29390239989733064 0.09036404859685139 0.05 0.05
0 0.27542190708418895 0.09994652635181384 0.05 0.05
0 0.23024736909650928 0.11089792950034223 0.05 0.05
0 0.23024736909650928 0.06572339151266249 0.05 0.05
0 0.20766010010266944 0.06298554072553048 0.05 0.05
