0 0.19552960886214438 0.1553086250911742 0.05 0.05
0 0.28415105306345734 0.12029768417213696 0.05 0.05
0 0.3366674644420132 0.10935676513493782 0.05 0.05
0 0.30876812089715544 0.09841584609773868 0.05 0.05
0 0.43513573577680525 0.20782503646972994 0.05 0.05
0 0.4482648386214443 0.20782503646972994 0.05 0.05
0 0.5418096963894967 0.20782503646972994 0.05 0.05
0 0.2775865016411379 0.36975063822027704 0.05 0.05
0 0.03469809901531722 0.4485252552881108 0.05 0.05
0 0.036339236870897115 0.5251116885485048 0.05 0.05
0 0.08557337253829317 0.5076062180889861 0.05 0.05
0 0.13480750820568926 0.573251732312181 0.05 0.05
0 0.11183157822757109 0.6257681436907366 0.05 0.05
0 0.06587971827133475 0.6410854303428155 0.05 0.05
0 0.07080313183807435 0.7548709883296865 0.05 0.05
0 0.2234289524070022 0.6760963712618526 0.05 0.05
0 0.21522326312910284 0.7132954959883298 0.05 0.05
0 0.25296943380743986 0.8423983406272794 0.05 0.05
0 0.30056243161925605 0.8402101568198396 0.05 0.05
0 0.3317440508752735 0.8642801787016777 0.05 0.05
0 0.37933704868708973 0.8030110320933626 0.05 0.05
0 0.43021232221006567 0.7373655178701678 0.05 0.05
0 0.4466237007658644 0.7286127826404083 0.05 0.05
0 0.5106280771334792 0.973689369073669 0.05 0.05
0 0.4417002871991248 0.6367090627279358 0.05 0.05
0 0.39410728938730855 0.5054180342815463 0.05 0.05
0 0.413800943654267 0.5207353209336251 0.05 0.05
0 0.5106280771334792 0.5382407913931435 0.05 0.05
0 0.5549387992341358 0.47697164478482856 0.05 0.05
0 0.6681773112691467 0.571063548504741 0.05 0.05
0 0.7453107904814005 0.7658119073668855 0.05 0.05
0 0.8372145103938733 0.6979782093362509 0.05 0.05
0 0.8716784053610505 0.7920701130561635 0.05 0.05
0 0.9619409874179434 0.7220482312180889 0.05 0.05
