0 0.19713431553911204 0.03592538759689911 0.05 0.05
0 0.21933304704016915 0.05706703664552475 0.05 0.05
0 0.18762057346723043 0.08877951021846352 0.05 0.05
0 0.22408991807610992 0.08455118040873835 0.05 0.05
0 0.24311740221987313 0.10569282945736411 0.05 0.05
0 0.2637305100422833 0.10780699436222677 0.05 0.05
0 0.2748298757928119 0.09089367512332605 0.05 0.05
0 0.28592924154334043 0.09089367512332605 0.05 0.05
0 0.33666919926004224 0.09089367512332605 0.05 0.05
0 0.34301169397463005 0.08455118040873835 0.05 0.05
0 0.36996729651162796 0.1775744362226919 0.05 0.05
0 0.32239858615221995 0.17334610641296672 0.05 0.05
0 0.4635190935517971 0.19448775546159247 0.05 0.05
0 0.19871993921775896 0.1775744362226919 0.05 0.05
0 0.23360366014799155 0.3445934637068357 0.05 0.05
0 0.1717643366807611 0.3382509689922479 0.05 0.05
0 0.19871993921775896 0.5623524489076813 0.05 0.05
0 0.17334996035940803 0.7378281360112754 0.05 0.05
0 0.6744070428118394 0.46932919309372784 0.05 0.05
0 0.5491427721987316 0.46721502818886523 0.05 0.05
0 0.6093964719873151 0.2832826814658208 0.05 0.05
0 0.5665846326638478 0.1226061486962647 0.05 0.05
0 0.5808552457716702 0.10780699436222677 0.05 0.05
0 0.5982971062367866 0.11414948907681446 0.05 0.05
0 0.6426945692389008 0.22620022903453124 0.05 0.05
0 0.661722053382664 0.2705976920366453 0.05 0.05
0 0.7505169793868923 0.28539684637068347 0.05 0.05
0 0.7822294529598309 0.287511011275546 0.05 0.05
0 0.7283182478858352 0.4376167195207891 0.05 0.05
