0 0.5089386396353167 0.5298324536148432 0.05 0.05
0 0.5444472768714013 0.4748100607805502 0.05 0.05
0 0.4052918066218811 0.5195957293666027 0.05 0.05
0 0.3956948776391555 0.505520233525272 0.05 0.05
0 0.41296934980806144 0.4786488323736405 0.05 0.05
0 0.2642169505758158 0.7512016154830454 0.05 0.05
0 0.20471599088291753 0.7396853007037748 0.05 0.05
0 0.195119061900192 0.17026751439539348 0.05 0.05
0 0.23638585652591174 0.1587511996161228 0.05 0.05
0 0.30932251679462575 0.1638695617402431 0.05 0.05
0 0.313161288387716 0.09733085412667937 0.05 0.05
0 0.34962961852207297 0.1011696257197696 0.05 0.05
0 0.19223998320537433 0.0858145393474088 0.05 0.05
0 0.44751829414587335 0.2112144113883557 0.05 0.05
0 0.6682476607485606 0.1536328374920025 0.05 0.05
0 0.6922399832053744 0.14467570377479197 0.05 0.05
0 0.712393534069098 0.13955734165067177 0.05 0.05
0 0.6701670465451056 0.11140634996801022 0.05 0.05
