0 0.2795867468287526 0.09089367512332618 0.05 0.05
0 0.2906861125792812 0.09300784002818858 0.05 0.05
0 0.2986142309725158 0.08877951021846352 0.05 0.05
0 0.33666919926004224 0.09089367512332605 0.05 0.05
0 0.344597317653277 0.0824370155038757 0.05 0.05
0 0.21299055232558137 0.22408606412966858 0.05 0.05
0 0.3097135967230444 0.27905435165609566 0.05 0.05
0 0.44132036205074004 0.207172744890768 0.05 0.05
0 0.4508341041226216 0.20928690979563053 0.05 0.05
0 0.45559097515856245 0.1923735905567298 0.05 0.05
0 0.6204958377378437 0.46510086328400274 0.05 0.05
0 0.5523140195560254 0.46510086328400274 0.05 0.05
0 0.4476628567653277 0.6257773960535588 0.05 0.05
0 0.21774742336152214 0.7547414552501761 0.05 0.05
0 0.7822294529598309 0.8625638653981677 0.05 0.05
0 0.7521026030655392 0.3784201021846369 0.05 0.05
0 0.8297981633192391 0.3889909267089498 0.05 0.05
0 0.8297981633192391 0.4608725334742774 0.05 0.05
0 0.7727157108879494 0.4503017089499645 0.05 0.05
