0 0.04749582905544149 0.6926912217659136 0.05 0.05
0 0.04646913501026696 0.5024105920602328 0.05 0.05
0 0.22511389887063657 0.41479936687200547 0.05 0.05
0 0.37603792351129367 0.8254769849418208 0.05 0.05
0 0.4479065066735114 0.5311580253251198 0.05 0.05
0 0.49616112679671465 0.5380026522929501 0.05 0.05
0 0.5474958290554415 0.5243133983572896 0.05 0.05
0 0.5649496278234087 0.5024105920602328 0.05 0.05
0 0.5495492171457906 0.4668185318275154 0.05 0.05
0 0.5947237551334703 0.5886528918548939 0.05 0.05
0 0.6173110241273101 0.6119246235455169 0.05 0.05
0 0.668645726386037 0.6078178473648187 0.05 0.05
0 0.7281939810061603 0.9760587782340864 0.05 0.05
0 0.7559147202258728 0.45997390485968526 0.05 0.05
0 0.45817344712525676 0.20535378165639978 0.05 0.05
0 0.4396929543121151 0.21904303559206018 0.05 0.05
0 0.40889213295687893 0.20261593086926766 0.05 0.05
0 0.34626379620123215 0.21904303559206018 0.05 0.05
0 0.3257299152977413 0.19850915468856947 0.05 0.05
0 0.27336851899383985 0.2039848562628336 0.05 0.05
0 0.22100712268993844 0.2299944387405887 0.05 0.05
0 0.1963664656057495 0.22314981177275836 0.05 0.05
0 0.22408720482546207 0.14648998973305952 0.05 0.05
0 0.24975455595482549 0.07530586926762493 0.05 0.05
0 0.28055537731006164 0.10268437713894585 0.05 0.05
0 0.29390239989733064 0.08762619780971939 0.05 0.05
0 0.27336851899383985 0.07530586926762493 0.05 0.05
0 0.5516026052361397 0.18481990075290894 0.05 0.05
0 0.5711097920944559 0.09994652635181384 0.05 0.05
0 0.5782966504106777 0.03560703285420944 0.05 0.05
0 0.5608428516427105 0.039713809034907635 0.05 0.05
