0 0.23507086748633874 0.0365607923497271 0.05 0.05
0 0.2992785177595629 0.12034949908925323 0.05 0.05
0 0.3184042008196722 0.10577755009107458 0.05 0.05
0 0.2255080259562842 0.11670651183970857 0.05 0.05
0 0.20365010245901644 0.06752618397085612 0.05 0.05
0 0.1872566598360656 0.11488501821493623 0.05 0.05
0 0.2063823428961749 0.22599612932604743 0.05 0.05
0 0.28425119535519133 0.2241746357012751 0.05 0.05
0 0.3334315232240438 0.20778119307832424 0.05 0.05
0 0.3607539275956285 0.20778119307832424 0.05 0.05
0 0.4399889002732241 0.21688866120218578 0.05 0.05
0 0.45774846311475414 0.21506716757741345 0.05 0.05
0 0.3648522882513662 0.28792691256830594 0.05 0.05
0 0.3074752390710383 0.2861054189435336 0.05 0.05
0 0.2063823428961749 0.29521288706739524 0.05 0.05
0 0.19681950136612025 0.40085951730418945 0.05 0.05
0 0.12851349043715848 0.39903802367941715 0.05 0.05
0 0.12578125000000004 0.5192566029143898 0.05 0.05
0 0.26239327185792355 0.5739014116575591 0.05 0.05
0 0.23916922814207658 0.6576901183970857 0.05 0.05
0 0.39627305327868856 0.5083276411657559 0.05 0.05
0 0.40856813524590174 0.5356500455373406 0.05 0.05
0 0.4645790642076504 0.6813695355191257 0.05 0.05
0 0.40446977459016403 0.752407786885246 0.05 0.05
0 0.37851349043715854 0.7797301912568307 0.05 0.05
0 0.3293331625683061 0.7669797358834245 0.05 0.05
0 0.43862278005464483 0.8143385701275047 0.05 0.05
0 0.5465462773224046 0.5265425774134791 0.05 0.05
0 0.5738686816939891 0.497398679417122 0.05 0.05
0 0.5451801571038253 0.46096880692167574 0.05 0.05
0 0.6380763319672133 0.5338285519125684 0.05 0.05
0 0.7323386270491804 0.561150956284153 0.05 0.05
0 0.770589993169399 0.532007058287796 0.05 0.05
0 0.8279670423497268 0.4846482240437158 0.05 0.05
0 0.8880763319672133 0.4810052367941713 0.05 0.05
0 0.7569287909836065 0.2587830145719489 0.05 0.05
0 0.7132129439890711 0.24785405282331516 0.05 0.05
0 0.6722293374316941 0.253318533697632 0.05 0.05
0 0.8771473702185792 0.5556864754098361 0.05 0.05
0 0.7828850751366121 0.5866518670309654 0.05 0.05
0 0.8716828893442624 0.9782729963570128 0.05 0.05
0 0.974141905737705 0.9454861111111111 0.05 0.05
