0 0.26017810314685313 0.08233537296037301 0.05 0.05
0 0.27591236888111886 0.09457313519813511 0.05 0.05
0 0.2877130681818182 0.09632138694638688 0.05 0.05
0 0.31262565559440564 0.09457313519813511 0.05 0.05
0 0.34016062062937064 0.09457313519813511 0.05 0.05
0 0.34802775349650356 0.08408362470862467 0.05 0.05
0 0.35982845279720277 0.08758012820512823 0.05 0.05
0 0.19068509615384616 0.14177593240093234 0.05 0.05
0 0.2300207604895105 0.25716054778554776 0.05 0.05
0 0.2772235576923077 0.25191579254079244 0.05 0.05
0 0.3073809003496504 0.21520250582750577 0.05 0.05
0 0.3624508304195805 0.21170600233100234 0.05 0.05
0 0.3899857954545455 0.21170600233100234 0.05 0.05
0 0.31262565559440564 0.26590180652680645 0.05 0.05
0 0.4358774038461538 0.20471299533799533 0.05 0.05
0 0.4450557255244755 0.21520250582750577 0.05 0.05
0 0.25231097027972027 0.41799970862470864 0.05 0.05
0 0.30869208916083923 0.42499271561771557 0.05 0.05
0 0.26411166958041965 0.7624053030303031 0.05 0.05
0 0.3047585227272727 0.7659018065268065 0.05 0.05
0 0.37162915209790215 0.8166011072261073 0.05 0.05
0 0.35196131993006996 0.9372304778554779 0.05 0.05
0 0.5263494318181818 0.5456220862470862 0.05 0.05
0 0.45685642482517486 0.5386290792540792 0.05 0.05
0 0.5473284527972029 0.4739437645687646 0.05 0.05
0 0.7610522290209791 0.1645032051282051 0.05 0.05
0 0.7676081730769232 0.1295381701631701 0.05 0.05
0 0.9275732080419582 0.554363344988345 0.05 0.05
