0 0.18427231203995792 0.09375109533824073 0.05 0.05
0 0.22107567691903257 0.10496735892043496 0.05 0.05
0 0.23053939931650888 0.08954499649491794 0.05 0.05
0 0.251569893533123 0.09375109533824073 0.05 0.05
0 0.27890953601472124 0.08814296354714367 0.05 0.05
0 0.29573393138801257 0.0909470294426922 0.05 0.05
0 0.32307357386961083 0.08253483175604662 0.05 0.05
0 0.33674339511041 0.14422428145811458 0.05 0.05
0 0.354619315194532 0.14422428145811458 0.05 0.05
0 0.3682891364353312 0.17647103925692278 0.05 0.05
0 0.45241111330178746 0.2045116982124083 0.05 0.05
0 0.2610336159305993 0.15263647914476028 0.05 0.05
0 0.205302806256572 0.16665680862250293 0.05 0.05
0 0.27680648659305984 0.23255235716789383 0.05 0.05
0 0.6238096411671922 0.10917345776375775 0.05 0.05
0 0.6616645307570976 0.12459582018927477 0.05 0.05
0 0.6795404508412195 0.08674093059936941 0.05 0.05
0 0.6984678956361722 0.11337955660708067 0.05 0.05
0 0.5491513866982122 0.18488323694356848 0.05 0.05
0 0.5459968125657201 0.47089795828951997 0.05 0.05
0 0.5659757820715035 0.496134551349457 0.05 0.05
0 0.5480998619873815 0.5157630126182968 0.05 0.05
0 0.5091934476866455 0.5339894409393623 0.05 0.05
0 0.44399891561514176 0.5269792762004909 0.05 0.05
0 0.40614402602523647 0.5283813091482652 0.05 0.05
0 0.3924742047844373 0.5087528478794253 0.05 0.05
0 0.3146613761829652 0.790561470382054 0.05 0.05
0 0.3356918703995793 0.8186021293375396 0.05 0.05
0 0.4324321437960041 0.7891594374342799 0.05 0.05
0 0.5670273067823342 0.8690753154574133 0.05 0.05
0 0.5544090102523658 0.9307647651594814 0.05 0.05
0 0.053883247896950606 0.7134496582544692 0.05 0.05
