0 0.13800522476340693 0.7527065807921488 0.05 0.05
0 0.4050925013144058 0.5283813091482652 0.05 0.05
0 0.393525729495268 0.5059487819838768 0.05 0.05
0 0.393525729495268 0.4835162548194885 0.05 0.05
0 0.014976833596214555 0.5325874079915881 0.05 0.05
0 0.05703782202944272 0.5227731773571681 0.05 0.05
0 0.16639639195583594 0.4765060900806172 0.05 0.05
0 0.17480858964248158 0.3587353224675783 0.05 0.05
0 0.19794213328075708 0.264799114966702 0.05 0.05
0 0.24631226997896943 0.25077878548895927 0.05 0.05
0 0.28942478312302833 0.23255235716789383 0.05 0.05
0 0.30099155494216606 0.18207917104801996 0.05 0.05
0 0.34725864221871705 0.1680588415702772 0.05 0.05
0 0.3388464445320714 0.22273812653347386 0.05 0.05
0 0.3346403456887486 0.3461170259376098 0.05 0.05
0 0.27785801130389054 0.332096696459867 0.05 0.05
0 0.44399891561514176 0.21152186295127962 0.05 0.05
0 0.4744931322292322 0.7625208114265687 0.05 0.05
0 0.4723900828075708 0.6685846039256924 0.05 0.05
0 0.5060388735541533 0.5409996056782337 0.05 0.05
0 0.5491513866982122 0.5213711444093938 0.05 0.05
0 0.5596666338065193 0.4877223536628113 0.05 0.05
0 0.5438937631440587 0.4666918594461972 0.05 0.05
0 0.7300136369610933 0.6517602085524012 0.05 0.05
0 0.9319063814405887 0.655966307395724 0.05 0.05
0 0.8845877694532067 0.4905264195583598 0.05 0.05
0 0.8351661080441637 0.5045467490361025 0.05 0.05
0 0.759456328864353 0.43023900280406624 0.05 0.05
0 0.7047770439011564 0.4498674640729059 0.05 0.05
0 0.8109810396950575 0.38397191552751514 0.05 0.05
0 0.8477844045741321 0.38537394847528944 0.05 0.05
0 0.7205499145636169 0.2704072467577992 0.05 0.05
0 0.7605078535751837 0.20591373116018255 0.05 0.05
0 0.6784889261303888 0.19329543463021417 0.05 0.05
0 0.6238096411671922 0.15123444619698603 0.05 0.05
0 0.27365191246056775 0.09935922712933791 0.05 0.05
0 0.2831156348580441 0.0909470294426922 0.05 0.05
0 0.21266347923238693 0.06010230459165828 0.05 0.05
0 0.19478755914826493 0.12038972134595198 0.05 0.05
0 0.3073007032071503 0.10076126007711217 0.05 0.05
0 0.32307357386961083 0.10636939186820922 0.05 0.05
0 0.35041321635120914 0.08954499649491794 0.05 0.05
0 0.3693406611461619 0.08814296354714367 0.05 0.05
0 0.35251626577287054 0.048886041009464046 0.05 0.05
0 0.24631226997896943 0.1035653259726607 0.05 0.05
