0 0.45556568743427955 0.7737370750087629 0.05 0.05
0 0.4618748356992638 0.6980272958289522 0.05 0.05
0 0.41771079784437426 0.5409996056782337 0.05 0.05
0 0.40614402602523647 0.5059487819838768 0.05 0.05
0 0.41245317429022066 0.4694959253417457 0.05 0.05
0 0.5028842994216612 0.5409996056782337 0.05 0.05
0 0.5502029114090429 0.5283813091482652 0.05 0.05
0 0.5596666338065193 0.5003406501927797 0.05 0.05
0 0.5417907137223973 0.4596816947073259 0.05 0.05
0 0.5880578009989483 0.5816585611636875 0.05 0.05
0 0.6595614813354361 0.6293276813880128 0.05 0.05
0 0.7405288840694004 0.7400882842621803 0.05 0.05
0 0.7794352983701365 0.655966307395724 0.05 0.05
0 0.8477844045741321 0.6447500438135297 0.05 0.05
0 0.91928808491062 0.7008313617245007 0.05 0.05
0 0.6669221543112511 0.28022147739221903 0.05 0.05
0 0.6879526485278651 0.187687302839117 0.05 0.05
0 0.6690252037329125 0.15964664388363162 0.05 0.05
0 0.6784889261303888 0.15403851209253455 0.05 0.05
0 0.290476307833859 0.2451706536978622 0.05 0.05
0 0.3335888209779179 0.23956252190676514 0.05 0.05
0 0.3409494939537328 0.19890356642131124 0.05 0.05
0 0.3556708399053627 0.187687302839117 0.05 0.05
0 0.45766873685594095 0.2199340606379253 0.05 0.05
0 0.2578790417981072 0.1077714248159835 0.05 0.05
0 0.19899365799158777 0.09234906239046646 0.05 0.05
0 0.26839428890641426 0.09515312828601499 0.05 0.05
0 0.27890953601472124 0.09234906239046646 0.05 0.05
0 0.29678545609884327 0.14983241324921165 0.05 0.05
0 0.3157129008937959 0.09795719418156364 0.05 0.05
0 0.3283311974237644 0.09795719418156364 0.05 0.05
0 0.3693406611461619 0.08253483175604662 0.05 0.05
0 0.37775285883280746 0.08533889765159515 0.05 0.05
