0 0.007978946737044135 0.6206833813179783 0.05 0.05
0 0.3112419025911709 0.28926943378118997 0.05 0.05
0 0.2690154150671785 0.2560000799744081 0.05 0.05
0 0.23062769913627643 0.2457633557261675 0.05 0.05
0 0.21239353406909794 0.2969469769673703 0.05 0.05
0 0.32563729606525915 0.2265694977607166 0.05 0.05
0 0.36690409069097896 0.2560000799744081 0.05 0.05
0 0.3448311540307102 0.19713891554702484 0.05 0.05
0 0.32851637476007683 0.14211652271273192 0.05 0.05
0 0.28724958013435703 0.14211652271273192 0.05 0.05
0 0.3083628238963532 0.09221249200255907 0.05 0.05
0 0.259418486084453 0.08453494881637873 0.05 0.05
0 0.22870831333973132 0.07813699616122835 0.05 0.05
0 0.2267889275431862 0.06150231925783747 0.05 0.05
0 0.20663537667946258 0.055104366602687097 0.05 0.05
0 0.18648182581573897 0.10500839731285984 0.05 0.05
0 0.44943767994241846 0.2112144113883557 0.05 0.05
0 0.38321886996161236 0.18306341970569412 0.05 0.05
0 0.394735184740883 0.17666546705054376 0.05 0.05
0 0.4158484285028791 0.4799284229046705 0.05 0.05
0 0.3937754918426104 0.5093590051183622 0.05 0.05
0 0.413929042706334 0.5272732725527831 0.05 0.05
0 0.4455989083493283 0.5336712252079335 0.05 0.05
0 0.5098983325335893 0.5387895873320537 0.05 0.05
0 0.5607620561420347 0.524714091490723 0.05 0.05
0 0.5646008277351248 0.49400391874600125 0.05 0.05
0 0.7306276991362765 0.13060020793346125 0.05 0.05
0 0.7747735724568139 0.10372880678182976 0.05 0.05
0 0.7757332653550864 0.0858145393474088 0.05 0.05
0 0.36210562619961617 0.08197576775431857 0.05 0.05
0 0.3313954534548945 0.08709412987843888 0.05 0.05
