0 0.27641549947145877 0.09089367512332618 0.05 0.05
0 0.28592924154334043 0.09300784002818858 0.05 0.05
0 0.295442983615222 0.09089367512332605 0.05 0.05
0 0.33666919926004224 0.08877951021846352 0.05 0.05
0 0.35569668340380556 0.08666534531360087 0.05 0.05
0 0.4508341041226216 0.2135152396053557 0.05 0.05
0 0.4302209963002115 0.1923735905567298 0.05 0.05
0 0.46193346987315015 0.19448775546159247 0.05 0.05
0 0.2272611654334038 0.2705976920366453 0.05 0.05
0 0.2621448863636363 0.27271185694150796 0.05 0.05
0 0.5443859011627907 0.46721502818886523 0.05 0.05
0 0.17969245507399575 0.6194349013389711 0.05 0.05
0 0.21616179968287524 0.6574898696264974 0.05 0.05
0 0.19713431553911204 0.7441706307258632 0.05 0.05
0 0.3097135967230444 0.7441706307258632 0.05 0.05
0 0.5459715248414377 0.7166864869626496 0.05 0.05
0 0.709290763742072 0.7526272903453134 0.05 0.05
0 0.6474514402748415 0.8773630197322058 0.05 0.05
0 0.7521026030655392 0.5961790873854826 0.05 0.05
0 0.8075994318181821 0.7103439922480619 0.05 0.05
