0 0.3186149480306345 0.16843772793581321 0.05 0.05
0 0.3547199808533917 0.16843772793581308 0.05 0.05
0 0.4499059764770242 0.19907230123997063 0.05 0.05
0 0.2644573987964989 0.15312044128373437 0.05 0.05
0 0.23163464168490155 0.16624954412837323 0.05 0.05
0 0.25132829595185996 0.21438958789204948 0.05 0.05
0 0.1807593681619256 0.1640613603209335 0.05 0.05
0 0.1922473331509847 0.39382066010211514 0.05 0.05
0 0.14957774890590808 0.3281751458789203 0.05 0.05
0 0.3678490836980306 0.037146699489423556 0.05 0.05
0 0.6238665891684902 0.24502416119620693 0.05 0.05
0 0.6550482084245077 0.21657777169948922 0.05 0.05
0 0.6616127598468272 0.41351431436907354 0.05 0.05
0 0.7059234819474837 0.36537427060539746 0.05 0.05
0 0.765004444748359 0.34349243253099915 0.05 0.05
0 0.7978272018599564 0.3303633296863602 0.05 0.05
0 0.5450919721006565 0.21438958789204948 0.05 0.05
0 0.7190525847921226 0.14874407366885467 0.05 0.05
0 0.7469519283369803 0.14874407366885467 0.05 0.05
0 0.7453107904814005 0.17719046316557238 0.05 0.05
0 0.7206937226477025 0.1881313822027715 0.05 0.05
0 0.7929037882932166 0.406949762946754 0.05 0.05
0 0.8175208561269148 0.4178906819839531 0.05 0.05
0 0.7305405497811818 0.42007886579139303 0.05 0.05
0 0.5089869392778994 0.5360526075857038 0.05 0.05
0 0.551656523522976 0.470407093362509 0.05 0.05
0 0.39574842724288845 0.5032298504741065 0.05 0.05
0 0.39574842724288845 0.5185471371261852 0.05 0.05
0 0.4482648386214443 0.5885690189642595 0.05 0.05
0 0.4417002871991248 0.6454617979576952 0.05 0.05
0 0.5352451449671773 0.7636237235594457 0.05 0.05
0 0.3497965672866521 0.759247355944566 0.05 0.05
0 0.2053764359956236 0.7373655178701678 0.05 0.05
0 0.20373529814004382 0.772376458789205 0.05 0.05
0 0.04946833971553606 0.6388972465353755 0.05 0.05
0 0.12167840536105032 0.6016981218088986 0.05 0.05
0 0.11019044037199122 0.5360526075857038 0.05 0.05
