0 0.7374342274127311 0.3217124401095139 0.05 0.05
0 0.7384609214579057 0.4052168891170432 0.05 0.05
0 0.746674473819302 0.43807109856262844 0.05 0.05
0 0.7856888475359345 0.44217787474332654 0.05 0.05
0 0.8298366914784395 0.3367706194387407 0.05 0.05
0 0.5105348434291581 0.533895876112252 0.05 0.05
0 0.45714675308008224 0.5270512491444216 0.05 0.05
0 0.3606375128336756 0.5024105920602328 0.05 0.05
0 0.4006785805954826 0.4859834873374402 0.05 0.05
0 0.47254716375770023 0.6146624743326489 0.05 0.05
0 0.493081044661191 0.6023421457905545 0.05 0.05
0 0.5474958290554415 0.4791388603696099 0.05 0.05
0 0.21382026437371668 0.7542928644763861 0.05 0.05
0 0.19328638347022592 0.5051484428473648 0.05 0.05
0 0.13168474075975362 0.5051484428473648 0.05 0.05
0 0.014641619609856271 0.5735947125256674 0.05 0.05
0 0.2928757058521561 0.21219840862422998 0.05 0.05
0 0.2661816606776181 0.21082948323066392 0.05 0.05
0 0.2877422356262834 0.10952900410677617 0.05 0.05
0 0.2785019892197126 0.09857760095824777 0.05 0.05
0 0.29184901180698153 0.08762619780971939 0.05 0.05
0 0.2056067120123204 0.08078157084188907 0.05 0.05
0 0.18096605492813148 0.11089792950034223 0.05 0.05
0 0.44277303644763866 0.22451873716632445 0.05 0.05
0 0.453039976899384 0.20535378165639978 0.05 0.05
0 0.3493438783367557 0.18208204996577682 0.05 0.05
0 0.5505759111909652 0.1902956023271732 0.05 0.05
