0 0.22012087264150942 0.07651336477987414 0.05 0.05
0 0.2043976022012579 0.1352135744234798 0.05 0.05
0 0.27357999213836487 0.09328485324947558 0.05 0.05
0 0.2861586084905661 0.09328485324947558 0.05 0.05
0 0.30659886006289316 0.13311713836477956 0.05 0.05
0 0.35848565251572334 0.08280267295597454 0.05 0.05
0 0.4308126965408806 0.22116745283018843 0.05 0.05
0 0.37578125000000007 0.24422824947589064 0.05 0.05
0 0.25785672169811324 0.26728904612159304 0.05 0.05
0 0.16037244496855352 0.43290749475890966 0.05 0.05
0 0.04402024371069183 0.4580647274633121 0.05 0.05
0 0.05974351415094342 0.5020898846960165 0.05 0.05
0 0.20754225628930825 0.4308110587002094 0.05 0.05
0 0.27357999213836487 0.4391968029350102 0.05 0.05
0 0.3883598663522013 0.4978970125786161 0.05 0.05
0 0.41508942610062904 0.766240828092243 0.05 0.05
0 0.6823850235849058 0.9025091719077566 0.05 0.05
0 0.7782969732704406 0.9528236373165616 0.05 0.05
0 0.5503095518867925 0.466450471698113 0.05 0.05
