0 0.2011780753968253 0.06585648148148143 0.05 0.05
0 0.31228918650793647 0.08702050264550264 0.05 0.05
0 0.18332093253968249 0.23781415343915338 0.05 0.05
0 0.22300347222222214 0.3171792328042327 0.05 0.05
0 0.1912574404761904 0.4520998677248677 0.05 0.05
0 0.28649553571428565 0.4441633597883597 0.05 0.05
0 0.09205109126984123 0.486491402116402 0.05 0.05
0 0.006733630952380931 0.539401455026455 0.05 0.05
0 0.2765749007936507 0.7642691798941799 0.05 0.05
0 0.2765749007936507 0.8171792328042327 0.05 0.05
0 0.34800347222222217 0.8145337301587301 0.05 0.05
0 0.3737971230158729 0.7986607142857143 0.05 0.05
0 0.4353050595238094 0.7563326719576718 0.05 0.05
0 0.4412574404761903 0.7192956349206348 0.05 0.05
0 0.4015749007936507 0.48384589947089934 0.05 0.05
0 0.38967013888888885 0.49971891534391527 0.05 0.05
0 0.4174479166666666 0.5367559523809523 0.05 0.05
0 0.44919394841269833 0.2113591269841269 0.05 0.05
0 0.5464161706349204 0.19548611111111108 0.05 0.05
0 0.5444320436507935 0.47590939153439143 0.05 0.05
0 0.5801463293650793 0.5050099206349206 0.05 0.05
0 0.5563368055555554 0.539401455026455 0.05 0.05
