0 0.2103529283216783 0.11730040792540801 0.05 0.05
0 0.31262565559440564 0.09806963869463867 0.05 0.05
0 0.3349158653846154 0.07359411421911423 0.05 0.05
0 0.34802775349650356 0.07534236596736589 0.05 0.05
0 0.2811571241258741 0.1662514568764569 0.05 0.05
0 0.310003277972028 0.1662514568764569 0.05 0.05
0 0.34409418706293715 0.1662514568764569 0.05 0.05
0 0.25755572552447553 0.28163607226107223 0.05 0.05
0 0.4398109702797203 0.24492278554778554 0.05 0.05
0 0.4476781031468532 0.21170600233100234 0.05 0.05
0 0.45685642482517486 0.20995775058275054 0.05 0.05
0 0.05301027097902096 0.8008668414918415 0.05 0.05
0 0.20510817307692308 0.7589087995337995 0.05 0.05
0 0.39260817307692314 0.5089087995337995 0.05 0.05
0 0.40703125 0.5298878205128206 0.05 0.05
0 0.4607899912587413 0.5298878205128206 0.05 0.05
0 0.5197934877622379 0.5316360722610723 0.05 0.05
0 0.573552229020979 0.5228948135198136 0.05 0.05
0 0.5905976835664337 0.4931745337995338 0.05 0.05
0 0.5525732080419582 0.4721955128205128 0.05 0.05
0 0.7125382430069932 0.1312864219114219 0.05 0.05
0 0.6823809003496505 0.49492278554778557 0.05 0.05
0 0.7361396416083916 0.47569201631701635 0.05 0.05
0 0.7951431381118882 0.4582094988344989 0.05 0.05
0 0.8305452360139862 0.4984192890442891 0.05 0.05
0 0.9065941870629372 0.5159018065268065 0.05 0.05
0 0.8934822989510491 0.7921255827505828 0.05 0.05
0 0.91446131993007 0.8235941142191143 0.05 0.05
0 0.7190941870629372 0.6627549533799535 0.05 0.05
0 0.6194438374125875 0.6802374708624709 0.05 0.05
