0 0.5953110004798464 0.1753858765195139 0.05 0.05
0 0.5722783709213053 0.1011696257197696 0.05 0.05
0 0.6327390235124761 0.1011696257197696 0.05 0.05
0 0.12314209452975051 0.3519693698016634 0.05 0.05
0 0.19991752639155475 0.344291826615483 0.05 0.05
0 0.21623230566218812 0.3737224088291747 0.05 0.05
0 0.3102822096928983 0.40699176263595643 0.05 0.05
0 0.4168081214011517 0.47353047024952016 0.05 0.05
0 0.38801733445297504 0.5029610524632118 0.05 0.05
0 0.4158484285028791 0.5323916346769034 0.05 0.05
0 0.3707428622840691 0.8087831893793986 0.05 0.05
0 0.4859060100767755 0.7128138995521434 0.05 0.05
0 0.5108580254318619 0.5375099968010237 0.05 0.05
0 0.5588426703454895 0.5183161388355726 0.05 0.05
0 0.5674799064299425 0.4927243282149712 0.05 0.05
0 0.5434875839731287 0.46329374600127954 0.05 0.05
0 0.6404165666986565 0.560542626359565 0.05 0.05
0 0.7469424784069099 0.5234345009596929 0.05 0.05
0 0.7968465091170827 0.5285528630838132 0.05 0.05
0 0.7555797144913629 0.8266974568138197 0.05 0.05
0 0.8477102327255279 0.8190199136276392 0.05 0.05
0 0.3966545705374281 0.19585932501599476 0.05 0.05
0 0.45615553023032634 0.20737563979526547 0.05 0.05
0 0.34291176823416514 0.07429822456813812 0.05 0.05
0 0.32179852447216895 0.09861044465770945 0.05 0.05
0 0.2939674304222649 0.09733085412667937 0.05 0.05
0 0.2882092730326296 0.09093290147152899 0.05 0.05
0 0.2690154150671785 0.09221249200255907 0.05 0.05
0 0.23062769913627643 0.08837372040946896 0.05 0.05
0 0.21143384117082537 0.06406150031989763 0.05 0.05
0 0.36402501199616133 0.08453494881637873 0.05 0.05
0 0.18360274712092134 0.12164307421625083 0.05 0.05
