0 0.24879712301587303 0.12405753968253966 0.05 0.05
0 0.27459077380952374 0.11083002645502636 0.05 0.05
0 0.3103050595238095 0.09231150793650791 0.05 0.05
0 0.36387648809523804 0.08966600529100527 0.05 0.05
0 0.4432415674603174 0.20077711640211635 0.05 0.05
0 0.4591145833333332 0.2060681216931216 0.05 0.05
0 0.5583209325396824 0.1901951058201058 0.05 0.05
0 0.615860615079365 0.18490410052910042 0.05 0.05
0 0.6694320436507935 0.11612103174603164 0.05 0.05
0 0.6892733134920633 0.11083002645502636 0.05 0.05
0 0.7031622023809523 0.15844907407407405 0.05 0.05
0 0.7091145833333331 0.24310515873015864 0.05 0.05
0 0.7785590277777776 0.2880787037037036 0.05 0.05
0 0.8241939484126981 0.2801421957671958 0.05 0.05
0 0.6178447420634919 0.2880787037037036 0.05 0.05
0 0.615860615079365 0.3647982804232804 0.05 0.05
0 0.5484002976190474 0.4626818783068783 0.05 0.05
0 0.599987599206349 0.49971891534391527 0.05 0.05
0 0.5642733134920633 0.5235284391534392 0.05 0.05
0 0.5087177579365079 0.5261739417989417 0.05 0.05
0 0.38768601190476176 0.49707341269841265 0.05 0.05
0 0.40752728174603164 0.5341104497354496 0.05 0.05
0 0.2706225198412698 0.49442791005291004 0.05 0.05
0 0.0702256944444444 0.5341104497354496 0.05 0.05
0 0.29443204365079356 0.8013062169312168 0.05 0.05
0 0.3341145833333332 0.7589781746031746 0.05 0.05
0 0.3519717261904761 0.8092427248677247 0.05 0.05
0 0.3757812499999999 0.7854332010582009 0.05 0.05
0 0.4095114087301586 0.7483961640211639 0.05 0.05
0 0.44720982142857135 0.7325231481481481 0.05 0.05
