0 0.26785775273224044 0.09849157559198574 0.05 0.05
0 0.28425119535519133 0.09120560109289617 0.05 0.05
0 0.2801528346994536 0.1130635245901639 0.05 0.05
0 0.25829491120218584 0.1385644353369763 0.05 0.05
0 0.23643698770491808 0.1330999544626593 0.05 0.05
0 0.20774846311475414 0.11670651183970857 0.05 0.05
0 0.2282402663934427 0.18774476320582872 0.05 0.05
0 0.2664916325136612 0.18774476320582872 0.05 0.05
0 0.3197703210382514 0.1330999544626593 0.05 0.05
0 0.34026212431694 0.1385644353369763 0.05 0.05
0 0.31703808060109295 0.09302709471766851 0.05 0.05
0 0.4427211407103826 0.20595969945355191 0.05 0.05
0 0.4591145833333334 0.20595969945355191 0.05 0.05
0 0.23507086748633882 0.3808230874316941 0.05 0.05
0 0.01785775273224046 0.7578722677595628 0.05 0.05
0 0.13261185109289625 0.7323713570127505 0.05 0.05
0 0.2746883538251367 0.5720799180327869 0.05 0.05
0 0.3921746926229509 0.5046846539162113 0.05 0.05
0 0.39627305327868856 0.5301855646630237 0.05 0.05
0 0.31567196038251366 0.7560507741347905 0.05 0.05
0 0.36212004781420776 0.7815516848816029 0.05 0.05
0 0.40037141393442627 0.7596937613843352 0.05 0.05
0 0.4331582991803279 0.7797301912568307 0.05 0.05
0 0.4290599385245903 0.7086919398907104 0.05 0.05
0 0.5561091188524591 0.5137921220400729 0.05 0.05
0 0.5820654030054646 0.4992201730418943 0.05 0.05
0 0.5492785177595628 0.4646117941712204 0.05 0.05
0 0.7091145833333334 0.6066882969034608 0.05 0.05
0 0.6872566598360657 0.3498576958105647 0.05 0.05
0 0.5970927254098362 0.14038592896174862 0.05 0.05
0 0.6681309767759563 0.15860086520947167 0.05 0.05
0 0.6995517418032786 0.15495787795992713 0.05 0.05
0 0.6845244193989071 0.21142418032786878 0.05 0.05
0 0.6735954576502733 0.21688866120218578 0.05 0.05
0 0.7214096653005464 0.20595969945355191 0.05 0.05
0 0.7337047472677597 0.24238957194899816 0.05 0.05
0 0.765125512295082 0.18410177595628407 0.05 0.05
0 0.7897156762295083 0.23510359744990883 0.05 0.05
0 0.8184042008196721 0.2004952185792349 0.05 0.05
