0 0.3108101796046287 0.7877661925425908 0.05 0.05
0 0.32623930207328833 0.7967665139826423 0.05 0.05
0 0.2404148083413693 0.7954807537769207 0.05 0.05
0 0.05815829918032787 0.6514756107360977 0.05 0.05
0 0.011870931774349081 0.6951914577306333 0.05 0.05
0 0.3947060330279653 0.5074704676952748 0.05 0.05
0 0.4082065151880424 0.5241853503696561 0.05 0.05
0 0.5065671709257473 0.5344714320154292 0.05 0.05
0 0.599141905737705 0.5113277483124398 0.05 0.05
0 0.873973149710704 0.706763299582128 0.05 0.05
0 0.4467793213596914 0.6463325699132112 0.05 0.05
0 0.3069528989874638 0.21688866120218578 0.05 0.05
0 0.33781114392478306 0.2451753857280617 0.05 0.05
0 0.2606655315814851 0.23360354387656698 0.05 0.05
0 0.2751303338958534 0.13588576824172297 0.05 0.05
0 0.22305704556412734 0.0741692783670846 0.05 0.05
0 0.1999133618611379 0.07931231918997111 0.05 0.05
0 0.28188057497589203 0.09474144165863076 0.05 0.05
0 0.3127388199132112 0.09474144165863076 0.05 0.05
0 0.3493829857762777 0.09988448248151727 0.05 0.05
0 0.45835116321118613 0.20917409996785613 0.05 0.05
0 0.5885343840405015 0.18860193667630984 0.05 0.05
0 0.6415719925265189 0.16802977338476383 0.05 0.05
0 0.6377147119093538 0.1346000080360014 0.05 0.05
0 0.7090744033269045 0.22203170202507228 0.05 0.05
0 0.7900772962873674 0.24131810511089688 0.05 0.05
0 0.7640406521215043 0.12559968659594994 0.05 0.05
0 0.5489972577145612 0.4740407023465124 0.05 0.05
