0 0.2588669143356643 0.096321386946387 0.05 0.05
0 0.27197880244755246 0.09457313519813511 0.05 0.05
0 0.2811571241258741 0.09806963869463867 0.05 0.05
0 0.31262565559440564 0.09981789044289044 0.05 0.05
0 0.35196131993006996 0.08583187645687644 0.05 0.05
0 0.3847410402097902 0.06834935897435888 0.05 0.05
0 0.37162915209790215 0.18373397435897434 0.05 0.05
0 0.37162915209790215 0.1295381701631701 0.05 0.05
0 0.3218039772727273 0.18897872960372955 0.05 0.05
0 0.22084243881118884 0.23268502331002333 0.05 0.05
0 0.43718859265734267 0.20471299533799533 0.05 0.05
0 0.4411221590909092 0.21170600233100234 0.05 0.05
0 0.4529228583916085 0.5421255827505828 0.05 0.05
0 0.5302829982517483 0.5456220862470862 0.05 0.05
0 0.5551955856643357 0.47569201631701635 0.05 0.05
0 0.080545236013986 0.5386290792540792 0.05 0.05
0 0.12119208916083916 0.5631046037296038 0.05 0.05
0 0.11463614510489509 0.5945731351981353 0.05 0.05
0 0.21428649475524475 0.5281395687645688 0.05 0.05
0 0.26411166958041965 0.5700976107226108 0.05 0.05
0 0.26935642482517486 0.7519157925407925 0.05 0.05
0 0.21297530594405595 0.9145032051282053 0.05 0.05
0 0.3178704108391609 0.7693983100233102 0.05 0.05
0 0.3506501311188811 0.9389787296037296 0.05 0.05
0 0.4476781031468532 0.7431745337995339 0.05 0.05
0 0.608954326923077 0.17499271561771554 0.05 0.05
0 0.7007375437062938 0.23093677156177156 0.05 0.05
0 0.7558074737762238 0.24667103729603734 0.05 0.05
0 0.8161221590909091 0.18723047785547778 0.05 0.05
0 0.8357899912587413 0.24317453379953377 0.05 0.05
0 0.8567690122377624 0.241426282051282 0.05 0.05
