0 0.20501622267759556 0.10577755009107494 0.05 0.05
0 0.25692879098360655 0.10577755009107458 0.05 0.05
0 0.311573599726776 0.09302709471766851 0.05 0.05
0 0.20365010245901644 0.23692509107468115 0.05 0.05
0 0.2282402663934427 0.26789048269581056 0.05 0.05
0 0.27878671448087433 0.26424749544626586 0.05 0.05
0 0.31703808060109295 0.24238957194899816 0.05 0.05
0 0.32796704234972684 0.2387465846994535 0.05 0.05
0 0.3443604849726776 0.22963911657559197 0.05 0.05
0 0.37851349043715854 0.22781762295081964 0.05 0.05
0 0.40583589480874327 0.26424749544626586 0.05 0.05
0 0.4372566598360656 0.2132456739526411 0.05 0.05
0 0.4509178620218579 0.20960268670309645 0.05 0.05
0 0.23643698770491808 0.3371072404371584 0.05 0.05
0 0.17496157786885252 0.33346425318761386 0.05 0.05
0 0.1162184084699454 0.4755407559198543 0.05 0.05
0 0.16266649590163937 0.5356500455373406 0.05 0.05
0 0.16266649590163937 0.5739014116575591 0.05 0.05
0 0.2610271516393443 0.5702584244080147 0.05 0.05
0 0.3935408128415301 0.5046846539162113 0.05 0.05
0 0.4072020150273225 0.5301855646630237 0.05 0.05
0 0.22960638661202193 0.6631545992714026 0.05 0.05
0 0.311573599726776 0.7542292805100181 0.05 0.05
0 0.3703167691256831 0.7851946721311476 0.05 0.05
0 0.38944245218579243 0.7542292805100181 0.05 0.05
0 0.45501622267759567 0.7032274590163934 0.05 0.05
0 0.4481856215846996 0.81069558287796 0.05 0.05
0 0.5533768784153006 0.5192566029143898 0.05 0.05
0 0.5725025614754099 0.4846482240437158 0.05 0.05
0 0.5479123975409838 0.4627903005464481 0.05 0.05
0 0.6476391734972677 0.5866518670309654 0.05 0.05
0 0.6790599385245903 0.22599612932604743 0.05 0.05
0 0.6981856215846995 0.21688866120218578 0.05 0.05
0 0.7815189549180328 0.2387465846994535 0.05 0.05
0 0.8416282445355192 0.40085951730418945 0.05 0.05
0 0.7637593920765028 0.4172529599271402 0.05 0.05
0 0.7924479166666668 0.497398679417122 0.05 0.05
0 0.7296063866120219 0.6030453096539162 0.05 0.05
0 0.7733222336065575 0.6085097905282332 0.05 0.05
0 0.8839779713114755 0.8453039617486339 0.05 0.05
0 0.9536501024590164 0.8198030510018215 0.05 0.05
0 0.8402621243169399 0.9709870218579236 0.05 0.05
