0 0.19396306818181813 0.07820868569415064 0.05 0.05
0 0.27324425211416487 0.09512200493305123 0.05 0.05
0 0.2843436178646934 0.09300784002818858 0.05 0.05
0 0.295442983615222 0.09089367512332605 0.05 0.05
0 0.33666919926004224 0.08666534531360087 0.05 0.05
0 0.3461829413319239 0.076094520789288 0.05 0.05
0 0.36045355443974636 0.06340953136011258 0.05 0.05
0 0.4000941464059197 0.1923735905567298 0.05 0.05
0 0.45876222251585624 0.1923735905567298 0.05 0.05
0 0.3319123282241015 0.19448775546159247 0.05 0.05
0 0.23836053118393236 0.17968860112755441 0.05 0.05
0 0.2795867468287526 0.247341878083157 0.05 0.05
0 0.21933304704016915 0.3149951550387596 0.05 0.05
0 0.2684873810782241 0.3065384954193092 0.05 0.05
0 0.3319123282241015 0.33402263918252273 0.05 0.05
0 0.3667960491543341 0.3297943093727975 0.05 0.05
0 0.25580239164904867 0.6109782417195206 0.05 0.05
0 0.3652104254756871 0.805481412966878 0.05 0.05
0 0.5459715248414377 0.4608725334742774 0.05 0.05
0 0.6997770216701904 0.448187544045102 0.05 0.05
0 0.8123563028541227 0.5179549859055671 0.05 0.05
0 0.8837093683932349 0.49681333685694135 0.05 0.05
0 0.6981913979915435 0.22831439393939376 0.05 0.05
0 0.6823351612050741 0.15854695207892863 0.05 0.05
0 0.6553795586680762 0.17334610641296672 0.05 0.05
