0 0.19592985139860136 0.13303467365967378 0.05 0.05
0 0.1867515297202797 0.09457313519813511 0.05 0.05
0 0.22346481643356647 0.06660110722610722 0.05 0.05
0 0.24706621503496504 0.06834935897435888 0.05 0.05
0 0.23919908216783217 0.12778991841491844 0.05 0.05
0 0.3113144667832168 0.09107663170163166 0.05 0.05
0 0.3454053758741259 0.08058712121212111 0.05 0.05
0 0.3506501311188811 0.07534236596736589 0.05 0.05
0 0.4476781031468532 0.20471299533799533 0.05 0.05
0 0.45685642482517486 0.20995775058275054 0.05 0.05
0 0.40440887237762235 0.23618152680652676 0.05 0.05
0 0.43063264860139866 0.23618152680652676 0.05 0.05
0 0.36900677447552455 0.2501675407925408 0.05 0.05
0 0.3218039772727273 0.25191579254079244 0.05 0.05
0 0.3113144667832168 0.23093677156177156 0.05 0.05
0 0.2837795017482518 0.22569201631701621 0.05 0.05
0 0.23657670454545454 0.24841928904428912 0.05 0.05
0 0.21559768356643358 0.31485285547785546 0.05 0.05
0 0.28509069055944053 0.2746430652680653 0.05 0.05
0 0.2654228583916084 0.3183493589743589 0.05 0.05
0 0.31262565559440564 0.353314393939394 0.05 0.05
0 0.3952305506993007 0.3323353729603729 0.05 0.05
0 0.2732899912587413 0.4354822261072261 0.05 0.05
0 0.21035292832167835 0.46170600233100234 0.05 0.05
0 0.06743334790209787 0.512405303030303 0.05 0.05
0 0.38867460664335673 0.5106570512820513 0.05 0.05
0 0.4135871940559442 0.5281395687645688 0.05 0.05
0 0.448989291958042 0.533384324009324 0.05 0.05
0 0.5224158653846155 0.5386290792540792 0.05 0.05
0 0.5722410402097904 0.5281395687645688 0.05 0.05
0 0.5932200611888112 0.5019157925407925 0.05 0.05
0 0.5407725087412588 0.4599577505827507 0.05 0.05
0 0.6456676136363637 0.37778991841491844 0.05 0.05
0 0.7112270541958043 0.3725451631701631 0.05 0.05
0 0.7374508304195805 0.227440268065268 0.05 0.05
0 0.6876256555944057 0.09282488344988345 0.05 0.05
0 0.7072934877622379 0.09107663170163166 0.05 0.05
0 0.7256501311188812 0.7449227855477856 0.05 0.05
0 0.8200557255244757 0.9809367715617717 0.05 0.05
0 0.9380627185314687 0.9459717365967367 0.05 0.05
0 0.38867460664335673 0.846321386946387 0.05 0.05
