0 0.19968062106918238 0.08070623689727453 0.05 0.05
0 0.2531397405660378 0.04506682389937069 0.05 0.05
0 0.26257370283018877 0.08280267295597454 0.05 0.05
0 0.27515231918239 0.08909198113207518 0.05 0.05
0 0.2861586084905661 0.09747772536687596 0.05 0.05
0 0.3569133254716982 0.08280267295597454 0.05 0.05
0 0.27357999213836487 0.21068527253668728 0.05 0.05
0 0.32861143867924536 0.29034984276729525 0.05 0.05
0 0.4025108097484278 0.2945427148846958 0.05 0.05
0 0.44181898584905677 0.17294942348008355 0.05 0.05
0 0.24842275943396236 0.3637251048218026 0.05 0.05
0 0.16666175314465415 0.38888233752620516 0.05 0.05
0 0.12578125000000004 0.37840015723270415 0.05 0.05
0 0.026724646226415107 0.6739976415094338 0.05 0.05
0 0.39307684748427685 0.4958005765199159 0.05 0.05
0 0.5487372248427674 0.4706433438155134 0.05 0.05
0 0.394649174528302 0.8144588574423479 0.05 0.05
0 0.42387850158562373 0.23888521846370664 0.05 0.05
