0 0.27641549947145877 0.09089367512332618 0.05 0.05
0 0.29702860729386893 0.08877951021846352 0.05 0.05
0 0.33825482293868925 0.08877951021846352 0.05 0.05
0 0.35252543604651165 0.08032285059901317 0.05 0.05
0 0.46034784619450325 0.20083025017618017 0.05 0.05
0 0.41912163054968293 0.20083025017618017 0.05 0.05
0 0.4318066199788584 0.20928690979563053 0.05 0.05
0 0.6315952034883722 0.2198577343199434 0.05 0.05
0 0.6744070428118394 0.20505857998590535 0.05 0.05
0 0.6966057743128965 0.2536843727977447 0.05 0.05
0 0.6331808271670191 0.3361368040873854 0.05 0.05
0 0.7647875924947147 0.24522771317829437 0.05 0.05
0 0.5570708905919662 0.5729232734319942 0.05 0.05
0 0.5491427721987316 0.47567168780831554 0.05 0.05
0 0.514259051268499 0.5729232734319942 0.05 0.05
0 0.17969245507399575 0.623663231148696 0.05 0.05
0 0.2272611654334038 0.644804880197322 0.05 0.05
0 0.014787592494714553 0.5094983262861168 0.05 0.05
0 0.3112992204016914 0.8625638653981677 0.05 0.05
