0 0.20314138986013983 0.06660110722610733 0.05 0.05
0 0.21363090034965032 0.07709061771561766 0.05 0.05
0 0.25558894230769236 0.07534236596736589 0.05 0.05
0 0.3172148164335664 0.11205565268065266 0.05 0.05
0 0.38801901223776225 0.06660110722610722 0.05 0.05
0 0.6345225087412587 0.11030740093240089 0.05 0.05
0 0.22149803321678324 0.16974796037296033 0.05 0.05
0 0.25558894230769236 0.1714962121212121 0.05 0.05
0 0.27263439685314683 0.255412296037296 0.05 0.05
0 0.22936516608391608 0.3026150932400932 0.05 0.05
0 0.22412041083916084 0.353314393939394 0.05 0.05
0 0.03006446678321677 0.547370337995338 0.05 0.05
0 0.056288243006993 0.5735941142191142 0.05 0.05
0 0.1598721590909091 0.5508668414918415 0.05 0.05
0 0.1978966346153846 0.526391317016317 0.05 0.05
0 0.3381938374125874 0.3183493589743589 0.05 0.05
0 0.42997705419580423 0.29562208624708625 0.05 0.05
0 0.44702250874125876 0.21170600233100234 0.05 0.05
0 0.7433511800699302 0.241426282051282 0.05 0.05
0 0.7761309003496504 0.1994682400932401 0.05 0.05
0 0.7957987325174825 0.2641535547785548 0.05 0.05
0 0.7276169143356643 0.3900276806526807 0.05 0.05
0 0.862669361888112 0.4739437645687646 0.05 0.05
0 0.723683347902098 0.6714962121212121 0.05 0.05
0 0.5833861451048952 0.4931745337995338 0.05 0.05
0 0.5650295017482517 0.5106570512820513 0.05 0.05
0 0.5479840472027973 0.4582094988344989 0.05 0.05
0 0.3945749562937063 0.5071605477855478 0.05 0.05
0 0.403753277972028 0.5351325757575758 0.05 0.05
0 0.30803649475524475 0.7554122960372961 0.05 0.05
0 0.36310642482517486 0.7781395687645688 0.05 0.05
0 0.3945749562937063 0.7624053030303031 0.05 0.05
0 0.42997705419580423 0.7746430652680654 0.05 0.05
0 0.4496448863636364 0.7134542540792541 0.05 0.05
