0 0.1903205974088292 0.5541446737044146 0.05 0.05
0 0.0924319217850288 0.5119181861804223 0.05 0.05
0 0.09435130758157392 0.45817538387715934 0.05 0.05
0 0.15865073176583494 0.4568957933461293 0.05 0.05
0 0.2104741482725528 0.46201415547024943 0.05 0.05
0 0.268055722168906 0.46201415547024943 0.05 0.05
0 0.38801733445297504 0.5093590051183622 0.05 0.05
0 0.40817088531669865 0.524714091490723 0.05 0.05
0 0.41296934980806144 0.48888555662188093 0.05 0.05
0 0.4455989083493283 0.5413487683941138 0.05 0.05
0 0.5070192538387717 0.5400691778630837 0.05 0.05
0 0.5521248200575817 0.524714091490723 0.05 0.05
0 0.5588426703454895 0.4952835092770313 0.05 0.05
0 0.5415681981765836 0.47225087971849006 0.05 0.05
0 0.2795720369481766 0.7588791586692258 0.05 0.05
0 0.2882092730326296 0.2649572136916187 0.05 0.05
0 0.21815169145873323 0.2867102527191298 0.05 0.05
0 0.19799814059500961 0.13060020793346125 0.05 0.05
0 0.18168336132437624 0.09733085412667937 0.05 0.05
0 0.2210307701535509 0.08197576775431857 0.05 0.05
0 0.259418486084453 0.09349208253358915 0.05 0.05
0 0.24310370681381963 0.13187979846449133 0.05 0.05
0 0.2603781789827256 0.14851447536788218 0.05 0.05
0 0.2834108085412669 0.16131038067818296 0.05 0.05
0 0.3064434380998081 0.09605126359564929 0.05 0.05
0 0.34003268953934745 0.09733085412667937 0.05 0.05
0 0.3534683901151632 0.09349208253358915 0.05 0.05
0 0.34675053982725534 0.14083693218170185 0.05 0.05
0 0.3678637835892514 0.1331593889955214 0.05 0.05
0 0.4446392154510558 0.20865523032629554 0.05 0.05
0 0.5905125359884837 0.12036348368522075 0.05 0.05
0 0.6356181022072938 0.13060020793346125 0.05 0.05
0 0.33811330374280235 0.03846968969929622 0.05 0.05
0 0.2824511156429943 0.04102887076135626 0.05 0.05
0 0.2603781789827256 0.044867642354446485 0.05 0.05
0 0.3697831693857966 0.04102887076135626 0.05 0.05
