0 0.22608719405594405 0.10156614219114223 0.05 0.05
0 0.2746011800699301 0.09806963869463867 0.05 0.05
0 0.2837795017482518 0.09282488344988345 0.05 0.05
0 0.3021361451048951 0.09632138694638688 0.05 0.05
0 0.34147180944055944 0.09282488344988345 0.05 0.05
0 0.3454053758741259 0.08233537296037288 0.05 0.05
0 0.35589488636363636 0.08058712121212111 0.05 0.05
0 0.4398109702797203 0.20471299533799533 0.05 0.05
0 0.448989291958042 0.21170600233100234 0.05 0.05
0 0.26411166958041965 0.21520250582750577 0.05 0.05
0 0.2182200611888112 0.22394376456876455 0.05 0.05
0 0.32049278846153845 0.26939831002331 0.05 0.05
0 0.07530048076923075 0.4704472610722611 0.05 0.05
0 0.2628004807692308 0.7554122960372961 0.05 0.05
0 0.3021361451048951 0.7728948135198136 0.05 0.05
0 0.3952305506993007 0.7624053030303031 0.05 0.05
0 0.518482298951049 0.8865311771561772 0.05 0.05
0 0.455545236013986 0.5438738344988345 0.05 0.05
0 0.5302829982517483 0.5508668414918415 0.05 0.05
0 0.5525732080419582 0.47569201631701635 0.05 0.05
0 0.8607025786713288 0.825342365967366 0.05 0.05
0 0.935440340909091 0.811356351981352 0.05 0.05
0 0.6902480332167833 0.08233537296037288 0.05 0.05
0 0.7033599213286715 0.08408362470862467 0.05 0.05
0 0.7164718094405595 0.1714962121212121 0.05 0.05
0 0.7610522290209791 0.1645032051282051 0.05 0.05
0 0.762363417832168 0.241426282051282 0.05 0.05
0 0.8226781031468533 0.23792977855477856 0.05 0.05
0 0.8711920891608393 0.24667103729603734 0.05 0.05
