0 0.21933304704016915 0.12049198379140229 0.05 0.05
0 0.2621448863636363 0.12683447850599 0.05 0.05
0 0.18762057346723043 0.17334610641296672 0.05 0.05
0 0.22091867071881605 0.18180276603241693 0.05 0.05
0 0.2637305100422833 0.17123194150810406 0.05 0.05
0 0.27165862843551797 0.09300784002818858 0.05 0.05
0 0.2827579941860465 0.09089367512332605 0.05 0.05
0 0.33666919926004224 0.09089367512332605 0.05 0.05
0 0.35411105972515855 0.08455118040873835 0.05 0.05
0 0.33666919926004224 0.12472031360112736 0.05 0.05
0 0.20030556289640594 0.6405765503875968 0.05 0.05
0 0.1939630681818182 0.739942300916138 0.05 0.05
0 0.2906861125792812 0.7462847956307257 0.05 0.05
0 0.5158446749471459 0.8435363812544044 0.05 0.05
0 0.6712357954545455 0.2769401867512331 0.05 0.05
0 0.7108763874207189 0.28539684637068347 0.05 0.05
0 0.5523140195560254 0.46932919309372784 0.05 0.05
0 0.43973473837209304 0.167003611698379 0.05 0.05
