0 0.2367749075052854 0.11414948907681446 0.05 0.05
0 0.2811723705073996 0.10569282945736411 0.05 0.05
0 0.2811723705073996 0.09089367512332605 0.05 0.05
0 0.2938573599365751 0.09512200493305123 0.05 0.05
0 0.30178547832980973 0.08666534531360087 0.05 0.05
0 0.33349795190274845 0.08877951021846352 0.05 0.05
0 0.3509398123678647 0.0824370155038757 0.05 0.05
0 0.25421676797040166 0.14163363284002795 0.05 0.05
0 0.21774742336152214 0.14797612755461576 0.05 0.05
0 0.22250429439746303 0.2198577343199434 0.05 0.05
0 0.247874273255814 0.22197189922480595 0.05 0.05
0 0.2875148652219873 0.22197189922480595 0.05 0.05
0 0.2827579941860465 0.2642551973220576 0.05 0.05
0 0.35569668340380556 0.22831439393939376 0.05 0.05
0 0.46034784619450325 0.19660192036645513 0.05 0.05
0 0.612567719344609 0.12683447850599 0.05 0.05
0 0.6411089455602538 0.1500902924594783 0.05 0.05
0 0.6966057743128965 0.4376167195207891 0.05 0.05
0 0.5523140195560254 0.47567168780831554 0.05 0.05
0 0.5745127510570825 0.6194349013389711 0.05 0.05
0 0.7616163451374207 0.6173207364341083 0.05 0.05
0 0.8377262817124738 0.6067499119097955 0.05 0.05
0 0.8884662394291756 0.9830712649753347 0.05 0.05
0 0.6950201506342496 0.9407879668780831 0.05 0.05
0 0.610982095665962 0.9830712649753347 0.05 0.05
0 0.45559097515856245 0.7779972692036645 0.05 0.05
0 0.21299055232558137 0.5665807787174065 0.05 0.05
0 0.15907934725158562 0.5665807787174065 0.05 0.05
0 0.18762057346723043 0.44184504933051433 0.05 0.05
0 0.11785313160676532 0.4312742248062013 0.05 0.05
0 0.0718700449260042 0.4249317300916137 0.05 0.05
0 0.14354081284153009 0.5538649817850637 0.05 0.05
