0 0.3136098514721345 0.09234906239046646 0.05 0.05
0 0.2852186842797055 0.12599785313704903 0.05 0.05
0 0.2841671595688748 0.08954499649491794 0.05 0.05
0 0.2925793572555204 0.08533889765159515 0.05 0.05
0 0.290476307833859 0.0629063704872068 0.05 0.05
0 0.2841671595688748 0.1077714248159835 0.05 0.05
0 0.22948787460567818 0.06851450227830386 0.05 0.05
0 0.18006621319663513 0.10216329302488643 0.05 0.05
0 0.2273848251840168 0.13300801787592037 0.05 0.05
0 0.34620711750788635 0.13020395198037182 0.05 0.05
0 0.37354675998948467 0.1316059849281461 0.05 0.05
0 0.35041321635120914 0.19890356642131124 0.05 0.05
0 0.3115068020504731 0.20170763231685976 0.05 0.05
0 0.26208514064143 0.2129238958990539 0.05 0.05
0 0.24105464642481592 0.21011983000350534 0.05 0.05
0 0.27365191246056775 0.3054580704521559 0.05 0.05
0 0.2820641101472134 0.4050024097441292 0.05 0.05
0 0.031801228969505824 0.6111012530669472 0.05 0.05
0 0.2263333004731861 0.717655757097792 0.05 0.05
0 0.3377949198212407 0.7723350420609887 0.05 0.05
0 0.3987833530494215 0.8200041622853138 0.05 0.05
0 0.4366382426393269 0.77934520679986 0.05 0.05
0 0.40719555073606717 0.5241752103049424 0.05 0.05
0 0.3956287789169294 0.5031447160883283 0.05 0.05
0 0.5091934476866455 0.5325874079915881 0.05 0.05
0 0.5502029114090429 0.5199691114616196 0.05 0.05
0 0.5638727326498421 0.4947325184016827 0.05 0.05
0 0.5417907137223973 0.4624857606028744 0.05 0.05
0 0.6616645307570976 0.5620300998948478 0.05 0.05
0 0.7300136369610933 0.5746483964248162 0.05 0.05
0 0.7910020701892742 0.5900707588503331 0.05 0.05
0 0.7352712605152468 0.7092435594111463 0.05 0.05
0 0.7415804087802311 0.6615744391868211 0.05 0.05
0 0.8362176327549943 0.3222824658254472 0.05 0.05
0 0.8688148987907465 0.3054580704521559 0.05 0.05
0 0.6826950249737116 0.25358285138450776 0.05 0.05
0 0.6795404508412195 0.08113279880827236 0.05 0.05
0 0.45661721214511025 0.19609950052576272 0.05 0.05
