0 0.8388556482494529 0.17937864697301234 0.05 0.05
0 0.7223348605032824 0.2056368526622901 0.05 0.05
0 0.776492409737418 0.19907230123997063 0.05 0.05
0 0.5418096963894967 0.22314232312180876 0.05 0.05
0 0.45154711433260397 0.21657777169948922 0.05 0.05
0 0.37769591083150983 0.08309855944565996 0.05 0.05
0 0.3530788429978118 0.10279221371261839 0.05 0.05
0 0.32189722374179436 0.2756587345003646 0.05 0.05
0 0.44005914934354495 0.30848149161196203 0.05 0.05
0 0.39410728938730855 0.5119825857038658 0.05 0.05
0 0.4055952543763676 0.5272998723559444 0.05 0.05
0 0.4482648386214443 0.5907572027716995 0.05 0.05
0 0.4417002871991248 0.634520878920496 0.05 0.05
0 0.5089869392778994 0.5360526075857038 0.05 0.05
0 0.5418096963894967 0.4725952771699489 0.05 0.05
0 0.5040635257111598 0.732989150255288 0.05 0.05
0 0.39082501367614875 0.7920701130561635 0.05 0.05
0 0.42036549507658644 0.8489628920495988 0.05 0.05
0 0.513910352844639 0.859903811086798 0.05 0.05
0 0.5450919721006565 0.9430547957695113 0.05 0.05
0 0.6058140727571117 0.8248928701677608 0.05 0.05
0 0.7305405497811818 0.9211729576951131 0.05 0.05
0 0.9406061952954051 0.7373655178701678 0.05 0.05
0 0.17255367888402623 0.7942582968636033 0.05 0.05
0 0.14465433533916844 0.759247355944566 0.05 0.05
0 0.238199193107221 0.7045427607585704 0.05 0.05
0 0.06423858041575489 0.6410854303428155 0.05 0.05
0 0.1167549917943107 0.6060744894237783 0.05 0.05
0 0.11019044037199122 0.5404289752005835 0.05 0.05
