0 0.24137912849566057 0.121742405978785 0.05 0.05
0 0.2683800928158148 0.16545825297332056 0.05 0.05
0 0.28380921528447445 0.09602720186435233 0.05 0.05
0 0.3040599385245901 0.09474144165863076 0.05 0.05
0 0.34166842454194796 0.10117024268723883 0.05 0.05
0 0.30984585945033755 0.16031521215043393 0.05 0.05
0 0.3435970648505304 0.1500291305046609 0.05 0.05
0 0.35131162608486016 0.276033630665381 0.05 0.05
0 0.4448506810511089 0.21817442140790747 0.05 0.05
0 0.577926862343298 0.19631649791063974 0.05 0.05
0 0.6087851072806172 0.19374497749919636 0.05 0.05
0 0.7110030436354869 0.18474465605914503 0.05 0.05
0 0.6001062258919961 0.5126135085181613 0.05 0.05
0 0.5046385306171649 0.531899911603986 0.05 0.05
0 0.4053135547251688 0.5228995901639345 0.05 0.05
0 0.39181307256509157 0.5061847074895532 0.05 0.05
0 0.4371361198167792 0.7517649067823852 0.05 0.05
0 0.3407041043876567 0.8006237945998073 0.05 0.05
0 0.2693444129701061 0.7710513098682096 0.05 0.05
0 0.7785054544358727 0.9600580601092897 0.05 0.05
0 0.840221944310511 0.9690583815493411 0.05 0.05
0 0.9424398806653809 0.9189137335261974 0.05 0.05
0 0.552854538331726 0.4714691819350692 0.05 0.05
