0 0.24311740221987316 0.12260614869626482 0.05 0.05
0 0.28592924154334043 0.11837781888653964 0.05 0.05
0 0.27165862843551797 0.09300784002818858 0.05 0.05
0 0.2811723705073996 0.09300784002818858 0.05 0.05
0 0.295442983615222 0.09300784002818858 0.05 0.05
0 0.33984044661733626 0.09512200493305123 0.05 0.05
0 0.344597317653277 0.08032285059901317 0.05 0.05
0 0.4444916094080339 0.2135152396053557 0.05 0.05
0 0.45559097515856245 0.19448775546159247 0.05 0.05
0 0.45717659883720935 0.21140107470049305 0.05 0.05
0 0.05759943181818179 0.5073841613812543 0.05 0.05
0 0.21933304704016915 0.27482602184637045 0.05 0.05
0 0.4159503831923891 0.7589697850599013 0.05 0.05
0 0.4444916094080339 0.6342340556730091 0.05 0.05
0 0.4825465776955603 0.5116124911909794 0.05 0.05
0 0.5428002774841438 0.46932919309372784 0.05 0.05
0 0.9154218419661735 0.39956175123326265 0.05 0.05
0 0.6315952034883722 0.19660192036645513 0.05 0.05
0 0.6728214191331925 0.19871608527131765 0.05 0.05
0 0.7378319899577168 0.19871608527131765 0.05 0.05
0 0.785400700317125 0.1923735905567298 0.05 0.05
0 0.8123563028541227 0.20505857998590535 0.05 0.05
