0 0.1841291520979021 0.05261509324009334 0.05 0.05
0 0.20117460664335668 0.05261509324009322 0.05 0.05
0 0.21953125 0.05436334498834488 0.05 0.05
0 0.20117460664335668 0.07009761072261066 0.05 0.05
0 0.22477600524475524 0.08932837995337989 0.05 0.05
0 0.24575502622377626 0.09806963869463867 0.05 0.05
0 0.3152480332167832 0.10156614219114223 0.05 0.05
0 0.34016062062937064 0.08233537296037288 0.05 0.05
0 0.34933894230769236 0.08233537296037288 0.05 0.05
0 0.3296711101398601 0.11730040792540788 0.05 0.05
0 0.32442635489510496 0.12604166666666666 0.05 0.05
0 0.4411221590909092 0.213454254079254 0.05 0.05
0 0.45161166958041965 0.21520250582750577 0.05 0.05
0 0.32704873251748257 0.213454254079254 0.05 0.05
0 0.27591236888111886 0.18723047785547778 0.05 0.05
0 0.27591236888111886 0.20296474358974356 0.05 0.05
0 0.2300207604895105 0.3340836247086247 0.05 0.05
0 0.29558020104895105 0.33583187645687645 0.05 0.05
0 0.06349978146853145 0.6435241841491842 0.05 0.05
0 0.16708369755244754 0.5875801282051282 0.05 0.05
0 0.30869208916083923 0.7571605477855479 0.05 0.05
0 0.31393684440559444 0.811356351981352 0.05 0.05
0 0.4175207604895105 0.7746430652680654 0.05 0.05
0 0.4450557255244755 0.7396780303030304 0.05 0.05
0 0.3899857954545455 0.5176500582750584 0.05 0.05
0 0.40572006118881115 0.526391317016317 0.05 0.05
0 0.4725906905594407 0.5281395687645688 0.05 0.05
0 0.5211046765734266 0.533384324009324 0.05 0.05
0 0.5578179632867133 0.5211465617715618 0.05 0.05
0 0.5853529283216783 0.5019157925407925 0.05 0.05
0 0.5525732080419582 0.4704472610722611 0.05 0.05
0 0.5630627185314687 0.6610067016317017 0.05 0.05
0 0.560440340909091 0.7326850233100234 0.05 0.05
0 0.581419361888112 0.8375801282051282 0.05 0.05
0 0.6745137674825177 0.30785984848484843 0.05 0.05
0 0.7872760052447554 0.3131046037296038 0.05 0.05
0 0.6181326486013987 0.23967803030303023 0.05 0.05
0 0.6758249562937063 0.17499271561771554 0.05 0.05
0 0.678447333916084 0.10331439393939389 0.05 0.05
0 0.7531850961538463 0.18198572261072254 0.05 0.05
0 0.7820312500000002 0.17674096736596734 0.05 0.05
