0 0.17069911447638608 0.4408089493497602 0.05 0.05
0 0.22716728696098568 0.4367021731690623 0.05 0.05
0 0.2189537345995894 0.7679821184120466 0.05 0.05
0 0.36371759496919925 0.49967274127310063 0.05 0.05
0 0.38630486396303904 0.48050778576317593 0.05 0.05
0 0.4489332007186859 0.5311580253251198 0.05 0.05
0 0.49924120893223833 0.5407405030800821 0.05 0.05
0 0.4900009625256675 0.5900218172484599 0.05 0.05
0 0.47870732802874755 0.6228760266940453 0.05 0.05
0 0.5495492171457906 0.4750320841889117 0.05 0.05
0 0.7405143095482547 0.4243818446269678 0.05 0.05
0 0.7969824820328544 0.4668185318275154 0.05 0.05
0 0.7774752951745381 0.4955659650924025 0.05 0.05
0 0.8349701617043122 0.35593557494866535 0.05 0.05
0 0.7333274512320329 0.3367706194387407 0.05 0.05
0 0.4407196483572896 0.2149362594113621 0.05 0.05
0 0.4489332007186859 0.2080916324435319 0.05 0.05
0 0.3729578413757701 0.2012470054757016 0.05 0.05
0 0.29595578798767974 0.2217808863791923 0.05 0.05
0 0.2723418249486654 0.23136336413415465 0.05 0.05
0 0.30211595225872695 0.11363578028747436 0.05 0.05
0 0.29184901180698153 0.09447082477754959 0.05 0.05
0 0.2723418249486654 0.10542222792607797 0.05 0.05
0 0.21382026437371668 0.11637363107460648 0.05 0.05
0 0.20971348819301855 0.09447082477754959 0.05 0.05
0 0.5505759111909652 0.186188826146475 0.05 0.05
