0 0.13144663090646094 0.45475429926068794 0.05 0.05
0 0.17580535800385727 0.4341821359691418 0.05 0.05
0 0.37156234932497584 0.39046628897460633 0.05 0.05
0 0.4004919539537126 0.5036131870781101 0.05 0.05
0 0.4130281159594985 0.531899911603986 0.05 0.05
0 0.44195772058823524 0.580758799421408 0.05 0.05
0 0.4409934004339441 0.6514756107360977 0.05 0.05
0 0.5046385306171649 0.5344714320154292 0.05 0.05
0 0.54803293756027 0.4701834217293475 0.05 0.05
0 0.6029991863548698 0.517756549341048 0.05 0.05
0 0.535496775554484 0.9189137335261974 0.05 0.05
0 0.35999050747348116 0.8109098762455802 0.05 0.05
0 0.29634537729026034 0.7929092333654775 0.05 0.05
0 0.2693444129701061 0.7594794680167148 0.05 0.05
0 0.7707908932015428 0.3943235695917712 0.05 0.05
0 0.8305787427675988 0.17188705400192864 0.05 0.05
0 0.7659692924300868 0.13202848762455802 0.05 0.05
0 0.7553617707328832 0.11402784474445522 0.05 0.05
0 0.6801447986981677 0.1448860896817744 0.05 0.05
0 0.32527498191899706 0.1924592172934748 0.05 0.05
0 0.2828448951301832 0.20917409996785613 0.05 0.05
0 0.24137912849566057 0.2104598601735777 0.05 0.05
0 0.44774364151398266 0.20660257955641276 0.05 0.05
0 0.34166842454194796 0.09988448248151727 0.05 0.05
0 0.30984585945033755 0.09474144165863076 0.05 0.05
0 0.2828448951301832 0.09345568145290907 0.05 0.05
0 0.7428256087270974 0.10374176309868209 0.05 0.05
