0 0.07611714251439537 0.42746521113243774 0.05 0.05
0 0.14233595249520156 0.4185080774152271 0.05 0.05
0 0.2027966050863724 0.43642234484964815 0.05 0.05
0 0.24406339971209218 0.4236264395393474 0.05 0.05
0 0.4196872000959694 0.47736924184261037 0.05 0.05
0 0.3976142634357006 0.505520233525272 0.05 0.05
0 0.40625149952015366 0.5170365483045425 0.05 0.05
0 0.4350422864683302 0.5336712252079335 0.05 0.05
0 0.46767184500959696 0.6219629718490083 0.05 0.05
0 0.5089386396353167 0.5426283589251439 0.05 0.05
0 0.5521248200575817 0.5195957293666027 0.05 0.05
0 0.5636411348368523 0.4952835092770313 0.05 0.05
0 0.5454069697696737 0.4658529270633397 0.05 0.05
0 0.7814914227447217 0.4005938099808061 0.05 0.05
0 0.8467505398272553 0.35964691298784385 0.05 0.05
0 0.6768848968330136 0.2623980326295585 0.05 0.05
0 0.7479021713051824 0.21761236404350606 0.05 0.05
0 0.7882092730326297 0.20993482085732562 0.05 0.05
0 0.7805317298464491 0.1741062859884837 0.05 0.05
0 0.6221824016314781 0.15107365642994233 0.05 0.05
0 0.40913057821497123 0.32381837811900194 0.05 0.05
0 0.34003268953934745 0.3314959213051824 0.05 0.05
0 0.44943767994241846 0.2048164587332053 0.05 0.05
0 0.3717025551823417 0.17154710492642355 0.05 0.05
0 0.33427453214971214 0.1741062859884837 0.05 0.05
0 0.2939674304222649 0.14211652271273192 0.05 0.05
0 0.18360274712092134 0.10756757837491998 0.05 0.05
0 0.21143384117082537 0.08965331094049904 0.05 0.05
0 0.22966800623800387 0.08965331094049904 0.05 0.05
0 0.23830524232245684 0.08965331094049904 0.05 0.05
0 0.2690154150671785 0.09861044465770945 0.05 0.05
0 0.2882092730326296 0.09733085412667937 0.05 0.05
0 0.33427453214971214 0.0755778150991682 0.05 0.05
0 0.31795975287907874 0.07813699616122835 0.05 0.05
0 0.3035643594049905 0.08325535828534865 0.05 0.05
0 0.5828349928023033 0.09477167306461923 0.05 0.05
0 0.36498470489443385 0.08709412987843888 0.05 0.05
0 0.33715361084452977 0.03974928023032618 0.05 0.05
