0 0.029228694551591126 0.5409002330440373 0.05 0.05
0 0.08708790380906462 0.5370429524268725 0.05 0.05
0 0.23848616803278685 0.7749085904853745 0.05 0.05
0 0.3435970648505304 0.7864804323368693 0.05 0.05
0 0.40242059426229504 0.7671940292510447 0.05 0.05
0 0.4400290802796528 0.6437610495017679 0.05 0.05
0 0.40627787487945993 0.5241853503696561 0.05 0.05
0 0.39374171287367404 0.5010416666666667 0.05 0.05
0 0.50078125 0.5241853503696561 0.05 0.05
0 0.5461042972516875 0.4701834217293475 0.05 0.05
0 0.5923916646576664 0.5190423095467696 0.05 0.05
0 0.6994312017839922 0.7749085904853745 0.05 0.05
0 0.870115869093539 0.5074704676952748 0.05 0.05
0 0.9183318768081004 0.4830410237865639 0.05 0.05
0 0.8643299481677916 0.286319712311154 0.05 0.05
0 0.822864181533269 0.2747478704596593 0.05 0.05
0 0.7486115296528448 0.3120349164255867 0.05 0.05
0 0.6955739211668274 0.31460643683702993 0.05 0.05
0 0.6309644708293154 0.2876054725168757 0.05 0.05
0 0.6107137475891996 0.16674401317904214 0.05 0.05
0 0.6676086366923818 0.16545825297332056 0.05 0.05
0 0.4467793213596914 0.20531681935069107 0.05 0.05
0 0.3435970648505304 0.09859872227579558 0.05 0.05
0 0.3069528989874638 0.09731296207007402 0.05 0.05
0 0.2828448951301832 0.09731296207007402 0.05 0.05
0 0.21630680448408873 0.06516895692703314 0.05 0.05
0 0.18062695877531337 0.06774047733847641 0.05 0.05
0 0.46606572444551586 0.3518934828029573 0.05 0.05
