0 0.2795867468287526 0.09089367512332618 0.05 0.05
0 0.2875148652219873 0.09089367512332605 0.05 0.05
0 0.2986142309725158 0.08666534531360087 0.05 0.05
0 0.33666919926004224 0.09089367512332605 0.05 0.05
0 0.35728230708245245 0.08455118040873835 0.05 0.05
0 0.32556983350951374 0.15854695207892863 0.05 0.05
0 0.23994615486257925 0.167003611698379 0.05 0.05
0 0.707705140063425 0.09935033474277641 0.05 0.05
0 0.7251470005285413 0.09723616983791387 0.05 0.05
0 0.828212539640592 0.25579853770260735 0.05 0.05
0 0.8646818842494716 0.24945604298801954 0.05 0.05
0 0.7838150766384778 0.32133764975334717 0.05 0.05
0 0.734660742600423 0.3297943093727975 0.05 0.05
0 0.7314894952431291 0.3741917723749117 0.05 0.05
0 0.7885719476744187 0.3847625968992247 0.05 0.05
0 0.5475571485200846 0.46932919309372784 0.05 0.05
0 0.6062252246300213 0.5602382840028188 0.05 0.05
0 0.6633076770613109 0.5327541402396052 0.05 0.05
0 0.6950201506342496 0.6215490662438335 0.05 0.05
0 0.6664789244186047 0.6617181994362226 0.05 0.05
0 0.2669017573995772 0.7462847956307257 0.05 0.05
0 0.19713431553911204 0.7357139711064129 0.05 0.05
0 0.09882564746300208 0.623663231148696 0.05 0.05
0 0.14005186310782242 0.6363482205778717 0.05 0.05
0 0.05442818446088791 0.4566442036645524 0.05 0.05
0 0.12261000264270612 0.4460733791402395 0.05 0.05
0 0.2811723705073996 0.43550255461592663 0.05 0.05
