0 0.4651014042912247 0.5717584779813565 0.05 0.05
0 0.44774364151398266 0.6437610495017679 0.05 0.05
0 0.40917083534233367 0.5306141513982643 0.05 0.05
0 0.3985633136451302 0.5048989472838316 0.05 0.05
0 0.5952846251205399 0.5036131870781101 0.05 0.05
0 0.5470686174059788 0.4714691819350692 0.05 0.05
0 0.5056028507714562 0.5267568707810993 0.05 0.05
0 0.6560367948408872 0.5100419881067181 0.05 0.05
0 0.7948988970588236 0.4521827788492447 0.05 0.05
0 0.8691515489392477 0.46118310028929604 0.05 0.05
0 0.3648121082449373 0.7967665139826423 0.05 0.05
0 0.31177449975891997 0.780051631308261 0.05 0.05
0 0.2683800928158148 0.7569079476052717 0.05 0.05
0 0.25584393081002893 0.18474465605914503 0.05 0.05
0 0.18641287970106074 0.06002591610414664 0.05 0.05
0 0.20569928278688526 0.04973983445837362 0.05 0.05
0 0.28380921528447445 0.09474144165863076 0.05 0.05
0 0.3127388199132112 0.09731296207007402 0.05 0.05
0 0.3397397842333655 0.10245600289296052 0.05 0.05
0 0.39277739271938283 0.20788833976213444 0.05 0.05
0 0.4467793213596914 0.20660257955641276 0.05 0.05
0 0.5846771034233365 0.21946018161362915 0.05 0.05
0 0.6242142297492768 0.22074594181935073 0.05 0.05
0 0.6020348662005786 0.14360032947605272 0.05 0.05
0 0.6396433522179363 0.14745761009321764 0.05 0.05
0 0.3493829857762777 0.03945375281260048 0.05 0.05
