0 0.27995193466730955 0.7736228302796528 0.05 0.05
0 0.3050242586788814 0.7504791465766636 0.05 0.05
0 0.3648121082449373 0.7890519527483125 0.05 0.05
0 0.45160092213114755 0.6553328913532627 0.05 0.05
0 0.40627787487945993 0.5331856718097076 0.05 0.05
0 0.39759899349083894 0.4984701462552234 0.05 0.05
0 0.5065671709257473 0.5383287126325941 0.05 0.05
0 0.5412826964802314 0.46889766152362594 0.05 0.05
0 0.3590261873191899 0.2850339521054323 0.05 0.05
0 0.3040599385245901 0.2528899469623916 0.05 0.05
0 0.24427208895853428 0.2567472275795564 0.05 0.05
0 0.243307768804243 0.20788833976213444 0.05 0.05
0 0.196056081243973 0.07802655898424954 0.05 0.05
0 0.2847735354387657 0.09216992124718738 0.05 0.05
0 0.30791721914175507 0.09602720186435233 0.05 0.05
0 0.3397397842333655 0.10374176309868209 0.05 0.05
0 0.3812055508678881 0.20017377852780455 0.05 0.05
0 0.6242142297492768 0.13588576824172297 0.05 0.05
0 0.586605743731919 0.0741692783670846 0.05 0.05
0 0.612642387897782 0.06645471713275483 0.05 0.05
0 0.6579654351494696 0.13717152844744465 0.05 0.05
0 0.6946096010125362 0.1448860896817744 0.05 0.05
0 0.3561332268563163 0.036882232401157226 0.05 0.05
0 0.19027016031822563 0.12559968659594994 0.05 0.05
0 0.43424315935390545 0.1911734570877532 0.05 0.05
0 0.4467793213596914 0.20274529893924792 0.05 0.05
