0 0.18762057346723043 0.06763786116983776 0.05 0.05
0 0.21140492864693447 0.07186619097956282 0.05 0.05
0 0.23836053118393236 0.07186619097956282 0.05 0.05
0 0.27165862843551797 0.08877951021846352 0.05 0.05
0 0.2827579941860465 0.09723616983791387 0.05 0.05
0 0.2938573599365751 0.09089367512332605 0.05 0.05
0 0.33508357558139534 0.08666534531360087 0.05 0.05
0 0.34142607029598315 0.076094520789288 0.05 0.05
0 0.3636248017970402 0.08877951021846352 0.05 0.05
0 0.37155292019027486 0.10357866455250159 0.05 0.05
0 0.563413385306554 0.076094520789288 0.05 0.05
0 0.6093964719873151 0.08032285059901317 0.05 0.05
0 0.6966057743128965 0.20294441508104283 0.05 0.05
0 0.7362463662790699 0.20294441508104283 0.05 0.05
0 0.8916374867864695 0.26636936222692026 0.05 0.05
0 0.8060138081395349 0.43973088442565167 0.05 0.05
0 0.7774725819238902 0.5496674594785059 0.05 0.05
0 0.7378319899577168 0.6257773960535588 0.05 0.05
0 0.6585508060253701 0.6194349013389711 0.05 0.05
0 0.6902632795983088 0.5834940979563071 0.05 0.05
0 0.707705140063425 0.4312742248062013 0.05 0.05
0 0.5396290301268499 0.46721502818886523 0.05 0.05
0 0.5253584170190275 0.5306399753347427 0.05 0.05
0 0.4540053514799155 0.5242974806201548 0.05 0.05
0 0.4000941464059197 0.5031558315715291 0.05 0.05
0 0.3826522859408034 0.47144335799859044 0.05 0.05
0 0.4143647595137422 0.3720776074700492 0.05 0.05
0 0.44132036205074004 0.38687676180408725 0.05 0.05
0 0.17493558403805493 0.7103439922480619 0.05 0.05
0 0.20347681025369982 0.7272573114869625 0.05 0.05
0 0.0718700449260042 0.4460733791402395 0.05 0.05
0 0.19713431553911204 0.2409993833685692 0.05 0.05
0 0.2082336812896406 0.24311354827343182 0.05 0.05
0 0.23836053118393236 0.23888521846370664 0.05 0.05
0 0.22250429439746303 0.1902594256518673 0.05 0.05
0 0.21616179968287524 0.14797612755461576 0.05 0.05
0 0.24311740221987313 0.16066111698379118 0.05 0.05
0 0.25738801532769556 0.1627752818886538 0.05 0.05
0 0.2891004889006343 0.20505857998590535 0.05 0.05
0 0.295442983615222 0.24945604298801954 0.05 0.05
0 0.31922733879492604 0.23677105355884412 0.05 0.05
0 0.3287410808668076 0.19660192036645513 0.05 0.05
0 0.36996729651162796 0.247341878083157 0.05 0.05
0 0.39533727536997887 0.24311354827343182 0.05 0.05
0 0.42229287790697684 0.2304285588442563 0.05 0.05
0 0.45717659883720935 0.19871608527131765 0.05 0.05
0 0.4476628567653277 0.1902594256518673 0.05 0.05
0 0.4016797700845666 0.22831439393939376 0.05 0.05
