0 0.22390984884836856 0.21249400191938578 0.05 0.05
0 0.24022462811900197 0.23936540307101725 0.05 0.05
0 0.2728541866602688 0.2112144113883557 0.05 0.05
0 0.22007107725527836 0.07429822456813812 0.05 0.05
0 0.18456244001919392 0.10500839731285984 0.05 0.05
0 0.3112419025911709 0.09733085412667937 0.05 0.05
0 0.3477102327255279 0.09349208253358915 0.05 0.05
0 0.36018624040307107 0.08709412987843888 0.05 0.05
0 0.6720864323416508 0.10756757837491998 0.05 0.05
0 0.7047159908829175 0.18818178182981443 0.05 0.05
0 0.7795720369481767 0.30590411068458084 0.05 0.05
0 0.5741977567178503 0.49784269033909145 0.05 0.05
0 0.5588426703454895 0.5208753198976327 0.05 0.05
0 0.5386891194817659 0.46841210812539985 0.05 0.05
0 0.5012610964491364 0.5426283589251439 0.05 0.05
0 0.4024127279270634 0.5272732725527831 0.05 0.05
0 0.3937754918426104 0.5080794145873321 0.05 0.05
0 0.413929042706334 0.4799284229046705 0.05 0.05
0 0.2546200215930903 0.7729546545105567 0.05 0.05
0 0.20471599088291753 0.7499220249520153 0.05 0.05
0 0.45135706573896356 0.20353686820217523 0.05 0.05
0 0.22199046305182346 0.06278190978886755 0.05 0.05
