0 0.23752184787849567 0.20531681935069107 0.05 0.05
0 0.21630680448408873 0.17960161523625853 0.05 0.05
0 0.23173592695274828 0.1628867325618773 0.05 0.05
0 0.2597012114271938 0.16160097235615561 0.05 0.05
0 0.17773399831243972 0.05102559466409519 0.05 0.05
0 0.3300965826904532 0.14102880906460946 0.05 0.05
0 0.30598857883317265 0.09088416104146582 0.05 0.05
0 0.34552570515911285 0.09988448248151727 0.05 0.05
0 0.4467793213596914 0.2040310591449695 0.05 0.05
0 0.6396433522179363 0.14360032947605272 0.05 0.05
0 0.6213212692864031 0.1346000080360014 0.05 0.05
0 0.6782161583895853 0.14360032947605272 0.05 0.05
0 0.6714659173095467 0.22074594181935073 0.05 0.05
0 0.659894075458052 0.3094633960141434 0.05 0.05
0 0.7158246444069432 0.3171779572484732 0.05 0.05
0 0.7515044901157184 0.3056061153969786 0.05 0.05
0 0.8074350590646094 0.32489251848280293 0.05 0.05
0 0.8344360233847636 0.24131810511089688 0.05 0.05
0 0.8132209799903567 0.5409002330440373 0.05 0.05
0 0.8055064187560269 0.6939056975249116 0.05 0.05
0 0.8903665923336547 0.682333855673417 0.05 0.05
0 0.8990454737222757 0.5396144728383158 0.05 0.05
0 0.5075314910800386 0.5383287126325941 0.05 0.05
0 0.5422470166345226 0.46761190131790425 0.05 0.05
0 0.4072421950337512 0.5216138299582128 0.05 0.05
0 0.3744553097878495 0.5306141513982643 0.05 0.05
0 0.385062831485053 0.5074704676952748 0.05 0.05
0 0.36770506870781094 0.794194993571199 0.05 0.05
0 0.320453381147541 0.794194993571199 0.05 0.05
0 0.3088815392960463 0.7581937078109934 0.05 0.05
