0 0.18286370243128963 0.0930078400281887 0.05 0.05
0 0.2256755417547569 0.09723616983791387 0.05 0.05
0 0.27641549947145877 0.09723616983791387 0.05 0.05
0 0.2827579941860465 0.09300784002818858 0.05 0.05
0 0.2938573599365751 0.08877951021846352 0.05 0.05
0 0.33349795190274845 0.08455118040873835 0.05 0.05
0 0.3461829413319239 0.08032285059901317 0.05 0.05
0 0.44290598572938694 0.20928690979563053 0.05 0.05
0 0.4540053514799155 0.20928690979563053 0.05 0.05
0 0.46193346987315015 0.19660192036645513 0.05 0.05
0 0.21457617600422835 0.1775744362226919 0.05 0.05
0 0.12419562632135303 0.35727845313601114 0.05 0.05
0 0.11309626057082449 0.4312742248062013 0.05 0.05
0 0.5523140195560254 0.49469917195207874 0.05 0.05
0 0.44290598572938694 0.6257773960535588 0.05 0.05
0 0.246288649577167 0.7674264446793515 0.05 0.05
0 0.9360349497885837 0.5729232734319942 0.05 0.05
0 0.6744070428118394 0.26214103241719494 0.05 0.05
0 0.7505169793868923 0.26636936222692026 0.05 0.05
0 0.8028425607822411 0.2832826814658208 0.05 0.05
0 0.8456544001057085 0.29173934108527105 0.05 0.05
0 0.8440687764270614 0.17546027131782924 0.05 0.05
0 0.5475571485200846 0.4587583685694149 0.05 0.05
