0 0.00848145533880904 0.49009026351813806 0.05 0.05
0 0.14092498716632446 0.41343044147843944 0.05 0.05
0 0.19739315965092405 0.37373160506502406 0.05 0.05
0 0.14913853952772077 0.3641491273100616 0.05 0.05
0 0.2867155415811089 0.35867342573579747 0.05 0.05
0 0.317516362936345 0.3518287987679672 0.05 0.05
0 0.2713151309034908 0.2902271560574949 0.05 0.05
0 0.30724942248459963 0.28748930527036276 0.05 0.05
0 0.22614059291581112 0.23957691649555102 0.05 0.05
0 0.19328638347022592 0.07804372005475695 0.05 0.05
0 0.2713151309034908 0.11911148186173849 0.05 0.05
0 0.2980091760780288 0.11774255646817243 0.05 0.05
0 0.2897956237166325 0.09720867556468171 0.05 0.05
0 0.2856888475359344 0.09994652635181384 0.05 0.05
0 0.4335327900410678 0.2149362594113621 0.05 0.05
0 0.36474428901437383 0.08078157084188907 0.05 0.05
0 0.4489332007186859 0.20535378165639978 0.05 0.05
0 0.5670030159137578 0.18345097535934302 0.05 0.05
0 0.6778859727926079 0.4189061430527037 0.05 0.05
0 0.7117668762833677 0.4189061430527037 0.05 0.05
0 0.8503705723819304 0.6310895790554415 0.05 0.05
0 0.9058120508213554 0.6488856091718003 0.05 0.05
0 0.4971878208418892 0.5380026522929501 0.05 0.05
0 0.4889742684804929 0.564012234770705 0.05 0.05
0 0.47870732802874755 0.6064489219712527 0.05 0.05
0 0.4479065066735114 0.5202066221765914 0.05 0.05
0 0.37193114733059557 0.506517368240931 0.05 0.05
0 0.38425147587269004 0.46955638261464755 0.05 0.05
0 0.5392822766940453 0.4777699349760438 0.05 0.05
0 0.1881529132443532 0.7542928644763861 0.05 0.05
