0 0.11505318828351012 0.552472074895532 0.05 0.05
0 0.1420541526036644 0.49075558502089367 0.05 0.05
0 0.1700194370781099 0.5473290340726454 0.05 0.05
0 0.3011669780617165 0.7993380343940856 0.05 0.05
0 0.3146674602217936 0.7620509884281581 0.05 0.05
0 0.3628834679363549 0.7954807537769207 0.05 0.05
0 0.5036742104628736 0.8931985294117647 0.05 0.05
0 0.6531438343780135 0.8276247589199615 0.05 0.05
0 0.6261428700578592 0.9690583815493411 0.05 0.05
0 0.7698265730472518 0.9677726213436195 0.05 0.05
0 0.822864181533269 0.8841982079717133 0.05 0.05
0 0.2548796106557377 0.24903266634522664 0.05 0.05
0 0.26355849204435866 0.22588898264223733 0.05 0.05
0 0.27609465405014466 0.2271747428479589 0.05 0.05
0 0.2500580098842816 0.18988769688203153 0.05 0.05
0 0.18544855954676953 0.07931231918997111 0.05 0.05
0 0.22402136571841852 0.04073951301832217 0.05 0.05
0 0.30984585945033755 0.09731296207007402 0.05 0.05
0 0.3435970648505304 0.09859872227579558 0.05 0.05
0 0.40627787487945993 0.27346211025393763 0.05 0.05
0 0.4429220407425265 0.2156029009964642 0.05 0.05
0 0.4043492345708775 0.5241853503696561 0.05 0.05
0 0.39374171287367404 0.4997559064609451 0.05 0.05
0 0.5084958112343297 0.5409002330440373 0.05 0.05
0 0.45352956243972997 0.6000452025072325 0.05 0.05
0 0.44195772058823524 0.6373322484731597 0.05 0.05
0 0.5451399770973964 0.4663261411121827 0.05 0.05
0 0.6618227157666345 0.2798909112825458 0.05 0.05
0 0.5972132654291225 0.18345889585342334 0.05 0.05
0 0.5923916646576664 0.16931553359048537 0.05 0.05
0 0.6164996685149469 0.174458574413372 0.05 0.05
0 0.6926809607039537 0.27217635004821605 0.05 0.05
0 0.7090744033269045 0.2696048296367728 0.05 0.05
0 0.7167889645612343 0.2271747428479589 0.05 0.05
0 0.7765768141272902 0.3030345949855352 0.05 0.05
0 0.766933612584378 0.23488930408228867 0.05 0.05
