0 0.24945989693446088 0.19237359055672995 0.05 0.05
0 0.29227173625792807 0.2536843727977447 0.05 0.05
0 0.344597317653277 0.25579853770260735 0.05 0.05
0 0.27324425211416487 0.09300784002818858 0.05 0.05
0 0.28592924154334043 0.09089367512332605 0.05 0.05
0 0.33984044661733626 0.08877951021846352 0.05 0.05
0 0.3636248017970402 0.054952871740662226 0.05 0.05
0 0.36203917811839326 0.08666534531360087 0.05 0.05
0 0.42070725422832983 0.1923735905567298 0.05 0.05
0 0.4333922436575054 0.21140107470049305 0.05 0.05
0 0.45876222251585624 0.1923735905567298 0.05 0.05
0 0.6744070428118394 0.1627752818886538 0.05 0.05
0 0.7314894952431291 0.12472031360112736 0.05 0.05
0 0.7616163451374207 0.11414948907681446 0.05 0.05
0 0.8377262817124738 0.3720776074700492 0.05 0.05
0 0.828212539640592 0.4629866983791401 0.05 0.05
0 0.7536882267441861 0.5898365926708949 0.05 0.05
0 0.6522083113107823 0.42704589499647627 0.05 0.05
0 0.6870920322410149 0.41647507047216337 0.05 0.05
0 0.5475571485200846 0.47144335799859044 0.05 0.05
0 0.3477685650105709 0.47567168780831554 0.05 0.05
0 0.29227173625792807 0.47778585271317814 0.05 0.05
0 0.18920619714587736 0.623663231148696 0.05 0.05
0 0.2256755417547569 0.6553757047216349 0.05 0.05
0 0.2669017573995772 0.739942300916138 0.05 0.05
0 0.47461845930232566 0.9386738019732205 0.05 0.05
0 0.5285296643763214 0.9006188336856941 0.05 0.05
