0 0.07596526682439539 0.6671825709779181 0.05 0.05
0 0.23369397344900103 0.5325874079915881 0.05 0.05
0 0.251569893533123 0.4512694970206802 0.05 0.05
0 0.2042512815457413 0.36294142131090107 0.05 0.05
0 0.32307357386961083 0.2830255432877676 0.05 0.05
0 0.3073007032071503 0.2451706536978622 0.05 0.05
0 0.3335888209779179 0.2451706536978622 0.05 0.05
0 0.34410406808622496 0.23816048895899086 0.05 0.05
0 0.36723761172450037 0.29844790571328456 0.05 0.05
0 0.41560774842271286 0.4821142218717142 0.05 0.05
0 0.3977318283385908 0.501742683140554 0.05 0.05
0 0.4040409766035751 0.517165045566071 0.05 0.05
0 0.42296842139852775 0.8298183929197337 0.05 0.05
0 0.5091934476866455 0.5311853750438137 0.05 0.05
0 0.542842238433228 0.5213711444093938 0.05 0.05
0 0.5544090102523658 0.501742683140554 0.05 0.05
0 0.5459968125657201 0.4793101559761657 0.05 0.05
0 0.7857444466351207 0.6026890553803016 0.05 0.05
0 0.8803816706098839 0.6265236154924643 0.05 0.05
0 0.7510441311777074 0.4779081230283914 0.05 0.05
0 0.7205499145636169 0.4582796617595516 0.05 0.05
0 0.7752291995268135 0.43444510164738903 0.05 0.05
0 0.8530420281282858 0.4905264195583598 0.05 0.05
0 0.8530420281282858 0.44005323343848607 0.05 0.05
0 0.9077213130914824 0.4260329039607433 0.05 0.05
0 0.6963648462145108 0.09515312828601499 0.05 0.05
0 0.3051976537854889 0.1273998860848233 0.05 0.05
0 0.34410406808622496 0.1119775236593064 0.05 0.05
0 0.3125583267613038 0.10917345776375775 0.05 0.05
0 0.27785801130389054 0.10496735892043496 0.05 0.05
0 0.2862702089905362 0.09375109533824073 0.05 0.05
0 0.23474549815983173 0.0909470294426922 0.05 0.05
0 0.18637536146161932 0.07272060112162677 0.05 0.05
0 0.3283311974237644 0.09935922712933791 0.05 0.05
0 0.37670133412197676 0.09515312828601499 0.05 0.05
0 0.3882681059411145 0.09234906239046646 0.05 0.05
0 0.37985590825446885 0.034865711531721404 0.05 0.05
0 0.41455622371188217 0.054494172800561104 0.05 0.05
0 0.2526214182439537 0.10076126007711217 0.05 0.05
