0 0.22999350382932163 0.0699694566010211 0.05 0.05
0 0.23163464168490155 0.10498039752005824 0.05 0.05
0 0.31369153446389497 0.0940394784828591 0.05 0.05
0 0.2628162609409191 0.1728140955506928 0.05 0.05
0 0.2923567423413567 0.17062591174325295 0.05 0.05
0 0.3678490836980306 0.15312044128373437 0.05 0.05
0 0.44334142505470464 0.20782503646972994 0.05 0.05
0 0.45318825218818387 0.20782503646972994 0.05 0.05
0 0.5450919721006565 0.21220140408460963 0.05 0.05
0 0.6173020377461708 0.14655588986141493 0.05 0.05
0 0.6665361734135669 0.3019169401896425 0.05 0.05
0 0.7338228254923413 0.26909418307804506 0.05 0.05
0 0.7518753419037201 0.2012604850474105 0.05 0.05
0 0.7945449261487967 0.21657777169948922 0.05 0.05
0 0.815879718271335 0.30410512399708234 0.05 0.05
0 0.7666455826039388 0.5469935266229029 0.05 0.05
0 0.7387462390590811 0.5579344456601021 0.05 0.05
0 0.7387462390590811 0.6892254741064915 0.05 0.05
0 0.9012188867614881 0.6016981218088986 0.05 0.05
0 0.7814158233041577 0.9715011852662291 0.05 0.05
0 0.6829475519693655 0.9299256929248724 0.05 0.05
0 0.6829475519693655 0.6607790846097737 0.05 0.05
0 0.5483742478118162 0.4660307257476294 0.05 0.05
0 0.5811970049234136 0.49228893143690733 0.05 0.05
0 0.5680679020787747 0.5119825857038658 0.05 0.05
0 0.50242238785558 0.5294880561633843 0.05 0.05
0 0.4072363922319475 0.5251116885485048 0.05 0.05
0 0.39738956509846834 0.5141707695113056 0.05 0.05
0 0.45154711433260397 0.6607790846097737 0.05 0.05
0 0.4482648386214443 0.6782845550692923 0.05 0.05
0 0.48929328501094094 0.735177334062728 0.05 0.05
0 0.42200663293216634 0.8030110320933626 0.05 0.05
0 0.39246615153172865 0.8030110320933626 0.05 0.05
0 0.30056243161925605 0.8051992159008025 0.05 0.05
0 0.2710219502188184 0.7942582968636033 0.05 0.05
0 0.024851271881838024 0.9189847738876733 0.05 0.05
