0 0.3580022565645514 0.09403947848285922 0.05 0.05
0 0.39410728938730855 0.0940394784828591 0.05 0.05
0 0.2923567423413567 0.11373313274981751 0.05 0.05
0 0.31533267231947487 0.09185129467541925 0.05 0.05
0 0.2234289524070022 0.045899434719182966 0.05 0.05
0 0.1906061952954048 0.15312044128373437 0.05 0.05
0 0.22671122811816197 0.13123860320933609 0.05 0.05
0 0.4499059764770242 0.20782503646972994 0.05 0.05
0 0.4449825629102845 0.2603414478482858 0.05 0.05
0 0.3612845322757111 0.16187317651349364 0.05 0.05
0 0.32517949945295405 0.17719046316557238 0.05 0.05
0 0.34159087800875276 0.1881313822027715 0.05 0.05
0 0.37605477297592993 0.2515887126185265 0.05 0.05
0 0.2726630880743982 0.25815326404084604 0.05 0.05
0 0.21686440098468274 0.25815326404084604 0.05 0.05
0 0.07080313183807435 0.5907572027716995 0.05 0.05
0 0.03798037472647698 0.6564027169948943 0.05 0.05
0 0.06916199398249448 0.6564027169948943 0.05 0.05
0 0.12167840536105032 0.5929453865791392 0.05 0.05
0 0.2234289524070022 0.7417418854850475 0.05 0.05
0 0.238199193107221 0.759247355944566 0.05 0.05
0 0.13152523249452952 0.9386784281546316 0.05 0.05
0 0.30056243161925605 0.8183283187454413 0.05 0.05
0 0.31205039660831513 0.8292692377826404 0.05 0.05
0 0.3530788429978118 0.8992911196207148 0.05 0.05
0 0.40231297866520793 0.8051992159008025 0.05 0.05
0 0.4778053200218819 0.7286127826404083 0.05 0.05
0 0.41708321936542675 0.6564027169948943 0.05 0.05
0 0.39410728938730855 0.5054180342815463 0.05 0.05
0 0.4055952543763676 0.5294880561633843 0.05 0.05
0 0.5106280771334792 0.5360526075857038 0.05 0.05
0 0.551656523522976 0.4725952771699489 0.05 0.05
0 0.6927943791028447 0.5666871808898613 0.05 0.05
0 0.7321816876367616 0.5820044675419401 0.05 0.05
0 0.7124880333698032 0.9518075309992706 0.05 0.05
0 0.8355733725382934 0.26909418307804506 0.05 0.05
0 0.8454201996717726 0.2056368526622901 0.05 0.05
0 0.8125974425601752 0.2340832421590078 0.05 0.05
0 0.7715689961706784 0.25815326404084604 0.05 0.05
0 0.7403873769146609 0.2428359773887672 0.05 0.05
0 0.6583304841356675 0.16843772793581308 0.05 0.05
0 0.5811970049234136 0.1224858679795768 0.05 0.05
0 0.5450919721006565 0.21438958789204948 0.05 0.05
0 0.5697090399343546 0.20344866885485036 0.05 0.05
0 0.5450919721006565 0.1224858679795768 0.05 0.05
