0 0.3640250119961612 0.212494001919386 0.05 0.05
0 0.3736219409788868 0.20865523032629554 0.05 0.05
0 0.4484779870441459 0.20993482085732562 0.05 0.05
0 0.3006852807101728 0.3148612444017914 0.05 0.05
0 0.23158739203454898 0.39035708573256556 0.05 0.05
0 0.24214401391554707 0.30078574856046053 0.05 0.05
0 0.1960787547984645 0.4300243921944978 0.05 0.05
0 0.40433211372360855 0.5323916346769034 0.05 0.05
0 0.394735184740883 0.5029610524632118 0.05 0.05
0 0.41296934980806144 0.4799284229046705 0.05 0.05
0 0.5060595609404991 0.5375099968010237 0.05 0.05
0 0.5434875839731287 0.5170365483045425 0.05 0.05
0 0.5607620561420347 0.49400391874600125 0.05 0.05
0 0.5463666626679463 0.46713251759436974 0.05 0.05
0 0.639456873800384 0.3033449296225207 0.05 0.05
0 0.686481825815739 0.31230206333973126 0.05 0.05
0 0.6164242442418427 0.2048164587332053 0.05 0.05
0 0.6768848968330136 0.18178382917466404 0.05 0.05
0 0.7219904630518235 0.1536328374920025 0.05 0.05
0 0.7920480446257199 0.32381837811900194 0.05 0.05
0 0.8822591770633398 0.3929162667946257 0.05 0.05
0 0.8851382557581575 0.5349508157389635 0.05 0.05
0 0.28437050143953935 0.7512016154830454 0.05 0.05
0 0.34195207533589256 0.14851447536788218 0.05 0.05
0 0.36306531909788875 0.14851447536788218 0.05 0.05
0 0.33331483925143957 0.09605126359564929 0.05 0.05
0 0.30932251679462575 0.09605126359564929 0.05 0.05
0 0.36018624040307107 0.07941658669225843 0.05 0.05
