0 0.2498215571017275 0.1945797344849647 0.05 0.05
0 0.24790217130518238 0.1587511996161228 0.05 0.05
0 0.2728541866602688 0.09477167306461923 0.05 0.05
0 0.29588681621881 0.10500839731285984 0.05 0.05
0 0.31220159548944343 0.09221249200255907 0.05 0.05
0 0.3553877759117083 0.09989003518873953 0.05 0.05
0 0.3697831693857966 0.14467570377479197 0.05 0.05
0 0.4206468929942419 0.17794505758157383 0.05 0.05
0 0.18552213291746647 0.7230506238003839 0.05 0.05
0 0.20567568378119003 0.7051363563659628 0.05 0.05
0 0.40433211372360855 0.5311120441458733 0.05 0.05
0 0.3908964131477927 0.4965630998080614 0.05 0.05
0 0.3976142634357006 0.4607345649392194 0.05 0.05
0 0.49934171065259125 0.5221549104286628 0.05 0.05
0 0.5444472768714013 0.4696916986564299 0.05 0.05
0 0.6701670465451056 0.6501139635316698 0.05 0.05
0 0.7795720369481767 0.9495381477927064 0.05 0.05
0 0.815080674184261 0.9329034708893154 0.05 0.05
0 0.8457908469289828 0.5285528630838132 0.05 0.05
0 0.9062514995201536 0.5323916346769034 0.05 0.05
0 0.7757332653550864 0.16131038067818296 0.05 0.05
0 0.7047159908829175 0.32253878758797183 0.05 0.05
0 0.65673134596929 0.3263775591810621 0.05 0.05
0 0.6001094649712093 0.24064499360204733 0.05 0.05
0 0.6183436300383878 0.1792246481126039 0.05 0.05
0 0.6509731885796546 0.15747160908509272 0.05 0.05
0 0.5799559141074857 0.09861044465770945 0.05 0.05
0 0.5559635916506719 0.09861044465770945 0.05 0.05
