0 0.24022462811900192 0.7537607965451056 0.05 0.05
0 0.17880428262955855 0.7268893953934741 0.05 0.05
0 0.20375629798464495 0.6270813339731286 0.05 0.05
0 0.19415936900191944 0.6040487044145874 0.05 0.05
0 0.4024127279270634 0.524714091490723 0.05 0.05
0 0.394735184740883 0.5106385956493923 0.05 0.05
0 0.413929042706334 0.48504678502879084 0.05 0.05
0 0.5060595609404991 0.5375099968010237 0.05 0.05
0 0.5358100407869483 0.47353047024952016 0.05 0.05
0 0.8285163747600768 0.8791606685860526 0.05 0.05
0 0.6193033229366603 0.1843430102367242 0.05 0.05
0 0.6538522672744722 0.18306341970569412 0.05 0.05
0 0.6788042826295586 0.17282669545745363 0.05 0.05
0 0.6653685820537428 0.11396553103007037 0.05 0.05
0 0.5780365283109405 0.12164307421625083 0.05 0.05
0 0.45135706573896356 0.21377359245041586 0.05 0.05
0 0.35442808301343576 0.1894613723608445 0.05 0.05
0 0.2651766434740883 0.1907409628918746 0.05 0.05
0 0.22966800623800387 0.20353686820217523 0.05 0.05
0 0.1826430542226488 0.08709412987843888 0.05 0.05
0 0.30740313099808064 0.09733085412667937 0.05 0.05
0 0.3477102327255279 0.09733085412667937 0.05 0.05
0 0.3573071617082534 0.047426823416506635 0.05 0.05
