0 0.03004203028747434 0.5653811601642711 0.05 0.05
0 0.07110979209445586 0.751555013689254 0.05 0.05
0 0.17069911447638608 0.5735947125256674 0.05 0.05
0 0.4171056853182752 0.7871470739219714 0.05 0.05
0 0.3934917222792609 0.5051484428473648 0.05 0.05
0 0.4047853567761807 0.5284201745379877 0.05 0.05
0 0.43147940195071877 0.5188376967830254 0.05 0.05
0 0.4756272458932239 0.5024105920602328 0.05 0.05
0 0.5146416196098563 0.5325269507186859 0.05 0.05
0 0.5526292992813142 0.5270512491444216 0.05 0.05
0 0.5628962397330597 0.4928281143052704 0.05 0.05
0 0.5474958290554415 0.4654496064339494 0.05 0.05
0 0.6902063013347024 0.3764694558521561 0.05 0.05
0 0.7456477797741273 0.3792073066392882 0.05 0.05
0 0.8010892582135524 0.9596316735112936 0.05 0.05
0 0.8832247818275155 0.8432730150581794 0.05 0.05
0 0.7446210857289529 0.10405330253251203 0.05 0.05
0 0.7302473690965093 0.09583975017111565 0.05 0.05
0 0.6594054799794662 0.08078157084188907 0.05 0.05
0 0.557762769507187 0.18071312457221086 0.05 0.05
0 0.4417463424024642 0.2012470054757016 0.05 0.05
0 0.36987775924024646 0.15470354209445578 0.05 0.05
0 0.33497016170431215 0.16976172142368237 0.05 0.05
0 0.29595578798767974 0.21767411019849423 0.05 0.05
0 0.27028843685831627 0.17113064681724843 0.05 0.05
0 0.23743422741273107 0.16702387063655025 0.05 0.05
0 0.21587365246406573 0.20946055783709785 0.05 0.05
0 0.19328638347022592 0.17386849760438056 0.05 0.05
0 0.18917960728952776 0.19303345311430534 0.05 0.05
0 0.2672083547227927 0.09857760095824777 0.05 0.05
0 0.2877422356262834 0.09310189938398353 0.05 0.05
0 0.357557430698152 0.04108273442847358 0.05 0.05
0 0.370904453285421 0.2792757529089665 0.05 0.05
0 0.264128272587269 0.2765379021218344 0.05 0.05
0 0.208686794147844 0.28475145448323075 0.05 0.05
