0 0.23684854758149312 0.49333048545390845 0.05 0.05
0 0.07070764327024189 0.6531622415001755 0.05 0.05
0 0.2820641101472134 0.7751391079565372 0.05 0.05
0 0.4029894518927444 0.5297833420960394 0.05 0.05
0 0.393525729495268 0.5087528478794253 0.05 0.05
0 0.5060388735541533 0.5367935068349109 0.05 0.05
0 0.5491513866982122 0.5227731773571681 0.05 0.05
0 0.5628212079390114 0.496134551349457 0.05 0.05
0 0.5365330901682437 0.46108372765510014 0.05 0.05
0 0.42401994610935845 0.19329543463021417 0.05 0.05
0 0.45346263801261816 0.19469746757798845 0.05 0.05
0 0.5575635843848579 0.19189340168243993 0.05 0.05
0 0.2915278325446897 0.10917345776375775 0.05 0.05
0 0.2862702089905362 0.06991653522607813 0.05 0.05
0 0.24315769584647734 0.09935922712933791 0.05 0.05
0 0.23684854758149312 0.07552466701717529 0.05 0.05
0 0.26629123948475286 0.10636939186820922 0.05 0.05
0 0.27785801130389054 0.09795719418156364 0.05 0.05
0 0.2915278325446897 0.0909470294426922 0.05 0.05
0 0.37249523527865397 0.04327790921836699 0.05 0.05
