0 0.14092498716632446 0.41753721765913737 0.05 0.05
0 0.29082231776180706 0.3942654859685147 0.05 0.05
0 0.37603792351129367 0.49830381587953465 0.05 0.05
0 0.38630486396303904 0.4859834873374402 0.05 0.05
0 0.4479065066735114 0.533895876112252 0.05 0.05
0 0.5146416196098563 0.5462162046543464 0.05 0.05
0 0.49616112679671465 0.5859150410677619 0.05 0.05
0 0.48076071611909654 0.6228760266940453 0.05 0.05
0 0.6008839194045176 0.41616829226557156 0.05 0.05
0 0.6193644122176593 0.3901587097878166 0.05 0.05
0 0.7230605107802875 0.5051484428473648 0.05 0.05
0 0.7251138988706367 0.4175372176591376 0.05 0.05
0 0.7897956237166326 0.45449820328542095 0.05 0.05
0 0.800062564168378 0.41479936687200547 0.05 0.05
0 0.7959557879876797 0.4750320841889117 0.05 0.05
0 0.706633406057495 0.12869395961670094 0.05 0.05
0 0.6706991144763862 0.14648998973305952 0.05 0.05
0 0.5516026052361397 0.19987808008213553 0.05 0.05
0 0.4520132828542095 0.19987808008213553 0.05 0.05
0 0.4417463424024642 0.21630518480492805 0.05 0.05
0 0.317516362936345 0.21356733401779604 0.05 0.05
0 0.31546297484599595 0.186188826146475 0.05 0.05
0 0.27028843685831627 0.2217808863791923 0.05 0.05
0 0.22716728696098568 0.21767411019849423 0.05 0.05
0 0.2189537345995894 0.17660634839151268 0.05 0.05
0 0.19431307751540045 0.18345097535934302 0.05 0.05
0 0.2795286832648871 0.14238321355236133 0.05 0.05
0 0.28363545944558527 0.09857760095824777 0.05 0.05
0 0.29390239989733064 0.09447082477754959 0.05 0.05
0 0.18609952515400416 0.039713809034907635 0.05 0.05
