0 0.22697172619047618 0.06321097883597879 0.05 0.05
0 0.2587177579365079 0.07379298941798934 0.05 0.05
0 0.242844742063492 0.11612103174603164 0.05 0.05
0 0.2527653769841269 0.1267030423280423 0.05 0.05
0 0.3063368055555554 0.09495701058201055 0.05 0.05
0 0.361892361111111 0.27220568783068777 0.05 0.05
0 0.44720982142857135 0.1981316137566137 0.05 0.05
0 0.45713045634920624 0.20077711640211635 0.05 0.05
0 0.5424479166666665 0.21400462962962952 0.05 0.05
0 0.6376860119047618 0.15315806878306878 0.05 0.05
0 0.6793526785714283 0.15315806878306878 0.05 0.05
0 0.7388764880952379 0.22194113756613756 0.05 0.05
0 0.7864955357142855 0.22194113756613756 0.05 0.05
0 0.8063368055555553 0.1610945767195767 0.05 0.05
0 0.6614955357142855 0.32511574074074073 0.05 0.05
0 0.5484002976190474 0.457390873015873 0.05 0.05
0 0.5860987103174602 0.486491402116402 0.05 0.05
0 0.5662574404761903 0.5103009259259258 0.05 0.05
0 0.4987971230158729 0.5314649470899471 0.05 0.05
0 0.3936383928571428 0.5103009259259258 0.05 0.05
0 0.4114955357142856 0.5288194444444444 0.05 0.05
0 0.5285590277777776 0.6240575396825396 0.05 0.05
0 0.46506696428571415 0.7378141534391534 0.05 0.05
0 0.41546378968253955 0.7457506613756613 0.05 0.05
0 0.34205109126984123 0.8092427248677247 0.05 0.05
0 0.3182415674603174 0.7669146825396825 0.05 0.05
0 0.2666542658730158 0.7431051587301586 0.05 0.05
0 0.26467013888888885 0.7880787037037036 0.05 0.05
0 0.7547495039682539 0.5446924603174602 0.05 0.05
0 0.7884796626984125 0.6240575396825396 0.05 0.05
0 0.8539558531746028 0.6637400793650793 0.05 0.05
0 0.7388764880952379 0.8198247354497353 0.05 0.05
