0 0.41876232255520496 0.22133609358569958 0.05 0.05
0 0.45135958859095676 0.20170763231685976 0.05 0.05
0 0.393525729495268 0.17366697336137424 0.05 0.05
0 0.3556708399053627 0.1722649404136 0.05 0.05
0 0.3609284634595162 0.2928397739221874 0.05 0.05
0 0.2568275170872765 0.2928397739221874 0.05 0.05
0 0.26208514064143 0.27601537854889624 0.05 0.05
0 0.21686957807570972 0.21853202769015106 0.05 0.05
0 0.19373603443743423 0.29143774097441316 0.05 0.05
0 0.2536729429547844 0.1722649404136 0.05 0.05
0 0.27260038774973705 0.1638527427269544 0.05 0.05
0 0.27890953601472124 0.12599785313704903 0.05 0.05
0 0.2599820912197686 0.12459582018927477 0.05 0.05
0 0.27365191246056775 0.0671124693305296 0.05 0.05
0 0.2589305665089379 0.07552466701717529 0.05 0.05
0 0.19058146030494214 0.11057549071153201 0.05 0.05
0 0.18111773790746583 0.04187587627059273 0.05 0.05
0 0.3609284634595162 0.12319378724150051 0.05 0.05
0 0.37985590825446885 0.27601537854889624 0.05 0.05
0 0.7405288840694004 0.1680588415702772 0.05 0.05
0 0.5575635843848579 0.20170763231685976 0.05 0.05
0 0.5070903982649841 0.5241752103049424 0.05 0.05
0 0.45451416272344886 0.5213711444093938 0.05 0.05
0 0.4029894518927444 0.5241752103049424 0.05 0.05
0 0.3882681059411145 0.49753658429723124 0.05 0.05
0 0.42717452024185054 0.794767569225377 0.05 0.05
0 0.5533574855415351 0.5157630126182968 0.05 0.05
0 0.5596666338065193 0.486320320715037 0.05 0.05
0 0.5459968125657201 0.4722999912372944 0.05 0.05
0 0.34936169164037845 0.8045817998597968 0.05 0.05
0 0.3567223646161934 0.7765411409043115 0.05 0.05
0 0.09278966219768665 0.8312204258675081 0.05 0.05
0 0.010770734752891743 0.8550549859796707 0.05 0.05
0 0.24736379468980013 0.6657805380301439 0.05 0.05
0 0.858299651682439 0.8270143270241852 0.05 0.05
0 0.9645036474763404 0.846642788293025 0.05 0.05
0 0.27680648659305984 0.09515312828601499 0.05 0.05
