0 0.1965854458041958 0.15051719114219123 0.05 0.05
0 0.18740712412587415 0.2064612470862471 0.05 0.05
0 0.25690013111888116 0.10156614219114223 0.05 0.05
0 0.2778791520979021 0.09282488344988345 0.05 0.05
0 0.31328125 0.09632138694638688 0.05 0.05
0 0.4457113199300699 0.2064612470862471 0.05 0.05
0 0.452267263986014 0.2064612470862471 0.05 0.05
0 0.30803649475524475 0.17499271561771554 0.05 0.05
0 0.27001201923076923 0.17499271561771554 0.05 0.05
0 0.28312390734265735 0.227440268065268 0.05 0.05
0 0.21494208916083918 0.2991185897435898 0.05 0.05
0 0.2660784527972028 0.325342365967366 0.05 0.05
0 0.31328125 0.3235941142191142 0.05 0.05
0 0.3539281031468532 0.31660110722610724 0.05 0.05
0 0.39064138986013985 0.505412296037296 0.05 0.05
0 0.3998197115384616 0.526391317016317 0.05 0.05
0 0.5610959353146854 0.5281395687645688 0.05 0.05
0 0.5886309003496504 0.5019157925407925 0.05 0.05
0 0.542739291958042 0.4704472610722611 0.05 0.05
0 0.21756446678321684 0.5805871212121212 0.05 0.05
0 0.12184768356643357 0.7938738344988345 0.05 0.05
0 0.10349104020979019 0.9634542540792541 0.05 0.05
0 0.271323208041958 0.7536640442890443 0.05 0.05
0 0.3014805506993007 0.811356351981352 0.05 0.05
0 0.36310642482517486 0.7798878205128206 0.05 0.05
0 0.40768684440559444 0.7519157925407925 0.05 0.05
0 0.4207987325174825 0.8061115967365968 0.05 0.05
0 0.44046656468531464 0.7379297785547786 0.05 0.05
0 0.5112707604895105 0.881286421911422 0.05 0.05
0 0.5728966346153846 0.6505171911421912 0.05 0.05
0 0.8980714597902099 0.5089087995337995 0.05 0.05
0 0.911183347902098 0.533384324009324 0.05 0.05
0 0.7053267045454547 0.39702068764568765 0.05 0.05
0 0.639767263986014 0.18373397435897434 0.05 0.05
0 0.6555015297202798 0.18023747086247088 0.05 0.05
0 0.7564630681818182 0.20820949883449877 0.05 0.05
