0 0.014763892237222753 0.6656189729990357 0.05 0.05
0 0.08708790380906462 0.42646757473481195 0.05 0.05
0 0.1950917610896818 0.7080490597878496 0.05 0.05
0 0.22980728664416583 0.7556221873995501 0.05 0.05
0 0.5046385306171649 0.5396144728383158 0.05 0.05
0 0.4082065151880424 0.5293283911925426 0.05 0.05
0 0.39567035318225646 0.5087562279009965 0.05 0.05
0 0.4168853965766634 0.4766122227579557 0.05 0.05
0 0.5461042972516875 0.465040380906461 0.05 0.05
0 0.6454292731436837 0.5627581565413051 0.05 0.05
0 0.7553617707328832 0.4868983044037287 0.05 0.05
0 0.8498651458534233 0.4560400594664095 0.05 0.05
0 0.908688675265188 0.465040380906461 0.05 0.05
0 0.7659692924300868 0.17188705400192864 0.05 0.05
0 0.7833270552073289 0.1577436917389908 0.05 0.05
0 0.4053135547251688 0.2606045081967213 0.05 0.05
0 0.376383950096432 0.2451753857280617 0.05 0.05
0 0.2924880966730955 0.2631760286081646 0.05 0.05
0 0.25198665019286404 0.29532003375120547 0.05 0.05
0 0.23559320756991325 0.2991773143683704 0.05 0.05
0 0.20955656340405016 0.3030345949855352 0.05 0.05
0 0.30020265790742523 0.19374497749919636 0.05 0.05
0 0.3397397842333655 0.18603041626486672 0.05 0.05
0 0.44388636089681777 0.21431714079074263 0.05 0.05
0 0.35420458654773385 0.14745761009321764 0.05 0.05
0 0.31370314006750244 0.13074272741883644 0.05 0.05
0 0.30984585945033755 0.09345568145290907 0.05 0.05
0 0.28670217574734813 0.09731296207007402 0.05 0.05
0 0.3445613850048216 0.09345568145290907 0.05 0.05
0 0.22884296648987465 0.10117024268723883 0.05 0.05
0 0.2076279230954677 0.11145632433301197 0.05 0.05
0 0.1970204013982642 0.12945696721311475 0.05 0.05
0 0.27609465405014466 0.04331103342976542 0.05 0.05
0 0.28959513621022176 0.04331103342976542 0.05 0.05
0 0.32141770130183217 0.19503073770491805 0.05 0.05
