0 0.05283172318611991 0.6994293287767265 0.05 0.05
0 0.06439849500525766 0.6475541097090783 0.05 0.05
0 0.009719210042061045 0.6419459779179812 0.05 0.05
0 0.2505183688222923 0.7961696021731512 0.05 0.05
0 0.37144371056782327 0.8200041622853138 0.05 0.05
0 0.41455622371188217 0.7849533385909571 0.05 0.05
0 0.44925653916929537 0.6783988345601124 0.05 0.05
0 0.40929860015772856 0.5311853750438137 0.05 0.05
0 0.3956287789169294 0.5059487819838768 0.05 0.05
0 0.41665927313354356 0.486320320715037 0.05 0.05
0 0.49972972528916915 0.5227731773571681 0.05 0.05
0 0.5470483372765508 0.5241752103049424 0.05 0.05
0 0.5649242573606728 0.4947325184016827 0.05 0.05
0 0.5375846148790745 0.4666918594461972 0.05 0.05
0 0.7447349829127232 0.6363378461268842 0.05 0.05
0 0.7857444466351207 0.5900707588503331 0.05 0.05
0 0.7941566443217662 0.19890356642131124 0.05 0.05
0 0.7636624277076758 0.1722649404136 0.05 0.05
0 0.27154886303890635 0.3194783999298986 0.05 0.05
0 0.19478755914826493 0.34892109183315845 0.05 0.05
0 0.17375706493165088 0.3363027953031898 0.05 0.05
0 0.2578790417981072 0.2409645548545394 0.05 0.05
0 0.22843634989484748 0.15964664388363162 0.05 0.05
0 0.23369397344900103 0.10216329302488643 0.05 0.05
0 0.24736379468980013 0.13300801787592037 0.05 0.05
0 0.27470343717139845 0.09935922712933791 0.05 0.05
0 0.2841671595688748 0.0909470294426922 0.05 0.05
0 0.3157129008937959 0.09655516123378938 0.05 0.05
0 0.3356918703995793 0.1077714248159835 0.05 0.05
0 0.36723761172450037 0.15964664388363162 0.05 0.05
0 0.45556568743427955 0.2129238958990539 0.05 0.05
0 0.36513456230283897 0.08393686470382088 0.05 0.05
0 0.3861650565194531 0.08954499649491794 0.05 0.05
0 0.18111773790746583 0.08113279880827236 0.05 0.05
0 0.5596666338065193 0.2003055993690855 0.05 0.05
