0 0.1880627185314685 0.050866841491841557 0.05 0.05
0 0.20379698426573428 0.047370337995338 0.05 0.05
0 0.23133194930069928 0.057859848484848445 0.05 0.05
0 0.23264313811188814 0.08058712121212111 0.05 0.05
0 0.1933074737762238 0.09282488344988345 0.05 0.05
0 0.26411166958041965 0.09457313519813511 0.05 0.05
0 0.2864018793706294 0.09806963869463867 0.05 0.05
0 0.30344733391608397 0.09282488344988345 0.05 0.05
0 0.3349158653846154 0.09282488344988345 0.05 0.05
0 0.34016062062937064 0.08058712121212111 0.05 0.05
0 0.3808074737762238 0.059608100233100224 0.05 0.05
0 0.442433347902098 0.20995775058275054 0.05 0.05
0 0.4529228583916085 0.2064612470862471 0.05 0.05
0 0.3388494318181819 0.18023747086247088 0.05 0.05
0 0.2536221590909091 0.19771998834498833 0.05 0.05
0 0.21035292832167835 0.2064612470862471 0.05 0.05
0 0.27984593531468527 0.2938738344988344 0.05 0.05
0 0.26017810314685313 0.7554122960372961 0.05 0.05
0 0.3113144667832168 0.7641535547785547 0.05 0.05
0 0.46472355769230766 0.5421255827505828 0.05 0.05
0 0.5224158653846155 0.5386290792540792 0.05 0.05
0 0.5473284527972029 0.47744026806526807 0.05 0.05
0 0.5683074737762238 0.6662514568764569 0.05 0.05
0 0.8974158653846155 0.9302374708624709 0.05 0.05
0 0.9131501311188813 0.45121649184149176 0.05 0.05
0 0.8829927884615387 0.3340836247086247 0.05 0.05
0 0.7361396416083916 0.35156614219114224 0.05 0.05
0 0.6850032779720282 0.34981789044289047 0.05 0.05
0 0.5932200611888112 0.2676500582750582 0.05 0.05
0 0.6640242569930072 0.1942234848484849 0.05 0.05
0 0.692870410839161 0.18897872960372955 0.05 0.05
0 0.7335172639860141 0.283384324009324 0.05 0.05
0 0.768919361888112 0.26590180652680645 0.05 0.05
