0 0.5837946857005759 0.11780430262316059 0.05 0.05
0 0.45039737284069103 0.20737563979526547 0.05 0.05
0 0.34003268953934745 0.15107365642994233 0.05 0.05
0 0.3697831693857966 0.14211652271273192 0.05 0.05
0 0.2987658949136277 0.1741062859884837 0.05 0.05
0 0.2805317298464492 0.16131038067818296 0.05 0.05
0 0.2373455494241843 0.1433961132437619 0.05 0.05
0 0.19895783349328217 0.14595529430582205 0.05 0.05
0 0.22774862044145877 0.1126859404990403 0.05 0.05
0 0.22870831333973132 0.09477167306461923 0.05 0.05
0 0.2661363363723609 0.08197576775431857 0.05 0.05
0 0.2517409428982726 0.04358805182341641 0.05 0.05
0 0.2718944937619962 0.044867642354446485 0.05 0.05
0 0.2862898872360845 0.044867642354446485 0.05 0.05
0 0.30452405230326296 0.03974928023032618 0.05 0.05
0 0.30932251679462575 0.1062879878438899 0.05 0.05
0 0.34387146113243766 0.1062879878438899 0.05 0.05
0 0.35634746880998086 0.09221249200255907 0.05 0.05
0 0.2795720369481766 0.3097428822776711 0.05 0.05
0 0.17880428262955855 0.32381837811900194 0.05 0.05
0 0.1519328814779271 0.3839591330774153 0.05 0.05
0 0.08091560700575816 0.4645733365323096 0.05 0.05
0 0.021414647312859893 0.5554242642354447 0.05 0.05
0 0.21239353406909794 0.3865183141394754 0.05 0.05
0 0.17304612523992327 0.4351427543186181 0.05 0.05
0 0.15001349568138198 0.524714091490723 0.05 0.05
0 0.12218240163147795 0.5950915706973768 0.05 0.05
0 0.22390984884836856 0.5221549104286628 0.05 0.05
0 0.24406339971209218 0.7729546545105567 0.05 0.05
0 0.40433211372360855 0.5106385956493923 0.05 0.05
0 0.4158484285028791 0.4824876039667307 0.05 0.05
0 0.43600197936660273 0.5362304062699936 0.05 0.05
0 0.413929042706334 0.5336712252079335 0.05 0.05
0 0.5127774112284069 0.5400691778630837 0.05 0.05
0 0.5530845129558541 0.5183161388355726 0.05 0.05
0 0.5598023632437621 0.4965630998080614 0.05 0.05
0 0.5310115762955855 0.4760896513115803 0.05 0.05
