0 0.18603494978858348 0.10780699436222677 0.05 0.05
0 0.27007300475687107 0.09089367512332605 0.05 0.05
0 0.28592924154334043 0.09089367512332605 0.05 0.05
0 0.30178547832980973 0.09089367512332605 0.05 0.05
0 0.2938573599365751 0.12683447850599 0.05 0.05
0 0.3287410808668076 0.11837781888653964 0.05 0.05
0 0.33984044661733626 0.12049198379140218 0.05 0.05
0 0.3636248017970402 0.11414948907681446 0.05 0.05
0 0.33984044661733626 0.09300784002818858 0.05 0.05
0 0.34399797354948797 0.07868671786120582 0.05 0.05
0 0.4630252773037542 0.19643415813424336 0.05 0.05
0 0.6230082124573378 0.1879017349260522 0.05 0.05
0 0.695960430887372 0.19131470420932856 0.05 0.05
0 0.6639638438566552 0.3875604379977245 0.05 0.05
0 0.7100389291808874 0.4404614618885096 0.05 0.05
0 0.7791515571672354 0.4370484926052331 0.05 0.05
0 0.7701925127986348 0.6605979806598407 0.05 0.05
0 0.6895611134812286 0.6998471274175199 0.05 0.05
0 0.575653263651877 0.7868778441410693 0.05 0.05
0 0.4233495093856655 0.8329529294653014 0.05 0.05
0 0.03698632399577163 0.7483989605355884 0.05 0.05
0 0.14639435782241011 0.7251431465821 0.05 0.05
0 0.15907934725158562 0.4312742248062013 0.05 0.05
0 0.21140492864693447 0.26636936222692026 0.05 0.05
0 0.27007300475687107 0.26214103241719494 0.05 0.05
0 0.23677490750528546 0.3149951550387596 0.05 0.05
0 0.3303267045454546 0.33190847427766007 0.05 0.05
