0 0.1841291520979021 0.11730040792540801 0.05 0.05
0 0.20379698426573428 0.08058712121212111 0.05 0.05
0 0.3060697115384615 0.07709061771561766 0.05 0.05
0 0.3388494318181819 0.07359411421911423 0.05 0.05
0 0.3467165646853147 0.07359411421911423 0.05 0.05
0 0.44636691433566433 0.2064612470862471 0.05 0.05
0 0.455545236013986 0.2064612470862471 0.05 0.05
0 0.37687390734265735 0.38128642191142187 0.05 0.05
0 0.40965362762237767 0.3690486596736597 0.05 0.05
0 0.39916411713286715 0.5071605477855478 0.05 0.05
0 0.3912969842657343 0.5316360722610723 0.05 0.05
0 0.45030048076923085 0.540377331002331 0.05 0.05
0 0.5171711101398602 0.5508668414918415 0.05 0.05
0 0.5761746066433566 0.5281395687645688 0.05 0.05
0 0.587975305944056 0.505412296037296 0.05 0.05
0 0.5486396416083916 0.46695075757575755 0.05 0.05
0 0.6456676136363637 0.2886290792540792 0.05 0.05
0 0.6587795017482518 0.26065705128205136 0.05 0.05
0 0.6522235576923079 0.6837339743589744 0.05 0.05
0 0.7282725087412588 0.6959717365967367 0.05 0.05
0 0.20510817307692308 0.7519157925407925 0.05 0.05
0 0.14348229895104897 0.7536640442890443 0.05 0.05
