0 0.01090661162005786 0.6244746464159435 0.05 0.05
0 0.0793733425747348 0.7646225088396015 0.05 0.05
0 0.1304823107521697 0.783908911925426 0.05 0.05
0 0.27705897420443587 0.7543364271938284 0.05 0.05
0 0.31177449975891997 0.7774801108968178 0.05 0.05
0 0.3744553097878495 0.794194993571199 0.05 0.05
0 0.4043492345708775 0.5344714320154292 0.05 0.05
0 0.38795579194792673 0.5023274268723884 0.05 0.05
0 0.45738684305689487 0.6501898505303761 0.05 0.05
0 0.49788828953712627 0.5357571922211508 0.05 0.05
0 0.586605743731919 0.5023274268723884 0.05 0.05
0 0.5470686174059788 0.4714691819350692 0.05 0.05
0 0.6473579134522661 0.14745761009321764 0.05 0.05
0 0.6570011149951783 0.1268854468016715 0.05 0.05
0 0.7331824071841851 0.3030345949855352 0.05 0.05
0 0.7698265730472518 0.3107491562198651 0.05 0.05
0 0.7891129761330762 0.31974947765991646 0.05 0.05
0 0.7958632172131148 0.1924592172934748 0.05 0.05
0 0.7572904110414658 0.15260065091610417 0.05 0.05
0 0.6955739211668274 0.4110384522661524 0.05 0.05
0 0.698466881629701 0.465040380906461 0.05 0.05
0 0.7698265730472518 0.4470397380263582 0.05 0.05
0 0.8190069009161041 0.4213245339119254 0.05 0.05
0 0.8865093117164898 0.4058954114432659 0.05 0.05
0 0.3947060330279653 0.24388962552234011 0.05 0.05
0 0.35516890670202506 0.2567472275795564 0.05 0.05
0 0.32141770130183217 0.24646114593378338 0.05 0.05
0 0.31177449975891997 0.28374819189971073 0.05 0.05
0 0.22787864633558338 0.1911734570877532 0.05 0.05
0 0.2404148083413693 0.17831585503053685 0.05 0.05
0 0.20569928278688526 0.17574433461909358 0.05 0.05
0 0.25777257111861135 0.1500291305046609 0.05 0.05
0 0.23752184787849567 0.08959840083574425 0.05 0.05
0 0.2847735354387657 0.09216992124718738 0.05 0.05
0 0.2886308160559306 0.14745761009321764 0.05 0.05
0 0.30791721914175507 0.09602720186435233 0.05 0.05
0 0.3368468237704918 0.09988448248151727 0.05 0.05
0 0.4409934004339441 0.20531681935069107 0.05 0.05
0 0.18641287970106074 0.04073951301832217 0.05 0.05
0 0.290559456364513 0.17574433461909358 0.05 0.05
