0 0.13916119214079076 0.35446500321440055 0.05 0.05
0 0.18255559908389588 0.3673226052716169 0.05 0.05
0 0.2085922432497589 0.2773193908711027 0.05 0.05
0 0.39277739271938283 0.5087562279009965 0.05 0.05
0 0.40917083534233367 0.5254711105753778 0.05 0.05
0 0.2683800928158148 0.28374819189971073 0.05 0.05
0 0.28766649590163934 0.7749085904853745 0.05 0.05
0 0.3243106617647059 0.7864804323368693 0.05 0.05
0 0.37059802917068463 0.7929092333654775 0.05 0.05
0 0.45352956243972997 0.5691869575699132 0.05 0.05
0 0.4496722818225651 0.6411895290903247 0.05 0.05
0 0.5056028507714562 0.5331856718097076 0.05 0.05
0 0.5470686174059788 0.465040380906461 0.05 0.05
0 0.78429137536162 0.6064740035358406 0.05 0.05
0 0.8489008256991321 0.5961879218900675 0.05 0.05
0 0.908688675265188 0.62961768723883 0.05 0.05
0 0.8479365055448408 0.7761943506910961 0.05 0.05
0 0.6521795142237223 0.3056061153969786 0.05 0.05
0 0.6878593599324976 0.2451753857280617 0.05 0.05
0 0.3339538633076181 0.23874658469945362 0.05 0.05
0 0.29634537729026034 0.23746082449373204 0.05 0.05
0 0.3069528989874638 0.16031521215043393 0.05 0.05
0 0.23945048818707812 0.16674401317904214 0.05 0.05
0 0.18930584016393442 0.0561686354869817 0.05 0.05
0 0.28573785559305687 0.08959840083574425 0.05 0.05
0 0.3127388199132112 0.09988448248151727 0.05 0.05
0 0.34745434546769527 0.09731296207007402 0.05 0.05
0 0.3812055508678881 0.20531681935069107 0.05 0.05
0 0.4400290802796528 0.2040310591449695 0.05 0.05
