0 0.10225338459516302 0.3825698825797409 0.05 0.05
0 0.13590217534174553 0.38537394847528944 0.05 0.05
0 0.24736379468980013 0.2816235103399933 0.05 0.05
0 0.27575496188222914 0.27180927970557345 0.05 0.05
0 0.24210617113564664 0.23956252190676514 0.05 0.05
0 0.23684854758149312 0.21011983000350534 0.05 0.05
0 0.28837325841219763 0.19890356642131124 0.05 0.05
0 0.3073007032071503 0.24376862075008793 0.05 0.05
0 0.3630315128811776 0.2521808184367335 0.05 0.05
0 0.40614402602523647 0.249376752541185 0.05 0.05
0 0.44610196503680327 0.2157279617946024 0.05 0.05
0 0.4334836685068348 0.7008313617245007 0.05 0.05
0 0.45661721214511025 0.6882130651945322 0.05 0.05
0 0.40719555073606717 0.5311853750438137 0.05 0.05
0 0.3977318283385908 0.5059487819838768 0.05 0.05
0 0.41665927313354356 0.4793101559761657 0.05 0.05
0 0.5070903982649841 0.5353914738871366 0.05 0.05
0 0.5470483372765508 0.5199691114616196 0.05 0.05
0 0.5670273067823342 0.4989386172450055 0.05 0.05
0 0.5491513866982122 0.4737020241850686 0.05 0.05
0 0.7867959713459514 0.6952232299334037 0.05 0.05
0 0.8635572752365928 0.6573683403434983 0.05 0.05
0 0.9466277273922185 0.6433480108657555 0.05 0.05
0 0.7457865076235539 0.42463087101296904 0.05 0.05
0 0.8299084844900101 0.3363027953031898 0.05 0.05
0 0.8866908188748681 0.3180763669821244 0.05 0.05
0 0.8362176327549943 0.26339708201892775 0.05 0.05
0 0.7962596937434276 0.25498488433228206 0.05 0.05
0 0.8362176327549943 0.17787307220469703 0.05 0.05
0 0.7226529639852785 0.26760318086225054 0.05 0.05
0 0.6700767284437432 0.25077878548895927 0.05 0.05
0 0.6679736790220818 0.187687302839117 0.05 0.05
0 0.7037255191903257 0.18628526989134275 0.05 0.05
0 0.6301187894321765 0.16946087451805145 0.05 0.05
0 0.6069852457939009 0.17927510515247141 0.05 0.05
0 0.33674339511041 0.13441005082369462 0.05 0.05
0 0.3136098514721345 0.09935922712933791 0.05 0.05
0 0.3409494939537328 0.09375109533824073 0.05 0.05
0 0.3556708399053627 0.08814296354714367 0.05 0.05
0 0.37249523527865397 0.08533889765159515 0.05 0.05
0 0.27890953601472124 0.09935922712933791 0.05 0.05
0 0.2862702089905362 0.0909470294426922 0.05 0.05
0 0.24841531940063083 0.1035653259726607 0.05 0.05
0 0.22528177576235536 0.09655516123378938 0.05 0.05
0 0.21266347923238693 0.04187587627059273 0.05 0.05
