0 0.34815542943107214 0.05027580233406267 0.05 0.05
0 0.287433328774617 0.11373313274981751 0.05 0.05
0 0.30712698304157554 0.0940394784828591 0.05 0.05
0 0.23655805525164114 0.0568403537563821 0.05 0.05
0 0.2053764359956236 0.07215764040846082 0.05 0.05
0 0.20209416028446392 0.10498039752005824 0.05 0.05
0 0.2234289524070022 0.13123860320933609 0.05 0.05
0 0.4055952543763676 0.18375501458789192 0.05 0.05
0 0.44334142505470464 0.2012604850474105 0.05 0.05
0 0.41872435722100665 0.0524639861415024 0.05 0.05
0 0.5467331099562365 0.2100132202771698 0.05 0.05
0 0.5697090399343546 0.17937864697301223 0.05 0.05
0 0.6796652762582058 0.28222328592268403 0.05 0.05
0 0.7157703090809628 0.2865996535375637 0.05 0.05
0 0.7584398933260394 0.32379877826404074 0.05 0.05
0 0.7994683397155362 0.27347055069292475 0.05 0.05
0 0.7961860640043764 0.2384596097738875 0.05 0.05
0 0.6862298276805252 0.47915982859226836 0.05 0.05
0 0.7945449261487967 0.6607790846097737 0.05 0.05
0 0.8618315782275714 0.6367090627279358 0.05 0.05
0 0.8962954731947486 0.5032298504741065 0.05 0.05
0 0.5418096963894967 0.4725952771699489 0.05 0.05
0 0.50242238785558 0.5272998723559444 0.05 0.05
0 0.4072363922319475 0.5229235047410649 0.05 0.05
0 0.39246615153172865 0.5076062180889861 0.05 0.05
0 0.4417002871991248 0.6520263493800146 0.05 0.05
0 0.4843698714442014 0.7526828045222466 0.05 0.05
0 0.44005914934354495 0.7308009664478483 0.05 0.05
0 0.39410728938730855 0.7964464806710432 0.05 0.05
0 0.3317440508752735 0.8270810539752006 0.05 0.05
0 0.30548584518599564 0.7964464806710432 0.05 0.05
0 0.17911823030634572 0.7920701130561635 0.05 0.05
0 0.17583595459518597 0.759247355944566 0.05 0.05
0 0.042903788293216574 0.6979782093362509 0.05 0.05
0 0.016645582603938672 0.6936018417213712 0.05 0.05
0 0.07736768326039384 0.6410854303428155 0.05 0.05
0 0.11511385393873083 0.6104508570386578 0.05 0.05
0 0.08064995897155357 0.49228893143690733 0.05 0.05
0 0.11019044037199122 0.5010416666666666 0.05 0.05
0 0.2053764359956236 0.2909760211524433 0.05 0.05
0 0.21850553884026264 0.2669059992706052 0.05 0.05
0 0.2677396745076587 0.21438958789204948 0.05 0.05
0 0.2562517095185996 0.27784691830780434 0.05 0.05
