0 0.5808198228061716 0.5653296769527484 0.05 0.05
0 0.5027098903085825 0.5267568707810993 0.05 0.05
0 0.5229606135486982 0.6077597637415623 0.05 0.05
0 0.5017455701542912 0.7350500241080039 0.05 0.05
0 0.30984585945033755 0.7620509884281581 0.05 0.05
0 0.06587286041465767 0.6720477740276439 0.05 0.05
0 0.03887189609450338 0.6270461668273868 0.05 0.05
0 0.1999133618611379 0.475326462552234 0.05 0.05
0 0.20569928278688526 0.2708905898424945 0.05 0.05
0 0.24427208895853428 0.2696048296367728 0.05 0.05
0 0.22595000602700094 0.23103202346512386 0.05 0.05
0 0.2587368912729026 0.18217313564770177 0.05 0.05
0 0.27802329435872714 0.22588898264223733 0.05 0.05
0 0.3108101796046287 0.1873161764705883 0.05 0.05
0 0.33588250361620064 0.22331746223079396 0.05 0.05
0 0.33202522299903564 0.17188705400192864 0.05 0.05
0 0.3570975470106075 0.16674401317904214 0.05 0.05
0 0.3648121082449373 0.29660579395692704 0.05 0.05
0 0.3947060330279653 0.24774690613950506 0.05 0.05
0 0.4496722818225651 0.2104598601735777 0.05 0.05
0 0.6743588777724204 0.19760225811636142 0.05 0.05
0 0.7891129761330762 0.2040310591449695 0.05 0.05
0 0.28188057497589203 0.09474144165863076 0.05 0.05
0 0.30984585945033755 0.08959840083574425 0.05 0.05
0 0.3445613850048216 0.09602720186435233 0.05 0.05
0 0.2269143261812922 0.10245600289296052 0.05 0.05
0 0.2143781641755063 0.07931231918997111 0.05 0.05
0 0.20280632232401158 0.07159775795564134 0.05 0.05
0 0.18255559908389588 0.1153136049501768 0.05 0.05
