0 0.02151413331726133 0.7234781822565092 0.05 0.05
0 0.06105125964320155 0.7234781822565092 0.05 0.05
0 0.09865974566055931 0.6977629781420766 0.05 0.05
0 0.28959513621022176 0.7504791465766636 0.05 0.05
0 0.2992383377531341 0.7736228302796528 0.05 0.05
0 0.3657764283992285 0.7929092333654775 0.05 0.05
0 0.5229606135486982 0.8777694069431052 0.05 0.05
0 0.5383897360173577 0.8340535599485697 0.05 0.05
0 0.6483222336065573 0.710620580199293 0.05 0.05
0 0.7061814428640308 0.7273354628736741 0.05 0.05
0 0.7466828893442623 0.7517649067823852 0.05 0.05
0 0.9646192442140791 0.7363357843137255 0.05 0.05
0 0.9029027543394406 0.4701834217293475 0.05 0.05
0 0.9048313946480231 0.42646757473481195 0.05 0.05
0 0.7572904110414658 0.465040380906461 0.05 0.05
0 0.5972132654291225 0.517756549341048 0.05 0.05
0 0.5499615778688525 0.475326462552234 0.05 0.05
0 0.5046385306171649 0.5447575136612023 0.05 0.05
0 0.4101351554966248 0.5344714320154292 0.05 0.05
0 0.3966346733365477 0.5100419881067181 0.05 0.05
0 0.4400290802796528 0.639903768884603 0.05 0.05
0 0.3532402663934426 0.24131810511089688 0.05 0.05
0 0.40242059426229504 0.23874658469945362 0.05 0.05
0 0.4506366019768563 0.21174562037929925 0.05 0.05
0 0.3503473059305689 0.09859872227579558 0.05 0.05
0 0.3069528989874638 0.09859872227579558 0.05 0.05
0 0.2828448951301832 0.09731296207007402 0.05 0.05
0 0.28670217574734813 0.06131167630986833 0.05 0.05
0 0.20280632232401158 0.08574112021857931 0.05 0.05
