0 0.31129922040169133 0.046496212121211994 0.05 0.05
0 0.27324425211416487 0.09089367512332605 0.05 0.05
0 0.2827579941860465 0.09935033474277641 0.05 0.05
0 0.2906861125792812 0.09512200493305123 0.05 0.05
0 0.34142607029598315 0.09300784002818858 0.05 0.05
0 0.3461829413319239 0.08032285059901317 0.05 0.05
0 0.3112992204016914 0.15431862226920348 0.05 0.05
0 0.3303267045454546 0.15431862226920348 0.05 0.05
0 0.4476628567653277 0.20505857998590535 0.05 0.05
0 0.45559097515856245 0.20083025017618017 0.05 0.05
0 0.45717659883720935 0.2198577343199434 0.05 0.05
0 0.5776839984143763 0.1331769732205777 0.05 0.05
0 0.8075994318181821 0.18814526074700477 0.05 0.05
0 0.8155275502114167 0.17546027131782924 0.05 0.05
0 0.8535825184989431 0.6955448379140239 0.05 0.05
0 0.8615106368921778 0.7758831042988018 0.05 0.05
0 0.9233499603594082 0.6744031888653981 0.05 0.05
0 0.5174302986257928 0.5348683051444678 0.05 0.05
0 0.39375165169133197 0.48412834742776584 0.05 0.05
0 0.39533727536997887 0.5094983262861168 0.05 0.05
0 0.4635190935517971 0.5390966349541929 0.05 0.05
0 0.4460772330866808 0.6257773960535588 0.05 0.05
0 0.5491427721987316 0.46721502818886523 0.05 0.05
0 0.17652120771670188 0.5264116455250175 0.05 0.05
0 0.32556983350951374 0.7927964235377025 0.05 0.05
0 0.1907918208245243 0.3255659795630725 0.05 0.05
0 0.1812780787526427 0.2135152396053557 0.05 0.05
0 0.2082336812896406 0.20294441508104283 0.05 0.05
0 0.2811723705073996 0.26636936222692026 0.05 0.05
0 0.3144704677589852 0.2705976920366453 0.05 0.05
0 0.35252543604651165 0.32133764975334717 0.05 0.05
0 0.35886793076109946 0.10146449964763894 0.05 0.05
0 0.36203917811839326 0.0824370155038757 0.05 0.05
