0 0.19324156746031748 0.09231150793650791 0.05 0.05
0 0.20514632936507926 0.10818452380952373 0.05 0.05
0 0.30236855158730147 0.084375 0.05 0.05
0 0.31427331349206344 0.10553902116402109 0.05 0.05
0 0.31228918650793647 0.18490410052910042 0.05 0.05
0 0.31427331349206344 0.21400462962962952 0.05 0.05
0 0.44720982142857135 0.20077711640211635 0.05 0.05
0 0.4610987103174602 0.20871362433862425 0.05 0.05
0 0.08411458333333328 0.5367559523809523 0.05 0.05
0 0.13570188492063487 0.5129464285714285 0.05 0.05
0 0.234908234126984 0.7933697089947089 0.05 0.05
0 0.3460193452380952 0.7907242063492063 0.05 0.05
0 0.3956225198412698 0.7907242063492063 0.05 0.05
0 0.4511780753968253 0.7351686507936507 0.05 0.05
0 0.4948288690476189 0.7007771164021164 0.05 0.05
0 0.5027653769841269 0.740459656084656 0.05 0.05
0 0.39760664682539676 0.5129464285714285 0.05 0.05
0 0.4095114087301586 0.5288194444444444 0.05 0.05
0 0.5166542658730158 0.5341104497354496 0.05 0.05
0 0.5682415674603173 0.5341104497354496 0.05 0.05
0 0.5960193452380951 0.5023644179894179 0.05 0.05
0 0.5543526785714284 0.4679728835978835 0.05 0.05
0 0.6277653769841268 0.2748511904761904 0.05 0.05
0 0.6555431547619046 0.26426917989417986 0.05 0.05
0 0.609908234126984 0.11347552910052912 0.05 0.05
0 0.5404637896825395 0.2113591269841269 0.05 0.05
0 0.8142733134920632 0.19284060846560844 0.05 0.05
0 0.7626860119047618 0.5314649470899471 0.05 0.05
0 0.8182415674603172 0.5208829365079364 0.05 0.05
0 0.7448288690476189 0.7272321428571428 0.05 0.05
