0 0.270073004756871 0.08877951021846364 0.05 0.05
0 0.2843436178646934 0.10569282945736411 0.05 0.05
0 0.29702860729386893 0.09723616983791387 0.05 0.05
0 0.33825482293868925 0.08877951021846352 0.05 0.05
0 0.34301169397463005 0.076094520789288 0.05 0.05
0 0.3636248017970402 0.0824370155038757 0.05 0.05
0 0.3810666622621565 0.08455118040873835 0.05 0.05
0 0.3477685650105709 0.116263653981677 0.05 0.05
0 0.3287410808668076 0.1395194679351654 0.05 0.05
0 0.3319123282241015 0.1627752818886538 0.05 0.05
0 0.2621448863636363 0.2198577343199434 0.05 0.05
0 0.2510455206131078 0.23465688865398146 0.05 0.05
0 0.2098193049682875 0.23888521846370664 0.05 0.05
0 0.29702860729386893 0.22408606412966858 0.05 0.05
0 0.31605609143763214 0.2304285588442563 0.05 0.05
0 0.33825482293868925 0.21774356941508088 0.05 0.05
0 0.35886793076109946 0.2135152396053557 0.05 0.05
0 0.3667960491543341 0.24311354827343182 0.05 0.05
0 0.37313854386892176 0.27271185694150796 0.05 0.05
0 0.40326539376321363 0.2642551973220576 0.05 0.05
0 0.29227173625792807 0.28539684637068347 0.05 0.05
0 0.44290598572938694 0.20505857998590535 0.05 0.05
0 0.45876222251585624 0.19660192036645513 0.05 0.05
0 0.45876222251585624 0.22197189922480595 0.05 0.05
0 0.5935402352008458 0.156432787174066 0.05 0.05
0 0.6395233218816069 0.11414948907681446 0.05 0.05
0 0.6680645480972517 0.13106280831571507 0.05 0.05
0 0.6775782901691333 0.1226061486962647 0.05 0.05
0 0.7536882267441861 0.1775744362226919 0.05 0.05
0 0.636352074524313 0.3509359584214233 0.05 0.05
0 0.7473457320295983 0.30231016560958396 0.05 0.05
0 0.8202844212473573 0.3001960007047214 0.05 0.05
0 0.8852949920718818 0.2832826814658208 0.05 0.05
0 0.5491427721987316 0.46932919309372784 0.05 0.05
0 0.5285296643763214 0.5348683051444678 0.05 0.05
0 0.4476628567653277 0.5369824700493304 0.05 0.05
0 0.39058040433403807 0.5031558315715291 0.05 0.05
0 0.3921660280126851 0.4862425123326285 0.05 0.05
0 0.24153177854122623 0.4566442036645524 0.05 0.05
0 0.3112992204016914 0.5264116455250175 0.05 0.05
0 0.2669017573995772 0.5813799330514445 0.05 0.05
0 0.10833938953488369 0.5538957892882309 0.05 0.05
0 0.03381507663847777 0.4862425123326285 0.05 0.05
0 0.07345566860465114 0.4862425123326285 0.05 0.05
0 0.2272611654334038 0.6892023431994362 0.05 0.05
0 0.2098193049682875 0.7188006518675123 0.05 0.05
