0 0.18657476535836176 0.0701542946530149 0.05 0.05
0 0.19681367320819104 0.1350007110352672 0.05 0.05
0 0.2748853455631398 0.09916453356086449 0.05 0.05
0 0.2928034343003412 0.09404507963594971 0.05 0.05
0 0.363195925767918 0.080393202502844 0.05 0.05
0 0.45278636945392475 0.2032600967007962 0.05 0.05
0 0.4412675981228668 0.21520548919226384 0.05 0.05
0 0.5820525810580204 0.12305531854379954 0.05 0.05
0 0.552615720989761 0.18448876564277572 0.05 0.05
0 0.6050901237201364 0.09233859499431153 0.05 0.05
0 0.6358068472696244 0.08209968714448218 0.05 0.05
0 0.6665235708191126 0.08209968714448218 0.05 0.05
0 0.7177181100682594 0.15377204209328768 0.05 0.05
0 0.8290662329351536 0.17936931171786105 0.05 0.05
0 0.8879399530716723 0.24762869738339005 0.05 0.05
0 0.8380252773037542 0.47459115472127406 0.05 0.05
0 0.7612334684300339 0.4950689704209328 0.05 0.05
0 0.5462164035836177 0.4677652161547211 0.05 0.05
0 0.506540635665529 0.5411440557451648 0.05 0.05
0 0.4502266424914675 0.5240792093287826 0.05 0.05
0 0.374714697098976 0.48312357792946514 0.05 0.05
0 0.31712084044368594 0.4592327929465301 0.05 0.05
0 0.2659263011945392 0.3773215301478951 0.05 0.05
0 0.22241094283276444 0.3483112912400453 0.05 0.05
0 0.14689899744027293 0.3466048065984071 0.05 0.05
0 0.13921981655290092 0.43022255403868026 0.05 0.05
0 0.18913449232081905 0.7186184584755403 0.05 0.05
0 0.4899024104095561 0.6145228953356086 0.05 0.05
