0 0.09985722535934292 0.6926912217659138 0.05 0.05
0 0.3452371021560575 0.32718814168377824 0.05 0.05
0 0.36987775924024646 0.3258192162902122 0.05 0.05
0 0.3729578413757701 0.21219840862422998 0.05 0.05
0 0.41094552104722804 0.21082948323066392 0.05 0.05
0 0.43558617813141687 0.21219840862422998 0.05 0.05
0 0.4520132828542095 0.19850915468856947 0.05 0.05
0 0.2826087654004107 0.13964536276522932 0.05 0.05
0 0.2569414142710473 0.1369075119780972 0.05 0.05
0 0.2867155415811089 0.1013154517453799 0.05 0.05
0 0.2723418249486654 0.09036404859685139 0.05 0.05
0 0.2928757058521561 0.08625727241615332 0.05 0.05
0 0.36474428901437383 0.076674794661191 0.05 0.05
0 0.7179270405544149 0.1013154517453799 0.05 0.05
0 0.7343541452772075 0.11363578028747436 0.05 0.05
0 0.7518079440451746 0.11089792950034223 0.05 0.05
0 0.7764486011293636 0.11774255646817243 0.05 0.05
0 0.5495492171457906 0.18892667693360715 0.05 0.05
0 0.5464691350102671 0.47092530800821364 0.05 0.05
0 0.5012945970225873 0.535264801505818 0.05 0.05
0 0.450986588809035 0.5284201745379877 0.05 0.05
0 0.39657180441478446 0.4928281143052704 0.05 0.05
0 0.40991882700205345 0.4791388603696099 0.05 0.05
0 0.48076071611909654 0.617400325119781 0.05 0.05
0 0.46433361139630397 0.7679821184120466 0.05 0.05
0 0.6984198536960987 0.5297890999315538 0.05 0.05
0 0.7025266298767968 0.4668185318275154 0.05 0.05
0 0.8051960343942506 0.6078178473648187 0.05 0.05
0 0.9119722150924027 0.6310895790554415 0.05 0.05
