0 0.19024665880503147 0.06603118448637299 0.05 0.05
0 0.20754225628930825 0.05764544025157197 0.05 0.05
0 0.22169319968553464 0.05974187631027223 0.05 0.05
0 0.27357999213836487 0.09118841719077532 0.05 0.05
0 0.28144162735849065 0.09328485324947558 0.05 0.05
0 0.36163030660377365 0.08280267295597454 0.05 0.05
0 0.3569133254716982 0.13731001048217994 0.05 0.05
0 0.31760514937106926 0.18133516771488445 0.05 0.05
0 0.36005797955974855 0.18343160377358458 0.05 0.05
0 0.3490516902515724 0.22955319706498922 0.05 0.05
0 0.35848565251572334 0.2505175576519913 0.05 0.05
0 0.41508942610062904 0.31969994758909837 0.05 0.05
0 0.3160328223270441 0.20439596436058666 0.05 0.05
0 0.2641460298742139 0.20858883647798715 0.05 0.05
0 0.23269948899371076 0.22116745283018843 0.05 0.05
0 0.2358441430817611 0.23584250524108985 0.05 0.05
0 0.20282527515723275 0.22326388888888857 0.05 0.05
0 0.1823850235849057 0.39517164570230584 0.05 0.05
0 0.26729068396226424 0.4077502620545071 0.05 0.05
0 0.31760514937106926 0.3993645178197062 0.05 0.05
0 0.0864730738993711 0.5020898846960165 0.05 0.05
0 0.06603282232704405 0.5607900943396225 0.05 0.05
0 0.14622150157232708 0.7725301362683437 0.05 0.05
0 0.6635170990566039 0.6928655660377356 0.05 0.05
0 0.8286114386792456 0.7306014150943394 0.05 0.05
0 0.693391312893082 0.5251506813417188 0.05 0.05
0 0.7405611242138367 0.40146095387840647 0.05 0.05
0 0.7248378537735851 0.3595322327044023 0.05 0.05
0 0.8238944575471701 0.4140395702306077 0.05 0.05
0 0.883642885220126 0.46016116352201236 0.05 0.05
0 0.5518818789308177 0.4727397798742137 0.05 0.05
