0 0.2732442521141649 0.09512200493305135 0.05 0.05
0 0.2827579941860465 0.09300784002818858 0.05 0.05
0 0.29702860729386893 0.08666534531360087 0.05 0.05
0 0.33508357558139534 0.09300784002818858 0.05 0.05
0 0.34142607029598315 0.076094520789288 0.05 0.05
0 0.43973473837209304 0.20505857998590535 0.05 0.05
0 0.4540053514799155 0.20928690979563053 0.05 0.05
0 0.465104717230444 0.19448775546159247 0.05 0.05
0 0.27007300475687107 0.2304285588442563 0.05 0.05
0 0.2256755417547569 0.32133764975334717 0.05 0.05
0 0.2589736390063425 0.3255659795630725 0.05 0.05
0 0.3287410808668076 0.35727845313601114 0.05 0.05
0 0.2605592626849894 0.5073841613812543 0.05 0.05
0 0.16859308932346723 0.5919507575757574 0.05 0.05
0 0.08296941067653274 0.5602382840028188 0.05 0.05
0 0.017958839852008423 0.5898365926708949 0.05 0.05
0 0.17969245507399575 0.7631981148696264 0.05 0.05
0 0.44290598572938694 0.6321198907681465 0.05 0.05
0 0.6870920322410149 0.5158408210007046 0.05 0.05
0 0.5475571485200846 0.46932919309372784 0.05 0.05
0 0.7299038715644821 0.5094983262861168 0.05 0.05
0 0.8250412922832983 0.42916005990133876 0.05 0.05
0 0.8599250132135309 0.4249317300916137 0.05 0.05
0 0.75685947410148 0.3615067829457362 0.05 0.05
0 0.7378319899577168 0.2304285588442563 0.05 0.05
0 0.6648933007399578 0.23465688865398146 0.05 0.05
0 0.6522083113107823 0.26636936222692026 0.05 0.05
0 0.612567719344609 0.2705976920366453 0.05 0.05
0 0.5982971062367866 0.1775744362226919 0.05 0.05
