0 0.025935254106776197 0.9308842402464065 0.05 0.05
0 0.2446210857289528 0.780302446954141 0.05 0.05
0 0.22100712268993844 0.8816029260780288 0.05 0.05
0 0.30211595225872695 0.9281463894592746 0.05 0.05
0 0.3359968557494867 0.8829718514715948 0.05 0.05
0 0.4663869994866531 0.6338274298425737 0.05 0.05
0 0.4910276565708419 0.5941285934291581 0.05 0.05
0 0.49821451488706375 0.5421094284736482 0.05 0.05
0 0.4417463424024642 0.5147309206023272 0.05 0.05
0 0.5485225231006161 0.4722942334017797 0.05 0.05
0 0.07829665041067763 0.44354680013689257 0.05 0.05
0 0.24770116786447643 0.31349888774811774 0.05 0.05
0 0.2672083547227927 0.2833825290896646 0.05 0.05
0 0.24770116786447643 0.2436836926762491 0.05 0.05
0 0.26823504876796717 0.20672270704996573 0.05 0.05
0 0.30930281057494874 0.21082948323066392 0.05 0.05
0 0.36166420687885015 0.2299944387405887 0.05 0.05
0 0.4437997304928132 0.21767411019849423 0.05 0.05
0 0.453039976899384 0.20535378165639978 0.05 0.05
0 0.2949290939425052 0.09994652635181384 0.05 0.05
0 0.2867155415811089 0.08762619780971939 0.05 0.05
0 0.25591472022587275 0.11363578028747436 0.05 0.05
0 0.23230075718685836 0.1122668548939083 0.05 0.05
0 0.19225968942505137 0.10268437713894585 0.05 0.05
0 0.6676190323408625 0.27380005133470225 0.05 0.05
0 0.6748058906570843 0.25874187200547566 0.05 0.05
0 0.6963664656057496 0.26969327515400415 0.05 0.05
0 0.6378449050308009 0.28885823066392885 0.05 0.05
0 0.7230605107802875 0.36962482888432574 0.05 0.05
0 0.757968108316222 0.18071312457221086 0.05 0.05
0 0.5546826873716634 0.1944023785078713 0.05 0.05
