0 0.27165862843551797 0.086665345313601 0.05 0.05
0 0.2827579941860465 0.09512200493305123 0.05 0.05
0 0.295442983615222 0.09512200493305123 0.05 0.05
0 0.33349795190274845 0.08666534531360087 0.05 0.05
0 0.35569668340380556 0.08666534531360087 0.05 0.05
0 0.22091867071881605 0.17546027131782924 0.05 0.05
0 0.2605592626849894 0.1627752818886538 0.05 0.05
0 0.2653161337209302 0.19871608527131765 0.05 0.05
0 0.30495672568710364 0.207172744890768 0.05 0.05
0 0.2684873810782241 0.3297943093727975 0.05 0.05
0 0.3112992204016914 0.29173934108527105 0.05 0.05
0 0.344597317653277 0.30231016560958396 0.05 0.05
0 0.39533727536997887 0.3065384954193092 0.05 0.05
0 0.43973473837209304 0.3065384954193092 0.05 0.05
0 0.43973473837209304 0.3382509689922479 0.05 0.05
0 0.24311740221987313 0.4207034002818884 0.05 0.05
0 0.1907918208245243 0.42704589499647627 0.05 0.05
0 0.1543224762156448 0.42704589499647627 0.05 0.05
0 0.09248315274841434 0.408018410852713 0.05 0.05
0 0.5507283958773785 0.4608725334742774 0.05 0.05
0 0.2605592626849894 0.7483989605355884 0.05 0.05
0 0.20347681025369982 0.7483989605355884 0.05 0.05
0 0.344597317653277 0.8541072057787173 0.05 0.05
0 0.4492484804439747 0.966157945736434 0.05 0.05
0 0.6918489032769557 0.5179549859055671 0.05 0.05
0 0.7933288187103595 0.34670762861169824 0.05 0.05
0 0.7521026030655392 0.3509359584214233 0.05 0.05
0 0.8472400237843554 0.3361368040873854 0.05 0.05
0 0.8757812500000002 0.3784201021846369 0.05 0.05
0 0.8171131738900635 0.3784201021846369 0.05 0.05
