0 0.07491374211356469 0.8228082281808624 0.05 0.05
0 0.11487168112513144 0.7134496582544692 0.05 0.05
0 0.14115979889589905 0.6910171310900808 0.05 0.05
0 0.08437746451104103 0.6531622415001755 0.05 0.05
0 0.02023445715036808 0.6966252628811779 0.05 0.05
0 0.029698179547844417 0.6321317472835614 0.05 0.05
0 0.023389031282860195 0.5634321328426221 0.05 0.05
0 0.09278966219768665 0.5494118033648793 0.05 0.05
0 0.15798419426919033 0.36294142131090107 0.05 0.05
0 0.3893196306519452 0.5031447160883283 0.05 0.05
0 0.40824707544689787 0.5185670785138453 0.05 0.05
0 0.44610196503680327 0.5185670785138453 0.05 0.05
0 0.5155025959516297 0.5367935068349109 0.05 0.05
0 0.5480998619873815 0.517165045566071 0.05 0.05
0 0.5596666338065193 0.49753658429723124 0.05 0.05
0 0.5470483372765508 0.4751040571328429 0.05 0.05
0 0.5218117442166139 0.6826049334034352 0.05 0.05
0 0.7194983898527862 0.8326224588152823 0.05 0.05
0 0.7184468651419555 0.7288720206799861 0.05 0.05
0 0.29678545609884327 0.8256122940764109 0.05 0.05
0 0.7857444466351207 0.3180763669821244 0.05 0.05
0 0.45766873685594095 0.19609950052576272 0.05 0.05
0 0.5659757820715035 0.19609950052576272 0.05 0.05
0 0.4029894518927444 0.20310966526463403 0.05 0.05
0 0.37670133412197676 0.19329543463021417 0.05 0.05
0 0.29678545609884327 0.21853202769015106 0.05 0.05
0 0.2031997568349106 0.13861614966701755 0.05 0.05
0 0.19373603443743423 0.08954499649491794 0.05 0.05
0 0.23895159700315452 0.10216329302488643 0.05 0.05
0 0.2820641101472134 0.09515312828601499 0.05 0.05
0 0.29678545609884327 0.09375109533824073 0.05 0.05
0 0.3272796727129337 0.10636939186820922 0.05 0.05
0 0.354619315194532 0.08253483175604662 0.05 0.05
