0 0.45872026156677165 0.7358821854188575 0.05 0.05
0 0.45135958859095676 0.6840069663512094 0.05 0.05
0 0.40719555073606717 0.5297833420960394 0.05 0.05
0 0.4029894518927444 0.501742683140554 0.05 0.05
0 0.41771079784437426 0.4793101559761657 0.05 0.05
0 0.49657515115667705 0.5339894409393623 0.05 0.05
0 0.542842238433228 0.5297833420960394 0.05 0.05
0 0.5638727326498421 0.496134551349457 0.05 0.05
0 0.5438937631440587 0.4694959253417457 0.05 0.05
0 0.6406340365404835 0.3545292236242555 0.05 0.05
0 0.6890041732386958 0.3461170259376098 0.05 0.05
0 0.7226529639852785 0.3334987294076413 0.05 0.05
0 0.7752291995268135 0.35733328951980403 0.05 0.05
0 0.6795404508412195 0.25358285138450776 0.05 0.05
0 0.7079316180336486 0.2451706536978622 0.05 0.05
0 0.7415804087802311 0.20591373116018255 0.05 0.05
0 0.7541987053101995 0.19750153347353697 0.05 0.05
0 0.7867959713459514 0.26339708201892775 0.05 0.05
0 0.8151871385383803 0.25077878548895927 0.05 0.05
0 0.2031997568349106 0.18207917104801996 0.05 0.05
0 0.45661721214511025 0.21152186295127962 0.05 0.05
0 0.26629123948475286 0.1400181826147918 0.05 0.05
0 0.290476307833859 0.13861614966701755 0.05 0.05
0 0.26734276419558356 0.09515312828601499 0.05 0.05
0 0.279961060725552 0.09655516123378938 0.05 0.05
0 0.3167644256046266 0.09375109533824073 0.05 0.05
0 0.33043424684542577 0.09655516123378938 0.05 0.05
0 0.3630315128811776 0.0909470294426922 0.05 0.05
0 0.37459828470031536 0.09234906239046646 0.05 0.05
0 0.19583908385909568 0.08253483175604662 0.05 0.05
0 0.205302806256572 0.048886041009464046 0.05 0.05
0 0.21792110278654042 0.11057549071153201 0.05 0.05
