0 0.270073004756871 0.08455118040873846 0.05 0.05
0 0.28592924154334043 0.09512200493305123 0.05 0.05
0 0.30019985465116283 0.08455118040873835 0.05 0.05
0 0.2621448863636363 0.116263653981677 0.05 0.05
0 0.22408991807610992 0.13740530303030288 0.05 0.05
0 0.1907918208245243 0.13529113812544022 0.05 0.05
0 0.3097135967230444 0.11414948907681446 0.05 0.05
0 0.33825482293868925 0.09723616983791387 0.05 0.05
0 0.35569668340380556 0.08666534531360087 0.05 0.05
0 0.22250429439746303 0.2135152396053557 0.05 0.05
0 0.25263114429175476 0.21140107470049305 0.05 0.05
0 0.2938573599365751 0.24311354827343182 0.05 0.05
0 0.35728230708245245 0.26848352713178275 0.05 0.05
0 0.4540053514799155 0.19448775546159247 0.05 0.05
0 0.25263114429175476 0.3044243305144466 0.05 0.05
0 0.1527368525369979 0.35727845313601114 0.05 0.05
0 0.18286370243128963 0.367849277660324 0.05 0.05
0 0.06077067917547565 0.5073841613812543 0.05 0.05
0 0.10199689482029597 0.6913165081042987 0.05 0.05
0 0.1352949920718816 0.6786315186751233 0.05 0.05
0 0.4888890724101481 0.805481412966878 0.05 0.05
0 0.63793769820296 0.871020525017618 0.05 0.05
0 0.734660742600423 0.8414222163495418 0.05 0.05
0 0.5808552457716702 0.5412107998590555 0.05 0.05
0 0.5507283958773785 0.46932919309372784 0.05 0.05
0 0.6664789244186047 0.5179549859055671 0.05 0.05
0 0.7584450977801269 0.5369824700493304 0.05 0.05
0 0.8171131738900635 0.5369824700493304 0.05 0.05
0 0.6268383324524314 0.1500902924594783 0.05 0.05
0 0.6744070428118394 0.16066111698379118 0.05 0.05
