0 0.08753689681724847 0.6694194900752907 0.05 0.05
0 0.1450317633470226 0.6639437885010268 0.05 0.05
0 0.07829665041067763 0.5434783538672143 0.05 0.05
0 0.006428067248459968 0.5325269507186859 0.05 0.05
0 0.18917960728952776 0.3970033367556468 0.05 0.05
0 0.3493438783367557 0.39974118754277893 0.05 0.05
0 0.3832247818275155 0.4722942334017797 0.05 0.05
0 0.397598498459959 0.4914591889117043 0.05 0.05
0 0.4489332007186859 0.5311580253251198 0.05 0.05
0 0.5136149255646818 0.5407405030800821 0.05 0.05
0 0.6552987037987681 0.43122647159479816 0.05 0.05
0 0.49821451488706375 0.6091867727583847 0.05 0.05
0 0.693286383470226 0.7734578199863108 0.05 0.05
0 0.7743952130390145 0.4654496064339494 0.05 0.05
0 0.8093028105749488 0.35593557494866535 0.05 0.05
0 0.855504042607803 0.32855706707734433 0.05 0.05
0 0.7056067120123204 0.1437521389459275 0.05 0.05
0 0.6922596894250514 0.12732503422313488 0.05 0.05
0 0.7148469584188912 0.10268437713894585 0.05 0.05
0 0.7076601001026696 0.09173297399041758 0.05 0.05
0 0.584456814681725 0.1519656913073238 0.05 0.05
0 0.37603792351129367 0.2012470054757016 0.05 0.05
0 0.5526292992813142 0.186188826146475 0.05 0.05
0 0.40991882700205345 0.19577130390143746 0.05 0.05
0 0.43866626026694056 0.21630518480492805 0.05 0.05
0 0.45406667094455855 0.2039848562628336 0.05 0.05
0 0.27439521303901443 0.09720867556468171 0.05 0.05
0 0.2897956237166325 0.09857760095824777 0.05 0.05
0 0.23640753336755652 0.10952900410677617 0.05 0.05
0 0.22203381673511297 0.12458718343600275 0.05 0.05
0 0.18609952515400416 0.132800735797399 0.05 0.05
0 0.3493438783367557 0.06024768993839835 0.05 0.05
0 0.36166420687885015 0.08351942162902119 0.05 0.05
