0 0.22774862044145872 0.4837671944977609 0.05 0.05
0 0.41104996401151633 0.5285528630838132 0.05 0.05
0 0.3976142634357006 0.5029610524632118 0.05 0.05
0 0.4158484285028791 0.4812080134357006 0.05 0.05
0 0.504140175143954 0.5323916346769034 0.05 0.05
0 0.5396488123800385 0.5183161388355726 0.05 0.05
0 0.5626814419385797 0.5029610524632118 0.05 0.05
0 0.5348503478886757 0.47225087971849006 0.05 0.05
0 0.6644088891554703 0.3660448656429942 0.05 0.05
0 0.7171919985604608 0.36860404670505437 0.05 0.05
0 0.8208388315738964 0.36860404670505437 0.05 0.05
0 0.8553877759117082 0.3314959213051824 0.05 0.05
0 0.6682476607485606 0.20225727767114515 0.05 0.05
0 0.7162323056621882 0.15107365642994233 0.05 0.05
0 0.37938009836852216 0.22912867882277677 0.05 0.05
0 0.3976142634357006 0.21889195457453614 0.05 0.05
0 0.45039737284069103 0.20993482085732562 0.05 0.05
0 0.3515490043186181 0.1433961132437619 0.05 0.05
0 0.3313954534548945 0.13060020793346125 0.05 0.05
0 0.31604036708253364 0.09733085412667937 0.05 0.05
0 0.3505893114203455 0.09093290147152899 0.05 0.05
0 0.35634746880998086 0.08709412987843888 0.05 0.05
0 0.2613378718809981 0.28031230006397956 0.05 0.05
0 0.2574991002879079 0.3558081413947536 0.05 0.05
0 0.3026046665067179 0.27647352847088935 0.05 0.05
0 0.2651766434740883 0.7639975207933462 0.05 0.05
