0 0.222950155950096 0.30078574856046053 0.05 0.05
0 0.22870831333973132 0.23424704094689694 0.05 0.05
0 0.24022462811900197 0.22401031669865645 0.05 0.05
0 0.24310370681381963 0.11012675943698014 0.05 0.05
0 0.21239353406909794 0.0755778150991682 0.05 0.05
0 0.2920480446257198 0.09477167306461923 0.05 0.05
0 0.3448311540307102 0.09989003518873953 0.05 0.05
0 0.36402501199616133 0.08965331094049904 0.05 0.05
0 0.4427198296545106 0.20737563979526547 0.05 0.05
0 0.4004933421305183 0.5080794145873321 0.05 0.05
0 0.4052918066218811 0.524714091490723 0.05 0.05
0 0.4196872000959694 0.4799284229046705 0.05 0.05
0 0.5031804822456815 0.5349508157389635 0.05 0.05
0 0.5482860484644914 0.5195957293666027 0.05 0.05
0 0.5655605206333973 0.4927243282149712 0.05 0.05
0 0.7536603286948178 0.5106385956493923 0.05 0.05
0 0.8285163747600768 0.5157569577735124 0.05 0.05
0 0.8630653190978886 0.7806321976967371 0.05 0.05
0 0.2901286588291747 0.8228586852207295 0.05 0.05
0 0.757499100287908 0.21377359245041586 0.05 0.05
0 0.6720864323416508 0.10244921625079968 0.05 0.05
