0 0.21506696428571423 0.23516865079365074 0.05 0.05
0 0.27459077380952374 0.22458664021164007 0.05 0.05
0 0.30435267857142845 0.10024801587301582 0.05 0.05
0 0.17538442460317455 0.04204695767195758 0.05 0.05
0 0.3380828373015873 0.11083002645502636 0.05 0.05
0 0.3162574404761904 0.10024801587301582 0.05 0.05
0 0.36982886904761897 0.09760251322751318 0.05 0.05
0 0.36982886904761897 0.2113591269841269 0.05 0.05
0 0.43728918650793636 0.203422619047619 0.05 0.05
0 0.46308283730158717 0.21400462962962952 0.05 0.05
0 0.5781622023809523 0.13728505291005283 0.05 0.05
0 0.5603050595238094 0.1901951058201058 0.05 0.05
0 0.609908234126984 0.18754960317460317 0.05 0.05
0 0.5444320436507935 0.4706183862433862 0.05 0.05
0 0.5900669642857141 0.49707341269841265 0.05 0.05
0 0.5702256944444443 0.5261739417989417 0.05 0.05
0 0.5047495039682539 0.5341104497354496 0.05 0.05
0 0.3956225198412698 0.49707341269841265 0.05 0.05
0 0.40554315476190467 0.5182374338624337 0.05 0.05
0 0.5345114087301586 0.6028935185185185 0.05 0.05
0 0.44919394841269833 0.7219411375661374 0.05 0.05
0 0.4253844246031745 0.7245866402116402 0.05 0.05
0 0.3777653769841269 0.7880787037037036 0.05 0.05
0 0.35990823412698403 0.8013062169312168 0.05 0.05
0 0.27459077380952374 0.7457506613756613 0.05 0.05
0 0.27459077380952374 0.7960152116402116 0.05 0.05
0 0.6694320436507935 0.7536871693121692 0.05 0.05
0 0.726971726190476 0.8965443121693121 0.05 0.05
0 0.955146329365079 0.822470238095238 0.05 0.05
