0 0.13993219339622642 0.32808569182389924 0.05 0.05
0 0.13678753930817616 0.44548611111111086 0.05 0.05
0 0.006284394654088055 0.9150877882599581 0.05 0.05
0 0.08961772798742142 0.8584840146750523 0.05 0.05
0 0.18081269654088056 0.7599515199161424 0.05 0.05
0 0.35219634433962277 0.4580647274633121 0.05 0.05
0 0.3789259040880504 0.4350039308176098 0.05 0.05
0 0.41823408018867936 0.5230542452830187 0.05 0.05
0 0.37578125000000007 0.5377292976939201 0.05 0.05
0 0.6996806210691825 0.8186517295597483 0.05 0.05
0 0.794020243710692 0.7934944968553457 0.05 0.05
0 0.8537686713836481 0.73689072327044 0.05 0.05
0 0.9040831367924531 0.6907691299790354 0.05 0.05
0 0.902510809748428 0.8333267819706497 0.05 0.05
0 0.17766804245283024 0.20439596436058666 0.05 0.05
0 0.2043976022012579 0.20439596436058666 0.05 0.05
0 0.18395735062893087 0.14569575471698085 0.05 0.05
0 0.2358441430817611 0.2924462788259955 0.05 0.05
0 0.4009384827044026 0.24842112159329113 0.05 0.05
0 0.44024665880503155 0.23793894129978999 0.05 0.05
0 0.5864730738993712 0.22955319706498922 0.05 0.05
0 0.6304982311320757 0.2714819182389935 0.05 0.05
0 0.6682340801886795 0.25890330188679217 0.05 0.05
0 0.7389887971698115 0.3155070754716978 0.05 0.05
0 0.7641460298742141 0.3134106394129977 0.05 0.05
0 0.8050265330188682 0.29034984276729525 0.05 0.05
0 0.8820705581761008 0.2735783542976937 0.05 0.05
0 0.6698064072327046 0.07441692872117364 0.05 0.05
0 0.6462215015723272 0.06393474842767262 0.05 0.05
0 0.27515231918239 0.08909198113207518 0.05 0.05
0 0.30019985465116283 0.09512200493305123 0.05 0.05
0 0.32081296247357294 0.08666534531360087 0.05 0.05
0 0.544020243710692 0.46435403563941274 0.05 0.05
0 0.35411105972515855 0.08877951021846352 0.05 0.05
0 0.3652104254756871 0.08877951021846352 0.05 0.05
0 0.33984044661733626 0.10146449964763894 0.05 0.05
0 0.2875148652219873 0.09723616983791387 0.05 0.05
