0 0.23264244873817028 0.17366697336137424 0.05 0.05
0 0.26944581361724496 0.1722649404136 0.05 0.05
0 0.28837325841219763 0.14282224851034034 0.05 0.05
0 0.29678545609884327 0.1273998860848233 0.05 0.05
0 0.3272796727129337 0.12599785313704903 0.05 0.05
0 0.3567223646161934 0.12459582018927477 0.05 0.05
0 0.3998348777602523 0.12319378724150051 0.05 0.05
0 0.34200101866456356 0.23956252190676514 0.05 0.05
0 0.3073007032071503 0.23956252190676514 0.05 0.05
0 0.37459828470031536 0.0629063704872068 0.05 0.05
0 0.45766873685594095 0.19189340168243993 0.05 0.05
0 0.1337991259200841 0.5143609796705225 0.05 0.05
0 0.38090743296529955 0.5101548808271996 0.05 0.05
0 0.41876232255520496 0.5283813091482652 0.05 0.05
0 0.45872026156677165 0.5353914738871366 0.05 0.05
0 0.5102449723974762 0.5381955397826851 0.05 0.05
0 0.5470483372765508 0.5269792762004909 0.05 0.05
0 0.5596666338065193 0.5045467490361025 0.05 0.05
0 0.5491513866982122 0.4835162548194885 0.05 0.05
0 0.5943669492639325 0.6139053189624959 0.05 0.05
0 0.4303290943743427 0.7891594374342799 0.05 0.05
0 0.3535677904837013 0.8298183929197337 0.05 0.05
0 0.3251766232912722 0.7877574044865056 0.05 0.05
0 0.5554605349631965 0.19750153347353697 0.05 0.05
0 0.3398979692429021 0.10496735892043496 0.05 0.05
