0 0.1912574404761904 0.23516865079365074 0.05 0.05
0 0.19522569444444435 0.19284060846560844 0.05 0.05
0 0.3103050595238095 0.084375 0.05 0.05
0 0.4015749007936507 0.16638558201058196 0.05 0.05
0 0.45514632936507926 0.20871362433862425 0.05 0.05
0 0.27260664682539676 0.2801421957671958 0.05 0.05
0 0.21903521825396818 0.2880787037037036 0.05 0.05
0 0.28649553571428565 0.39918981481481475 0.05 0.05
0 0.3003844246031745 0.486491402116402 0.05 0.05
0 0.24681299603174595 0.49707341269841265 0.05 0.05
0 0.09998759920634914 0.49442791005291004 0.05 0.05
0 0.4095114087301586 0.4600363756613755 0.05 0.05
0 0.3956225198412698 0.5155919312169311 0.05 0.05
0 0.4134796626984126 0.539401455026455 0.05 0.05
0 0.3202256944444444 0.7722056878306878 0.05 0.05
0 0.2924479166666666 0.7960152116402116 0.05 0.05
0 0.3380828373015873 0.8065972222222222 0.05 0.05
0 0.37974950396825385 0.7801421957671957 0.05 0.05
0 0.4114955357142856 0.7219411375661374 0.05 0.05
0 0.4353050595238094 0.7431051587301586 0.05 0.05
0 0.5622891865079364 0.5288194444444444 0.05 0.05
0 0.5781622023809523 0.5076554232804232 0.05 0.05
0 0.5444320436507935 0.4600363756613755 0.05 0.05
0 0.5543526785714284 0.21400462962962952 0.05 0.05
0 0.5940352182539681 0.2457506613756614 0.05 0.05
0 0.5781622023809523 0.10553902116402109 0.05 0.05
0 0.6257812499999998 0.16638558201058196 0.05 0.05
0 0.6634796626984125 0.1637400793650793 0.05 0.05
0 0.7110987103174602 0.12141203703703703 0.05 0.05
0 0.732924107142857 0.12141203703703703 0.05 0.05
0 0.7646701388888887 0.20871362433862425 0.05 0.05
0 0.7984002976190474 0.203422619047619 0.05 0.05
0 0.7984002976190474 0.293369708994709 0.05 0.05
0 0.7666542658730158 0.3013062169312169 0.05 0.05
0 0.7726066468253966 0.49178240740740736 0.05 0.05
0 0.8499875992063488 0.457390873015873 0.05 0.05
