0 0.2795286832648871 0.24231476728268292 0.05 0.05
0 0.2877422356262834 0.2149362594113621 0.05 0.05
0 0.26207488449691996 0.1971402292950034 0.05 0.05
0 0.31032950462012326 0.20672270704996573 0.05 0.05
0 0.3452371021560575 0.17797527378507874 0.05 0.05
0 0.39246502823408635 0.1944023785078713 0.05 0.05
0 0.4222391555441479 0.2039848562628336 0.05 0.05
0 0.4437997304928132 0.21219840862422998 0.05 0.05
0 0.45406667094455855 0.2012470054757016 0.05 0.05
0 0.29390239989733064 0.09583975017111565 0.05 0.05
0 0.27439521303901443 0.09720867556468171 0.05 0.05
0 0.36679767710472283 0.07804372005475695 0.05 0.05
0 0.6748058906570843 0.1656549452429843 0.05 0.05
0 0.5567360754620124 0.18345097535934302 0.05 0.05
0 0.7056067120123204 0.1615481690622861 0.05 0.05
0 0.706633406057495 0.09994652635181384 0.05 0.05
0 0.7518079440451746 0.3545666495550993 0.05 0.05
0 0.813409586755647 0.3655180527036277 0.05 0.05
0 0.7610481904517454 0.561274383983573 0.05 0.05
0 0.7014999358316223 0.5653811601642711 0.05 0.05
0 0.5403089707392198 0.47092530800821364 0.05 0.05
0 0.5002679029774127 0.5325269507186859 0.05 0.05
0 0.450986588809035 0.5311580253251198 0.05 0.05
0 0.38938494609856267 0.4969348904859686 0.05 0.05
0 0.3934917222792609 0.4859834873374402 0.05 0.05
0 0.5033479851129364 0.6406720568104038 0.05 0.05
0 0.25796810831622186 0.8076809548254621 0.05 0.05
0 0.6142309419917866 0.9801655544147844 0.05 0.05
