0 0.2732442521141649 0.0930078400281887 0.05 0.05
0 0.2811723705073996 0.09300784002818858 0.05 0.05
0 0.29227173625792807 0.08877951021846352 0.05 0.05
0 0.33349795190274845 0.08877951021846352 0.05 0.05
0 0.35411105972515855 0.08877951021846352 0.05 0.05
0 0.43814911469344614 0.21562940451021836 0.05 0.05
0 0.4270497489429176 0.17334610641296672 0.05 0.05
0 0.45559097515856245 0.18814526074700477 0.05 0.05
0 0.6157389667019029 0.207172744890768 0.05 0.05
0 0.6728214191331925 0.167003611698379 0.05 0.05
0 0.7061195163847781 0.17123194150810406 0.05 0.05
0 0.8741956263213531 0.2705976920366453 0.05 0.05
0 0.951891186575053 0.8773630197322058 0.05 0.05
0 0.5491427721987316 0.46510086328400274 0.05 0.05
0 0.19237744450317124 0.21562940451021836 0.05 0.05
0 0.1939630681818182 0.2832826814658208 0.05 0.05
0 0.246288649577167 0.3044243305144466 0.05 0.05
0 0.30019985465116283 0.4143609055673008 0.05 0.05
0 0.18603494978858348 0.6278915609584212 0.05 0.05
0 0.18920619714587736 0.7505131254404509 0.05 0.05
0 0.2795867468287526 0.7483989605355884 0.05 0.05
