0 0.44559890834932825 0.2060960492642356 0.05 0.05
0 0.2824511156429943 0.30718370121561095 0.05 0.05
0 0.21623230566218812 0.3033449296225207 0.05 0.05
0 0.18936090451055665 0.2867102527191298 0.05 0.05
0 0.4148887356046066 0.4760896513115803 0.05 0.05
0 0.3976142634357006 0.5131977767114523 0.05 0.05
0 0.41104996401151633 0.5311120441458733 0.05 0.05
0 0.5108580254318619 0.5349508157389635 0.05 0.05
0 0.5588426703454895 0.5183161388355726 0.05 0.05
0 0.5770768354126681 0.49400391874600125 0.05 0.05
0 0.5377294265834933 0.4696916986564299 0.05 0.05
0 0.7075950695777352 0.6104466570697377 0.05 0.05
0 0.3102822096928983 0.7575995681381957 0.05 0.05
0 0.2008772192898273 0.7460832533589252 0.05 0.05
0 0.29972558781190023 0.10244921625079968 0.05 0.05
0 0.3102822096928983 0.09349208253358915 0.05 0.05
0 0.27477357245681383 0.09349208253358915 0.05 0.05
0 0.23638585652591174 0.11524512156110044 0.05 0.05
0 0.24214401391554707 0.1587511996161228 0.05 0.05
0 0.27477357245681383 0.03719009916826614 0.05 0.05
0 0.2910883517274473 0.04230846129238633 0.05 0.05
0 0.3534683901151632 0.09093290147152899 0.05 0.05
0 0.34675053982725534 0.1011696257197696 0.05 0.05
0 0.667287967850288 0.1126859404990403 0.05 0.05
0 0.7411843210172745 0.2432041746641075 0.05 0.05
