0 0.25474950396825397 0.07643849206349197 0.05 0.05
0 0.27459077380952374 0.09231150793650791 0.05 0.05
0 0.32220982142857135 0.08966600529100527 0.05 0.05
0 0.38967013888888885 0.055274470899470886 0.05 0.05
0 0.3936383928571428 0.2060681216931216 0.05 0.05
0 0.43927331349206333 0.203422619047619 0.05 0.05
0 0.4670510912698411 0.20871362433862425 0.05 0.05
0 0.25474950396825385 0.11612103174603164 0.05 0.05
0 0.25474950396825385 0.1346395502645502 0.05 0.05
0 0.18927331349206342 0.203422619047619 0.05 0.05
0 0.2527653769841269 0.2192956349206348 0.05 0.05
0 0.05435267857142854 0.5711474867724867 0.05 0.05
0 0.2666542658730158 0.7510416666666665 0.05 0.05
0 0.25474950396825385 0.7960152116402116 0.05 0.05
0 0.3519717261904761 0.7616236772486772 0.05 0.05
0 0.35990823412698403 0.8065972222222222 0.05 0.05
0 0.40554315476190467 0.7510416666666665 0.05 0.05
0 0.44919394841269833 0.7298776455026454 0.05 0.05
0 0.3956225198412698 0.49442791005291004 0.05 0.05
0 0.3956225198412698 0.5235284391534392 0.05 0.05
0 0.49681299603174595 0.5367559523809523 0.05 0.05
0 0.5067336309523809 0.6081845238095237 0.05 0.05
0 0.5722098214285712 0.5341104497354496 0.05 0.05
0 0.5761780753968252 0.48913690476190474 0.05 0.05
0 0.5523685515873015 0.4600363756613755 0.05 0.05
0 0.7567336309523808 0.7034226190476189 0.05 0.05
0 0.7706225198412697 0.830406746031746 0.05 0.05
0 0.8321304563492061 0.8409887566137565 0.05 0.05
0 0.7349082341269839 0.3886078042328042 0.05 0.05
0 0.5444320436507935 0.21665013227513227 0.05 0.05
0 0.7448288690476189 0.25897817460317457 0.05 0.05
0 0.7765749007936505 0.2616236772486772 0.05 0.05
0 0.7785590277777776 0.20871362433862425 0.05 0.05
0 0.8103050595238093 0.2060681216931216 0.05 0.05
