0 0.41035012486855926 0.5409996056782337 0.05 0.05
0 0.4050925013144058 0.5045467490361025 0.05 0.05
0 0.41981384726603566 0.4877223536628113 0.05 0.05
0 0.5133995465299683 0.5409996056782337 0.05 0.05
0 0.5502029114090429 0.5255772432527166 0.05 0.05
0 0.5617696832281807 0.5059487819838768 0.05 0.05
0 0.542842238433228 0.4737020241850686 0.05 0.05
0 0.6890041732386958 0.4765060900806172 0.05 0.05
0 0.7405288840694004 0.39378614616193514 0.05 0.05
0 0.7657654771293372 0.4050024097441292 0.05 0.05
0 0.7815383477917979 0.39238411321416083 0.05 0.05
0 0.8551450775499472 0.8634671836663163 0.05 0.05
0 0.48185380520504717 0.6854089992989837 0.05 0.05
0 0.4734416075184015 0.646152076761304 0.05 0.05
0 0.37880438354363816 0.2886336750788646 0.05 0.05
0 0.41245317429022066 0.2970458727655102 0.05 0.05
0 0.3682891364353312 0.2045116982124083 0.05 0.05
0 0.45451416272344886 0.19890356642131124 0.05 0.05
0 0.279961060725552 0.09515312828601499 0.05 0.05
0 0.2925793572555204 0.08814296354714367 0.05 0.05
0 0.24631226997896943 0.1035653259726607 0.05 0.05
0 0.27154886303890635 0.048886041009464046 0.05 0.05
0 0.21476652865404833 0.0713185681738525 0.05 0.05
