0 0.13271143480492817 0.777564596167009 0.05 0.05
0 0.29082231776180706 0.7707199691991787 0.05 0.05
0 0.2785019892197126 0.43122647159479816 0.05 0.05
0 0.45612005903490765 0.533895876112252 0.05 0.05
0 0.5033479851129364 0.5380026522929501 0.05 0.05
0 0.47870732802874755 0.6160313997262149 0.05 0.05
0 0.51772170174538 0.5968664442162903 0.05 0.05
0 0.5433890528747434 0.47366315879534576 0.05 0.05
0 0.7528346380903492 0.4640806810403833 0.05 0.05
0 0.8226498331622178 0.7269143566050651 0.05 0.05
0 0.9027319686858318 0.7460793121149898 0.05 0.05
0 0.7281939810061603 0.37510053045859 0.05 0.05
0 0.6696724204312117 0.3340327686516086 0.05 0.05
0 0.6881529132443533 0.28475145448323075 0.05 0.05
0 0.6881529132443533 0.2505283196440794 0.05 0.05
0 0.7158736524640659 0.12732503422313488 0.05 0.05
0 0.7528346380903492 0.12732503422313488 0.05 0.05
0 0.7743952130390145 0.12869395961670094 0.05 0.05
0 0.8093028105749488 0.2012470054757016 0.05 0.05
0 0.370904453285421 0.21219840862422998 0.05 0.05
0 0.3493438783367557 0.21219840862422998 0.05 0.05
0 0.3780913116016428 0.1902956023271732 0.05 0.05
0 0.4047853567761807 0.1971402292950034 0.05 0.05
0 0.4407196483572896 0.2149362594113621 0.05 0.05
0 0.3123828927104723 0.17660634839151268 0.05 0.05
0 0.277475295174538 0.17386849760438056 0.05 0.05
0 0.17583258470225877 0.21630518480492805 0.05 0.05
0 0.27028843685831627 0.09857760095824777 0.05 0.05
0 0.29698248203285427 0.09036404859685139 0.05 0.05
0 0.2333274512320329 0.04382058521560571 0.05 0.05
0 0.5516026052361397 0.19850915468856947 0.05 0.05
