0 0.1655656442505134 0.45860497946611917 0.05 0.05
0 0.17583258470225877 0.32992599247091037 0.05 0.05
0 0.20355332392197129 0.3928965605749487 0.05 0.05
0 0.2312740631416838 0.3066542607802875 0.05 0.05
0 0.2333274512320329 0.2286255133470225 0.05 0.05
0 0.2815820713552362 0.2286255133470225 0.05 0.05
0 0.29184901180698153 0.24231476728268314 0.05 0.05
0 0.30724942248459963 0.3080231861738535 0.05 0.05
0 0.2846621534907598 0.28748930527036276 0.05 0.05
0 0.2877422356262834 0.17660634839151268 0.05 0.05
0 0.357557430698152 0.17797527378507874 0.05 0.05
0 0.46228022330595486 0.20672270704996573 0.05 0.05
0 0.3565307366529774 0.09173297399041758 0.05 0.05
0 0.3318900795687886 0.10679115331964403 0.05 0.05
0 0.2928757058521561 0.09310189938398353 0.05 0.05
0 0.2713151309034908 0.09994652635181384 0.05 0.05
0 0.2312740631416838 0.04518951060917177 0.05 0.05
0 0.20971348819301855 0.0479273613963039 0.05 0.05
0 0.6008839194045176 0.22041196098562638 0.05 0.05
0 0.7353808393223821 0.4367021731690623 0.05 0.05
0 0.544415746919918 0.47092530800821364 0.05 0.05
0 0.559816157597536 0.49830381587953465 0.05 0.05
0 0.5526292992813142 0.5284201745379877 0.05 0.05
0 0.49924120893223833 0.5284201745379877 0.05 0.05
0 0.43866626026694056 0.5202066221765914 0.05 0.05
0 0.4047853567761807 0.5311580253251198 0.05 0.05
0 0.38835825205338814 0.4969348904859686 0.05 0.05
0 0.5639229337782342 0.6653127138945928 0.05 0.05
0 0.7631015785420946 0.913088210130048 0.05 0.05
0 0.868851065195072 0.9308842402464067 0.05 0.05
