0 0.09164367299794664 0.698166923340178 0.05 0.05
0 0.07418987422997948 0.7707199691991787 0.05 0.05
0 0.005401373203285431 0.7323900581793292 0.05 0.05
0 0.1522186216632444 0.4490225017111567 0.05 0.05
0 0.10499069558521561 0.41343044147843944 0.05 0.05
0 0.16145886806981524 0.4093236652977412 0.05 0.05
0 0.19431307751540045 0.4394400239561944 0.05 0.05
0 0.2117668762833676 0.3819451574264202 0.05 0.05
0 0.17788597279260782 0.34087739561943875 0.05 0.05
0 0.27028843685831627 0.4189061430527037 0.05 0.05
0 0.3123828927104723 0.4093236652977412 0.05 0.05
0 0.3493438783367557 0.40247903832991105 0.05 0.05
0 0.3298366914784395 0.30254748459958936 0.05 0.05
0 0.28055537731006164 0.27790682751540047 0.05 0.05
0 0.195339771560575 0.24094584188911708 0.05 0.05
0 0.29082231776180706 0.16702387063655025 0.05 0.05
0 0.3134095867556469 0.1519656913073238 0.05 0.05
0 0.3195697510266941 0.2012470054757016 0.05 0.05
0 0.2928757058521561 0.09720867556468171 0.05 0.05
0 0.27336851899383985 0.09857760095824777 0.05 0.05
0 0.19944654774127316 0.10542222792607797 0.05 0.05
0 0.4437997304928132 0.22041196098562638 0.05 0.05
0 0.45612005903490765 0.20946055783709785 0.05 0.05
0 0.3729578413757701 0.05750983915126622 0.05 0.05
0 0.34215702002053394 0.05750983915126622 0.05 0.05
0 0.38425147587269004 0.481876711156742 0.05 0.05
0 0.3791180056468173 0.49967274127310063 0.05 0.05
0 0.4520132828542095 0.5325269507186859 0.05 0.05
0 0.4941077387063656 0.5407405030800821 0.05 0.05
0 0.5002679029774127 0.5845461156741958 0.05 0.05
0 0.48076071611909654 0.6119246235455169 0.05 0.05
0 0.8318900795687887 0.8336905373032171 0.05 0.05
0 0.32367652720739226 0.8323216119096509 0.05 0.05
0 0.544415746919918 0.4613428302532512 0.05 0.05
0 0.559816157597536 0.18892667693360715 0.05 0.05
