0 0.06334697029442696 0.4680938923939715 0.05 0.05
0 0.08753203864353314 0.4260329039607433 0.05 0.05
0 0.14852047187171397 0.37135361899754665 0.05 0.05
0 0.20109670741324917 0.34751905888538415 0.05 0.05
0 0.27260038774973705 0.3601373554153525 0.05 0.05
0 0.26839428890641426 0.7709330091132143 0.05 0.05
0 0.3272796727129337 0.7863553715387313 0.05 0.05
0 0.3924742047844373 0.8129939975464425 0.05 0.05
0 0.4019379271819137 0.7597167455310202 0.05 0.05
0 0.5028842994216612 0.5438036715737822 0.05 0.05
0 0.5502029114090429 0.5255772432527166 0.05 0.05
0 0.5659757820715035 0.496134551349457 0.05 0.05
0 0.5407391890115666 0.46528982649842293 0.05 0.05
0 0.40929860015772856 0.5227731773571681 0.05 0.05
0 0.3956287789169294 0.5031447160883283 0.05 0.05
0 0.42086537197686635 0.4793101559761657 0.05 0.05
0 0.7436834582018925 0.6854089992989837 0.05 0.05
0 0.7531471805993688 0.557824001051525 0.05 0.05
0 0.7342197358044161 0.43304306869961473 0.05 0.05
0 0.6869011238170344 0.35733328951980403 0.05 0.05
0 0.7815383477917979 0.44425933228180886 0.05 0.05
0 0.8561966022607777 0.4793101559761657 0.05 0.05
0 0.916133510778128 0.5297833420960394 0.05 0.05
0 0.7794352983701365 0.19049136873466566 0.05 0.05
0 0.6553553824921133 0.12459582018927477 0.05 0.05
0 0.6111913446372237 0.1400181826147918 0.05 0.05
0 0.5838517021556255 0.14142021556256607 0.05 0.05
0 0.5544090102523658 0.2087177970557311 0.05 0.05
0 0.439792816771819 0.26339708201892775 0.05 0.05
0 0.44084434148264967 0.2129238958990539 0.05 0.05
0 0.45661721214511025 0.19750153347353697 0.05 0.05
0 0.37249523527865397 0.2830255432877676 0.05 0.05
0 0.36618608701366967 0.26199504907115345 0.05 0.05
0 0.3178159503154573 0.2690052138100249 0.05 0.05
0 0.2841671595688748 0.23395439011566807 0.05 0.05
0 0.27680648659305984 0.2199340606379253 0.05 0.05
0 0.3062491784963196 0.19750153347353697 0.05 0.05
0 0.24210617113564664 0.23535642306344234 0.05 0.05
0 0.2273848251840168 0.11618362250262919 0.05 0.05
0 0.18006621319663513 0.09655516123378938 0.05 0.05
0 0.279961060725552 0.09795719418156364 0.05 0.05
0 0.28837325841219763 0.09234906239046646 0.05 0.05
0 0.34515559279705565 0.09795719418156364 0.05 0.05
0 0.3630315128811776 0.09935922712933791 0.05 0.05
0 0.8425267810199788 0.18488323694356848 0.05 0.05
