0 0.1907918208245243 0.046496212121211994 0.05 0.05
0 0.2066480576109936 0.04015371740662417 0.05 0.05
0 0.20030556289640594 0.12049198379140218 0.05 0.05
0 0.21299055232558137 0.14163363284002795 0.05 0.05
0 0.23836053118393236 0.1331769732205777 0.05 0.05
0 0.2510455206131078 0.10780699436222677 0.05 0.05
0 0.27007300475687107 0.09723616983791387 0.05 0.05
0 0.28592924154334043 0.09089367512332605 0.05 0.05
0 0.3097135967230444 0.09089367512332605 0.05 0.05
0 0.33825482293868925 0.09089367512332605 0.05 0.05
0 0.3493541886892178 0.1395194679351654 0.05 0.05
0 0.30654234936575053 0.15431862226920348 0.05 0.05
0 0.2875148652219873 0.15854695207892863 0.05 0.05
0 0.2653161337209302 0.1331769732205777 0.05 0.05
0 0.37789541490486267 0.1331769732205777 0.05 0.05
0 0.44290598572938694 0.207172744890768 0.05 0.05
0 0.35252543604651165 0.30231016560958396 0.05 0.05
0 0.32556983350951374 0.3171093199436221 0.05 0.05
0 0.22408991807610992 0.3044243305144466 0.05 0.05
0 0.17969245507399575 0.4016759161381253 0.05 0.05
0 0.16700746564482027 0.3107668252290343 0.05 0.05
0 0.21933304704016915 0.2135152396053557 0.05 0.05
0 0.17810683139534883 0.49681333685694135 0.05 0.05
0 0.23360366014799155 0.5010416666666665 0.05 0.05
0 0.2669017573995772 0.7462847956307257 0.05 0.05
0 0.30654234936575053 0.7589697850599013 0.05 0.05
0 0.46034784619450325 0.5306399753347427 0.05 0.05
0 0.5253584170190275 0.5475532945736432 0.05 0.05
0 0.5475571485200846 0.4629866983791401 0.05 0.05
0 0.6189102140591967 0.5031558315715291 0.05 0.05
0 0.6918489032769557 0.33402263918252273 0.05 0.05
0 0.8012569371035942 0.29596767089499637 0.05 0.05
0 0.8773668736786471 0.3065384954193092 0.05 0.05
0 0.8932231104651164 0.27271185694150796 0.05 0.05
0 0.8393119053911207 0.4524158738548272 0.05 0.05
0 0.7616163451374207 0.46721502818886523 0.05 0.05
0 0.7188045058139536 0.9577012861169838 0.05 0.05
0 0.8424831527484145 0.9746146053558843 0.05 0.05
0 0.6775782901691333 0.09512200493305123 0.05 0.05
0 0.707705140063425 0.13529113812544022 0.05 0.05
0 0.7235613768498944 0.09723616983791387 0.05 0.05
0 0.7441744846723045 0.10357866455250159 0.05 0.05
0 0.7790582056025371 0.11414948907681446 0.05 0.05
