0 0.3667407485535198 0.036882232401157226 0.05 0.05
0 0.38602715163934426 0.03945375281260048 0.05 0.05
0 0.1950917610896818 0.04073951301832217 0.05 0.05
0 0.2114852037126326 0.03816799260687891 0.05 0.05
0 0.22884296648987465 0.16160097235615561 0.05 0.05
0 0.2847735354387657 0.09859872227579558 0.05 0.05
0 0.3088815392960463 0.09474144165863076 0.05 0.05
0 0.3397397842333655 0.10374176309868209 0.05 0.05
0 0.36095482762777237 0.2156029009964642 0.05 0.05
0 0.4082065151880424 0.2876054725168757 0.05 0.05
0 0.4400290802796528 0.28374819189971073 0.05 0.05
0 0.4467793213596914 0.20917409996785613 0.05 0.05
0 0.5547831786403086 0.11788512536162017 0.05 0.05
0 0.5943203049662488 0.12302816618450668 0.05 0.05
0 0.6714659173095467 0.32103523786563815 0.05 0.05
0 0.7833270552073289 0.36603684506589523 0.05 0.05
0 0.8643299481677916 0.3866090083574413 0.05 0.05
0 0.5972132654291225 0.5074704676952748 0.05 0.05
0 0.49595964922854385 0.5344714320154292 0.05 0.05
0 0.4487079616682738 0.5781872790099647 0.05 0.05
0 0.4448506810511089 0.6463325699132112 0.05 0.05
0 0.40242059426229504 0.5228995901639345 0.05 0.05
0 0.3947060330279653 0.5048989472838316 0.05 0.05
0 0.3648121082449373 0.7877661925425908 0.05 0.05
0 0.3300965826904532 0.7761943506910961 0.05 0.05
0 0.2587368912729026 0.7594794680167148 0.05 0.05
0 0.5432113367888138 0.4701834217293475 0.05 0.05
