0 0.18286370243128963 0.054952871740662344 0.05 0.05
0 0.27165862843551797 0.08666534531360087 0.05 0.05
0 0.2811723705073996 0.09089367512332605 0.05 0.05
0 0.2906861125792812 0.09089367512332605 0.05 0.05
0 0.33508357558139534 0.09089367512332605 0.05 0.05
0 0.35728230708245245 0.09089367512332605 0.05 0.05
0 0.42387850158562373 0.18180276603241693 0.05 0.05
0 0.4540053514799155 0.1902594256518673 0.05 0.05
0 0.564999008985201 0.1395194679351654 0.05 0.05
0 0.588783364164905 0.1395194679351654 0.05 0.05
0 0.6189102140591967 0.167003611698379 0.05 0.05
0 0.7663732161733616 0.3107668252290343 0.05 0.05
0 0.8297981633192391 0.34036513389711043 0.05 0.05
0 0.7695444635306554 0.40379008104298786 0.05 0.05
0 0.7901575713530656 0.4820141825229033 0.05 0.05
0 0.6934345269556026 0.5010416666666665 0.05 0.05
0 0.5507283958773785 0.47567168780831554 0.05 0.05
0 0.878952497357294 0.7970247533474276 0.05 0.05
0 0.9455486918604652 0.9872995947850599 0.05 0.05
0 0.28592924154334043 0.8266230620155037 0.05 0.05
0 0.11151063689217758 0.5834940979563071 0.05 0.05
0 0.11151063689217758 0.39321925651867495 0.05 0.05
0 0.1273668736786469 0.3974475863284001 0.05 0.05
0 0.14956560517970402 0.408018410852713 0.05 0.05
0 0.2066480576109936 0.4312742248062013 0.05 0.05
