0 0.2267889275431862 0.3877979046705055 0.05 0.05
0 0.3918561060460653 0.506799824056302 0.05 0.05
0 0.40817088531669865 0.525993682021753 0.05 0.05
0 0.41296934980806144 0.4799284229046705 0.05 0.05
0 0.5031804822456815 0.5464671305182341 0.05 0.05
0 0.5012610964491364 0.525993682021753 0.05 0.05
0 0.5473263555662189 0.524714091490723 0.05 0.05
0 0.5655605206333973 0.5029610524632118 0.05 0.05
0 0.5434875839731287 0.47353047024952016 0.05 0.05
0 0.9513570657389636 0.925225927703135 0.05 0.05
0 0.2450230926103647 0.19330014395393463 0.05 0.05
0 0.24598278550863725 0.11012675943698014 0.05 0.05
0 0.20951445537428026 0.11012675943698014 0.05 0.05
0 0.21239353406909794 0.0602227287268074 0.05 0.05
0 0.19128029030710175 0.06278190978886755 0.05 0.05
0 0.30548374520153554 0.09349208253358915 0.05 0.05
0 0.34099238243762003 0.09733085412667937 0.05 0.05
0 0.3553877759117083 0.08837372040946896 0.05 0.05
0 0.36402501199616133 0.16770833333333332 0.05 0.05
0 0.4436795225527832 0.21249400191938578 0.05 0.05
0 0.6164242442418427 0.1280410268714011 0.05 0.05
0 0.648094109884837 0.11524512156110044 0.05 0.05
0 0.6442553382917466 0.18178382917466404 0.05 0.05
0 0.6644088891554703 0.20353686820217523 0.05 0.05
0 0.6970384476967372 0.18690219129878435 0.05 0.05
0 0.7200710772552784 0.18562260076775428 0.05 0.05
0 0.7613378718809982 0.10372880678182976 0.05 0.05
