0 0.2082336812896406 0.07398035588442546 0.05 0.05
0 0.2288467891120507 0.07186619097956282 0.05 0.05
0 0.20030556289640594 0.12049198379140218 0.05 0.05
0 0.2510455206131078 0.12049198379140218 0.05 0.05
0 0.27165862843551797 0.09723616983791387 0.05 0.05
0 0.2795867468287526 0.09723616983791387 0.05 0.05
0 0.2875148652219873 0.09512200493305123 0.05 0.05
0 0.30019985465116283 0.12472031360112736 0.05 0.05
0 0.2843436178646934 0.11414948907681446 0.05 0.05
0 0.33984044661733626 0.09512200493305123 0.05 0.05
0 0.3461829413319239 0.08032285059901317 0.05 0.05
0 0.35728230708245245 0.09300784002818858 0.05 0.05
0 0.36045355443974636 0.0824370155038757 0.05 0.05
0 0.4444916094080339 0.21140107470049305 0.05 0.05
0 0.45559097515856245 0.20294441508104283 0.05 0.05
0 0.4064366411205074 0.3044243305144466 0.05 0.05
0 0.3319123282241015 0.30231016560958396 0.05 0.05
0 0.30019985465116283 0.33190847427766007 0.05 0.05
0 0.23677490750528546 0.2769401867512331 0.05 0.05
0 0.24311740221987313 0.2536843727977447 0.05 0.05
0 0.2098193049682875 0.19448775546159247 0.05 0.05
0 0.246288649577167 0.1860310958421421 0.05 0.05
0 0.2811723705073996 0.18814526074700477 0.05 0.05
0 0.3097135967230444 0.1839169309372796 0.05 0.05
0 0.1273668736786469 0.4566442036645524 0.05 0.05
0 0.04332881871035939 0.6046357470049329 0.05 0.05
0 0.16700746564482027 0.7061156624383368 0.05 0.05
0 0.19554869186046514 0.7166864869626496 0.05 0.05
0 0.39533727536997887 0.4820141825229033 0.05 0.05
0 0.39375165169133197 0.5179549859055671 0.05 0.05
0 0.46034784619450325 0.5348683051444678 0.05 0.05
0 0.5301152880549684 0.5475532945736432 0.05 0.05
0 0.5538996432346723 0.47144335799859044 0.05 0.05
0 0.636352074524313 0.43973088442565167 0.05 0.05
0 0.707705140063425 0.4503017089499645 0.05 0.05
0 0.7790582056025371 0.408018410852713 0.05 0.05
0 0.8345550343551797 0.40590424594785046 0.05 0.05
0 0.7838150766384778 0.3361368040873854 0.05 0.05
0 0.8297981633192391 0.3382509689922479 0.05 0.05
0 0.8852949920718818 0.28539684637068347 0.05 0.05
0 0.7695444635306554 0.1226061486962647 0.05 0.05
0 0.5919546115221987 0.2642551973220576 0.05 0.05
0 0.6236670850951376 0.2642551973220576 0.05 0.05
0 0.6585508060253701 0.2705976920366453 0.05 0.05
