0 0.23093998015873018 0.11083002645502636 0.05 0.05
0 0.1912574404761904 0.1690310846560846 0.05 0.05
0 0.23093998015873005 0.14522156084656074 0.05 0.05
0 0.22101934523809516 0.1769675925925925 0.05 0.05
0 0.31228918650793647 0.09760251322751318 0.05 0.05
0 0.2924479166666666 0.20077711640211635 0.05 0.05
0 0.31228918650793647 0.18754960317460317 0.05 0.05
0 0.34205109126984123 0.1610945767195767 0.05 0.05
0 0.37181299603174595 0.15315806878306878 0.05 0.05
0 0.4591145833333332 0.21400462962962952 0.05 0.05
0 0.3281622023809523 0.27220568783068777 0.05 0.05
0 0.3519717261904761 0.3700892857142856 0.05 0.05
0 0.24086061507936501 0.33305224867724864 0.05 0.05
0 0.09800347222222217 0.41241732804232806 0.05 0.05
0 0.12578124999999993 0.5923115079365079 0.05 0.05
0 0.39959077380952374 0.4653273809523809 0.05 0.05
0 0.3916542658730158 0.5023644179894179 0.05 0.05
0 0.4134796626984126 0.5341104497354496 0.05 0.05
0 0.488876488095238 0.5155919312169311 0.05 0.05
0 0.5166542658730158 0.5314649470899471 0.05 0.05
0 0.5543526785714284 0.5182374338624337 0.05 0.05
0 0.5781622023809523 0.4812003968253967 0.05 0.05
0 0.5484002976190474 0.4679728835978835 0.05 0.05
0 0.43927331349206333 0.7457506613756613 0.05 0.05
0 0.40554315476190467 0.7669146825396825 0.05 0.05
0 0.3777653769841269 0.7933697089947089 0.05 0.05
0 0.37181299603174595 0.7827876984126984 0.05 0.05
0 0.3083209325396824 0.7589781746031746 0.05 0.05
0 0.3063368055555554 0.7986607142857143 0.05 0.05
0 0.8757812499999996 0.5420469576719575 0.05 0.05
0 0.5503844246031745 0.22194113756613756 0.05 0.05
0 0.5702256944444443 0.08966600529100527 0.05 0.05
0 0.598003472222222 0.08702050264550264 0.05 0.05
0 0.7428447420634918 0.19284060846560844 0.05 0.05
0 0.8043526785714283 0.2695601851851851 0.05 0.05
0 0.8698288690476188 0.2669146825396825 0.05 0.05
