0 0.22870957167832162 0.07184586247086257 0.05 0.05
0 0.2509997814685315 0.05261509324009322 0.05 0.05
0 0.27591236888111886 0.05261509324009322 0.05 0.05
0 0.2811571241258741 0.09806963869463867 0.05 0.05
0 0.28902425699300704 0.10156614219114223 0.05 0.05
0 0.3008249562937063 0.09632138694638688 0.05 0.05
0 0.33360467657342663 0.08932837995337989 0.05 0.05
0 0.3506501311188811 0.08583187645687644 0.05 0.05
0 0.386052229020979 0.061356351981352 0.05 0.05
0 0.29558020104895105 0.25191579254079244 0.05 0.05
0 0.2339543269230769 0.30785984848484843 0.05 0.05
0 0.1723284527972028 0.33058712121212125 0.05 0.05
0 0.4358774038461538 0.21170600233100234 0.05 0.05
0 0.44636691433566433 0.2064612470862471 0.05 0.05
0 0.4607899912587413 0.5298878205128206 0.05 0.05
0 0.5224158653846155 0.5438738344988345 0.05 0.05
0 0.5499508304195805 0.47569201631701635 0.05 0.05
0 0.2706676136363636 0.7536640442890443 0.05 0.05
0 0.30344733391608397 0.7746430652680654 0.05 0.05
0 0.6863144667832168 0.6924752331002331 0.05 0.05
0 0.7990767045454547 0.7711465617715618 0.05 0.05
0 0.8908599213286715 0.7641535547785547 0.05 0.05
0 0.8226781031468533 0.9442234848484848 0.05 0.05
0 0.9157725087412588 0.9197479603729605 0.05 0.05
0 0.8003878933566435 0.5368808275058276 0.05 0.05
0 0.8502130681818183 0.5159018065268065 0.05 0.05
0 0.6587795017482518 0.16799970862470867 0.05 0.05
0 0.7387620192307693 0.13478292540792533 0.05 0.05
0 0.7636746066433568 0.1225451631701631 0.05 0.05
0 0.7649857954545455 0.21695075757575755 0.05 0.05
0 0.7925207604895107 0.21869900932400935 0.05 0.05
