0 0.3122891865079366 0.08172949735449725 0.05 0.05
0 0.365860615079365 0.08702050264550264 0.05 0.05
0 0.26467013888888885 0.13993055555555547 0.05 0.05
0 0.2904637896825396 0.12934854497354492 0.05 0.05
0 0.2269717261904761 0.40977182539682533 0.05 0.05
0 0.3757812499999999 0.2748511904761904 0.05 0.05
0 0.4432415674603174 0.20077711640211635 0.05 0.05
0 0.45713045634920624 0.2113591269841269 0.05 0.05
0 0.5384796626984125 0.19548611111111108 0.05 0.05
0 0.6237971230158729 0.20077711640211635 0.05 0.05
0 0.6813368055555554 0.18490410052910042 0.05 0.05
0 0.73093998015873 0.17961309523809513 0.05 0.05
0 0.736892361111111 0.10818452380952373 0.05 0.05
0 0.7527653769841268 0.10818452380952373 0.05 0.05
0 0.7765749007936505 0.3700892857142856 0.05 0.05
0 0.838082837301587 0.3647982804232804 0.05 0.05
0 0.5464161706349204 0.4679728835978835 0.05 0.05
0 0.5841145833333332 0.49442791005291004 0.05 0.05
0 0.5682415674603173 0.5208829365079364 0.05 0.05
0 0.5087177579365079 0.5288194444444444 0.05 0.05
0 0.39760664682539676 0.5129464285714285 0.05 0.05
0 0.40752728174603164 0.5235284391534392 0.05 0.05
0 0.44720982142857135 0.7325231481481481 0.05 0.05
0 0.4095114087301586 0.7431051587301586 0.05 0.05
0 0.37974950396825385 0.7880787037037036 0.05 0.05
0 0.34998759920634914 0.8065972222222222 0.05 0.05
0 0.3281622023809523 0.7589781746031746 0.05 0.05
0 0.2904637896825396 0.7933697089947089 0.05 0.05
0 0.24086061507936501 0.6452215608465608 0.05 0.05
