0 0.38988443225650915 0.5048989472838316 0.05 0.05
0 0.4004919539537126 0.5267568707810993 0.05 0.05
0 0.4487079616682738 0.591044881067181 0.05 0.05
0 0.4429220407425265 0.6309034474445517 0.05 0.05
0 0.35999050747348116 0.7967665139826423 0.05 0.05
0 0.2953810571359692 0.7851946721311476 0.05 0.05
0 0.320453381147541 0.7646225088396015 0.05 0.05
0 0.234628887415622 0.2606045081967213 0.05 0.05
0 0.2693444129701061 0.21303138058502094 0.05 0.05
0 0.21727112463837991 0.07031199774991966 0.05 0.05
0 0.2645228121986499 0.06131167630986833 0.05 0.05
0 0.27127305327868856 0.09345568145290907 0.05 0.05
0 0.3011669780617165 0.09731296207007402 0.05 0.05
0 0.3300965826904532 0.09988448248151727 0.05 0.05
0 0.4409934004339441 0.21174562037929925 0.05 0.05
0 0.39567035318225646 0.23617506428801036 0.05 0.05
0 0.3407041043876567 0.24388962552234011 0.05 0.05
0 0.5441756569431051 0.46889766152362594 0.05 0.05
0 0.5065671709257473 0.5434717534554806 0.05 0.05
0 0.8585440272420444 0.8199101976856317 0.05 0.05
0 0.5972132654291225 0.20531681935069107 0.05 0.05
0 0.612642387897782 0.174458574413372 0.05 0.05
0 0.5952846251205399 0.16417249276759888 0.05 0.05
0 0.6020348662005786 0.121742405978785 0.05 0.05
0 0.6222855894406943 0.11145632433301197 0.05 0.05
0 0.7148603242526519 0.13202848762455802 0.05 0.05
0 0.7331824071841851 0.1384572886531662 0.05 0.05
