0 0.31427331349206356 0.09495701058201055 0.05 0.05
0 0.36387648809523804 0.08966600529100527 0.05 0.05
0 0.33014632936507926 0.17432208994708986 0.05 0.05
0 0.3083209325396824 0.20871362433862425 0.05 0.05
0 0.27260664682539676 0.21400462962962952 0.05 0.05
0 0.21308283730158725 0.2907242063492063 0.05 0.05
0 0.26467013888888885 0.41506283068783056 0.05 0.05
0 0.44919394841269833 0.20077711640211635 0.05 0.05
0 0.4591145833333332 0.2060681216931216 0.05 0.05
0 0.5364955357142855 0.21400462962962952 0.05 0.05
0 0.609908234126984 0.11347552910052912 0.05 0.05
0 0.599987599206349 0.17432208994708986 0.05 0.05
0 0.7388764880952379 0.2483961640211639 0.05 0.05
0 0.7745907738095237 0.10818452380952373 0.05 0.05
0 0.8638764880952378 0.22458664021164007 0.05 0.05
0 0.8678447420634917 0.6716765873015872 0.05 0.05
0 0.7884796626984125 0.6769675925925925 0.05 0.05
0 0.5484002976190474 0.4600363756613755 0.05 0.05
0 0.5841145833333332 0.49707341269841265 0.05 0.05
0 0.5622891865079364 0.5076554232804232 0.05 0.05
0 0.50078125 0.5341104497354496 0.05 0.05
0 0.39959077380952374 0.5050099206349206 0.05 0.05
0 0.3936383928571428 0.5235284391534392 0.05 0.05
0 0.46308283730158717 0.7351686507936507 0.05 0.05
0 0.41943204365079356 0.7378141534391534 0.05 0.05
0 0.38173363095238083 0.8013062169312168 0.05 0.05
0 0.3539558531746031 0.8145337301587301 0.05 0.05
0 0.3202256944444444 0.7748511904761904 0.05 0.05
0 0.2984002976190475 0.7827876984126984 0.05 0.05
