0 0.3640830375920083 0.16245070977918014 0.05 0.05
0 0.34620711750788635 0.18628526989134275 0.05 0.05
0 0.3398979692429021 0.16525477567472865 0.05 0.05
0 0.3924742047844373 0.1722649404136 0.05 0.05
0 0.2946824066771818 0.19189340168243993 0.05 0.05
0 0.2841671595688748 0.16525477567472865 0.05 0.05
0 0.27890953601472124 0.25498488433228206 0.05 0.05
0 0.24946684411146158 0.2521808184367335 0.05 0.05
0 0.2610336159305993 0.09234906239046646 0.05 0.05
0 0.27890953601472124 0.09234906239046646 0.05 0.05
0 0.29678545609884327 0.08954499649491794 0.05 0.05
0 0.2810125854363827 0.3699515860497724 0.05 0.05
0 0.23579702287066243 0.37555971784086944 0.05 0.05
0 0.1506235212933754 0.5073508149316511 0.05 0.05
0 0.393525729495268 0.5031447160883283 0.05 0.05
0 0.41350469900105136 0.517165045566071 0.05 0.05
0 0.45030806388012606 0.5143609796705225 0.05 0.05
0 0.5218117442166139 0.5353914738871366 0.05 0.05
0 0.5565120596740272 0.5157630126182968 0.05 0.05
0 0.5617696832281807 0.496134551349457 0.05 0.05
0 0.5438937631440587 0.4624857606028744 0.05 0.05
0 0.6543038577812826 0.5550199351559765 0.05 0.05
0 0.7173953404311249 0.5494118033648793 0.05 0.05
0 0.3556708399053627 0.815798063441991 0.05 0.05
0 0.8046718914300733 0.18207917104801996 0.05 0.05
0 0.8067749408517347 0.16665680862250293 0.05 0.05
0 0.4629263604100945 0.19329543463021417 0.05 0.05
0 0.5701818809148264 0.1806771381002457 0.05 0.05
0 0.308352227917981 0.04327790921836699 0.05 0.05
0 0.32307357386961083 0.10496735892043496 0.05 0.05
