0 0.27197880244755235 0.09457313519813522 0.05 0.05
0 0.27984593531468527 0.09632138694638688 0.05 0.05
0 0.3008249562937063 0.09632138694638688 0.05 0.05
0 0.3388494318181819 0.09457313519813511 0.05 0.05
0 0.3532725087412588 0.07359411421911423 0.05 0.05
0 0.35982845279720277 0.09457313519813511 0.05 0.05
0 0.3611396416083916 0.08058712121212111 0.05 0.05
0 0.43718859265734267 0.213454254079254 0.05 0.05
0 0.4529228583916085 0.213454254079254 0.05 0.05
0 0.33360467657342663 0.24492278554778554 0.05 0.05
0 0.3847410402097902 0.24317453379953377 0.05 0.05
0 0.400475305944056 0.24317453379953377 0.05 0.05
0 0.2628004807692308 0.21695075757575755 0.05 0.05
0 0.25624453671328673 0.24317453379953377 0.05 0.05
0 0.22215362762237761 0.29562208624708625 0.05 0.05
0 0.25755572552447553 0.2991185897435898 0.05 0.05
0 0.3113144667832168 0.3340836247086247 0.05 0.05
0 0.3808074737762238 0.3375801282051282 0.05 0.05
0 0.455545236013986 0.540377331002331 0.05 0.05
0 0.5197934877622379 0.5438738344988345 0.05 0.05
0 0.5525732080419582 0.4704472610722611 0.05 0.05
0 0.25886691433566433 0.7571605477855479 0.05 0.05
0 0.31393684440559444 0.7571605477855479 0.05 0.05
0 0.3703179632867133 0.9197479603729605 0.05 0.05
0 0.3467165646853147 0.9407269813519814 0.05 0.05
0 0.9446186625874127 0.7484192890442891 0.05 0.05
0 0.7702305506993008 0.15051719114219111 0.05 0.05
0 0.7820312500000002 0.17324446386946377 0.05 0.05
