0 0.270073004756871 0.09935033474277652 0.05 0.05
0 0.2891004889006343 0.08877951021846352 0.05 0.05
0 0.30019985465116283 0.08666534531360087 0.05 0.05
0 0.33349795190274845 0.08666534531360087 0.05 0.05
0 0.3493541886892178 0.076094520789288 0.05 0.05
0 0.43814911469344614 0.20928690979563053 0.05 0.05
0 0.4492484804439747 0.21140107470049305 0.05 0.05
0 0.4635190935517971 0.19660192036645513 0.05 0.05
0 0.23994615486257925 0.25157020789288204 0.05 0.05
0 0.25738801532769556 0.2769401867512331 0.05 0.05
0 0.2906861125792812 0.287511011275546 0.05 0.05
0 0.30337110200845663 0.3974475863284001 0.05 0.05
0 0.12578124999999998 0.49047084214235365 0.05 0.05
0 0.05918505549682873 0.5031558315715291 0.05 0.05
0 0.21140492864693447 0.5750374383368568 0.05 0.05
0 0.07821253964059194 0.6955448379140239 0.05 0.05
0 0.18286370243128963 0.7589697850599013 0.05 0.05
0 0.44132036205074004 0.6321198907681465 0.05 0.05
0 0.5459715248414377 0.47355752290345293 0.05 0.05
0 0.7140476347780128 0.6067499119097955 0.05 0.05
0 0.7822294529598309 0.6025215821000703 0.05 0.05
0 0.8155275502114167 0.4629866983791401 0.05 0.05
0 0.8599250132135309 0.4587583685694149 0.05 0.05
0 0.7632019688160678 0.29173934108527105 0.05 0.05
0 0.734660742600423 0.20083025017618017 0.05 0.05
0 0.6807495375264272 0.2135152396053557 0.05 0.05
0 0.5919546115221987 0.18814526074700477 0.05 0.05
