0 0.19881188457330412 0.06559308898614151 0.05 0.05
0 0.20045302242888402 0.0940394784828591 0.05 0.05
0 0.2660985366520788 0.08309855944565996 0.05 0.05
0 0.28579219091903724 0.059028537563821835 0.05 0.05
0 0.24804602024070027 0.03933488329686341 0.05 0.05
0 0.2595339852297593 0.03933488329686341 0.05 0.05
0 0.2234289524070022 0.12905041940189624 0.05 0.05
0 0.3563611187089716 0.13999133843909536 0.05 0.05
0 0.39738956509846834 0.14217952224653524 0.05 0.05
0 0.4499059764770242 0.20782503646972994 0.05 0.05
0 0.43185346006564557 0.22970687454412822 0.05 0.05
0 0.5450919721006565 0.21220140408460963 0.05 0.05
0 0.5615033506564553 0.2012604850474105 0.05 0.05
0 0.6337134163019694 0.1224858679795768 0.05 0.05
0 0.18404164387308533 0.10716858132749808 0.05 0.05
0 0.6698184491247265 0.3369278811086797 0.05 0.05
0 0.6862298276805252 0.31942241064916105 0.05 0.05
0 0.7567987554704596 0.2800351021152442 0.05 0.05
0 0.7961860640043764 0.3369278811086797 0.05 0.05
0 0.8470613375273525 0.3456806163384389 0.05 0.05
0 0.5467331099562365 0.4725952771699489 0.05 0.05
0 0.7978272018599564 0.5272998723559444 0.05 0.05
0 0.8634727160831511 0.5272998723559444 0.05 0.05
0 0.9438884710065647 0.8051992159008025 0.05 0.05
0 0.7042823440919038 0.9868184719183078 0.05 0.05
0 0.6123786241794311 0.9583720824215901 0.05 0.05
0 0.42364777078774624 0.7789410102115244 0.05 0.05
0 0.5089869392778994 0.7198600474106491 0.05 0.05
0 0.4679584928884027 0.623579959883297 0.05 0.05
0 0.5106280771334792 0.5294880561633843 0.05 0.05
0 0.39738956509846834 0.5076062180889861 0.05 0.05
0 0.4055952543763676 0.5229235047410649 0.05 0.05
0 0.2562517095185996 0.5382407913931435 0.05 0.05
0 0.19881188457330415 0.5360526075857038 0.05 0.05
0 0.1577834381838074 0.5207353209336251 0.05 0.05
0 0.06587971827133475 0.5688753646973013 0.05 0.05
0 0.006798755470459461 0.5754399161196206 0.05 0.05
0 0.056032891137855534 0.6520263493800146 0.05 0.05
0 0.10690816466083149 0.6082626732312181 0.05 0.05
0 0.18240050601750543 0.732989150255288 0.05 0.05
0 0.19881188457330415 0.7745646425966448 0.05 0.05
0 0.2939978801969366 0.8073873997082421 0.05 0.05
0 0.3284617751641138 0.8205165025528811 0.05 0.05
0 0.30712698304157554 0.18156683078045208 0.05 0.05
