0 0.005120690694310504 0.528042630986821 0.05 0.05
0 0.1295179905978785 0.40203813082610107 0.05 0.05
0 0.18737719985535198 0.46889766152362594 0.05 0.05
0 0.2500580098842816 0.4213245339119254 0.05 0.05
0 0.21630680448408873 0.28246243169398916 0.05 0.05
0 0.40242059426229504 0.528042630986821 0.05 0.05
0 0.39374171287367404 0.5010416666666667 0.05 0.05
0 0.4487079616682738 0.6334749678559949 0.05 0.05
0 0.5056028507714562 0.5370429524268725 0.05 0.05
0 0.5441756569431051 0.4727549421407907 0.05 0.05
0 0.6907523203953713 0.5601866361298619 0.05 0.05
0 0.7418612885728061 0.5846160800385729 0.05 0.05
0 0.38024123071359683 0.8031953150112504 0.05 0.05
0 0.31563178037608486 0.7736228302796528 0.05 0.05
0 0.2722373734329797 0.783908911925426 0.05 0.05
0 0.2076279230954677 0.1513148907103826 0.05 0.05
0 0.23945048818707812 0.14874337029893922 0.05 0.05
0 0.2683800928158148 0.1461718498874961 0.05 0.05
0 0.32141770130183217 0.17060129379620706 0.05 0.05
0 0.28091625482160076 0.09602720186435233 0.05 0.05
0 0.3127388199132112 0.10374176309868209 0.05 0.05
0 0.3397397842333655 0.09859872227579558 0.05 0.05
0 0.35131162608486016 0.05102559466409519 0.05 0.05
0 0.2722373734329797 0.04716831404693025 0.05 0.05
0 0.3088815392960463 0.06774047733847641 0.05 0.05
0 0.6213212692864031 0.1628867325618773 0.05 0.05
0 0.6473579134522661 0.17831585503053685 0.05 0.05
0 0.719681925024108 0.15388641112182586 0.05 0.05
0 0.763076331967213 0.16160097235615561 0.05 0.05
0 0.4467793213596914 0.20917409996785613 0.05 0.05
0 0.3812055508678881 0.05488287528126013 0.05 0.05
0 0.4110994756509161 0.03816799260687891 0.05 0.05
