0 0.10926726735776278 0.4110384522661524 0.05 0.05
0 0.1526616743008679 0.40203813082610107 0.05 0.05
0 0.21919976494696236 0.39560932979749286 0.05 0.05
0 0.23848616803278685 0.769765549662488 0.05 0.05
0 0.31852474083895854 0.7710513098682096 0.05 0.05
0 0.4110994756509161 0.7556221873995501 0.05 0.05
0 0.4072421950337512 0.5344714320154292 0.05 0.05
0 0.39181307256509157 0.5061847074895532 0.05 0.05
0 0.5075314910800386 0.5383287126325941 0.05 0.05
0 0.6020348662005786 0.5164707891353263 0.05 0.05
0 0.5451399770973964 0.4637546207007394 0.05 0.05
0 0.44388636089681777 0.654047131147541 0.05 0.05
0 0.6782161583895853 0.4148957328833173 0.05 0.05
0 0.6753231979267117 0.3261782786885246 0.05 0.05
0 0.7264321661041466 0.36217956444873045 0.05 0.05
0 0.7871843358244938 0.36475108486017355 0.05 0.05
0 0.8691515489392477 0.38918052876888465 0.05 0.05
0 0.9164032364995178 0.37889444712311166 0.05 0.05
0 0.8199712210703953 0.23488930408228867 0.05 0.05
0 0.7813984148987464 0.22588898264223733 0.05 0.05
0 0.681109118852459 0.19760225811636142 0.05 0.05
0 0.6184283088235294 0.21174562037929925 0.05 0.05
0 0.4506366019768563 0.20660257955641276 0.05 0.05
0 0.3426327446962391 0.09602720186435233 0.05 0.05
0 0.30984585945033755 0.08959840083574425 0.05 0.05
0 0.2847735354387657 0.09474144165863076 0.05 0.05
0 0.19316312078109935 0.06002591610414664 0.05 0.05
