0 0.16728796785028788 0.395475447856686 0.05 0.05
0 0.2555797144913628 0.4351427543186181 0.05 0.05
0 0.24022462811900197 0.3404530550223928 0.05 0.05
0 0.2987658949136277 0.3481305982085733 0.05 0.05
0 0.3966545705374281 0.49784269033909145 0.05 0.05
0 0.4148887356046066 0.4876059660908509 0.05 0.05
0 0.40913057821497123 0.5285528630838132 0.05 0.05
0 0.5022207893474089 0.5323916346769034 0.05 0.05
0 0.5492457413627639 0.5183161388355726 0.05 0.05
0 0.5636411348368523 0.4952835092770313 0.05 0.05
0 0.5319712691938581 0.4748100607805502 0.05 0.05
0 0.2910883517274473 0.7524812060140754 0.05 0.05
0 0.8937754918426103 0.5170365483045425 0.05 0.05
0 0.8899367202495201 0.6206833813179782 0.05 0.05
0 0.7786123440499041 0.28031230006397956 0.05 0.05
0 0.6346584093090212 0.27519393793985925 0.05 0.05
0 0.5905125359884837 0.2687959852847089 0.05 0.05
0 0.6269808661228408 0.17026751439539348 0.05 0.05
0 0.6836027471209214 0.14851447536788218 0.05 0.05
0 0.714312919865643 0.1523532469609724 0.05 0.05
0 0.34675053982725534 0.1894613723608445 0.05 0.05
0 0.33907299664107493 0.1587511996161228 0.05 0.05
0 0.36018624040307107 0.15619201855406264 0.05 0.05
0 0.34195207533589256 0.17538587651951368 0.05 0.05
0 0.44751829414587335 0.20737563979526547 0.05 0.05
0 0.35922654750479854 0.08453494881637873 0.05 0.05
0 0.32851637476007683 0.09861044465770945 0.05 0.05
0 0.3035643594049905 0.09093290147152899 0.05 0.05
