0 0.5952846251205399 0.4984701462552234 0.05 0.05
0 0.49306668876567017 0.5331856718097076 0.05 0.05
0 0.43810043997107034 0.5589008759241402 0.05 0.05
0 0.4072421950337512 0.5331856718097076 0.05 0.05
0 0.39374171287367404 0.5048989472838316 0.05 0.05
0 0.36384778809064605 0.7851946721311476 0.05 0.05
0 0.3349181834619094 0.7749085904853745 0.05 0.05
0 0.2751303338958534 0.7633367486338798 0.05 0.05
0 0.24427208895853428 0.16931553359048537 0.05 0.05
0 0.2828448951301832 0.09474144165863076 0.05 0.05
0 0.30598857883317265 0.09474144165863076 0.05 0.05
0 0.3445613850048216 0.09474144165863076 0.05 0.05
0 0.36770506870781094 0.04202527322404374 0.05 0.05
0 0.34166842454194796 0.03559647219543554 0.05 0.05
0 0.20955656340405016 0.04331103342976542 0.05 0.05
0 0.18930584016393442 0.04459679363548699 0.05 0.05
0 0.39567035318225646 0.2040310591449695 0.05 0.05
0 0.4467793213596914 0.20788833976213444 0.05 0.05
0 0.5499615778688525 0.46889766152362594 0.05 0.05
0 0.6782161583895853 0.40203813082610107 0.05 0.05
0 0.7823627350530377 0.4161814930890389 0.05 0.05
0 0.8633656280135005 0.42003877370620385 0.05 0.05
0 0.6145710282063644 0.1384572886531662 0.05 0.05
0 0.5731052615718418 0.13202848762455802 0.05 0.05
