0 0.3873315580082136 0.7967295516769337 0.05 0.05
0 0.4674136935318276 0.617400325119781 0.05 0.05
0 0.4941077387063656 0.587283966461328 0.05 0.05
0 0.5002679029774127 0.5393715776865161 0.05 0.05
0 0.43147940195071877 0.5215755475701574 0.05 0.05
0 0.36679767710472283 0.4969348904859686 0.05 0.05
0 0.3791180056468173 0.4777699349760438 0.05 0.05
0 0.5505759111909652 0.4722942334017797 0.05 0.05
0 0.3544773485626284 0.3230813655030801 0.05 0.05
0 0.722033816735113 0.45997390485968526 0.05 0.05
0 0.7928757058521562 0.45449820328542095 0.05 0.05
0 0.7795286832648871 0.4531292778918549 0.05 0.05
0 0.7374342274127311 0.3655180527036277 0.05 0.05
0 0.6748058906570843 0.14785891512662558 0.05 0.05
0 0.7138202643737167 0.12048040725530455 0.05 0.05
0 0.2312740631416838 0.3326638432580424 0.05 0.05
0 0.22511389887063657 0.25600402121834354 0.05 0.05
0 0.2651549666324436 0.2518972450376455 0.05 0.05
0 0.20458001796714584 0.1656549452429843 0.05 0.05
0 0.2446210857289528 0.132800735797399 0.05 0.05
0 0.2826087654004107 0.09994652635181384 0.05 0.05
0 0.29390239989733064 0.09720867556468171 0.05 0.05
0 0.30416934034907606 0.16428601984941824 0.05 0.05
0 0.32367652720739226 0.19166452772073914 0.05 0.05
0 0.44277303644763866 0.21767411019849423 0.05 0.05
0 0.44995989476386045 0.20672270704996573 0.05 0.05
0 0.5495492171457906 0.19850915468856947 0.05 0.05
