0 0.1893739073426573 0.06310460372960378 0.05 0.05
0 0.22608719405594407 0.08583187645687644 0.05 0.05
0 0.21166411713286712 0.18548222610722612 0.05 0.05
0 0.30869208916083923 0.09632138694638688 0.05 0.05
0 0.34016062062937064 0.07359411421911423 0.05 0.05
0 0.34933894230769236 0.07359411421911423 0.05 0.05
0 0.442433347902098 0.2064612470862471 0.05 0.05
0 0.45423404720279714 0.2064612470862471 0.05 0.05
0 0.17363964160839163 0.32709061771561776 0.05 0.05
0 0.23133194930069928 0.32009761072261067 0.05 0.05
0 0.29951376748251757 0.34632138694638687 0.05 0.05
0 0.3624508304195805 0.3445731351981352 0.05 0.05
0 0.035964816433566416 0.46170600233100234 0.05 0.05
0 0.0923459353146853 0.4791885198135198 0.05 0.05
0 0.11332495629370629 0.6854822261072261 0.05 0.05
0 0.1946186625874126 0.7589087995337995 0.05 0.05
0 0.39260817307692314 0.4984192890442891 0.05 0.05
0 0.41227600524475533 0.5228948135198136 0.05 0.05
0 0.455545236013986 0.5351325757575758 0.05 0.05
0 0.5237270541958041 0.5368808275058276 0.05 0.05
0 0.5656850961538462 0.5246430652680654 0.05 0.05
0 0.5905976835664337 0.5071605477855478 0.05 0.05
0 0.5512620192307693 0.4721955128205128 0.05 0.05
0 0.59453125 0.14002768065268067 0.05 0.05
0 0.6259997814685315 0.12079691142191133 0.05 0.05
