0 0.20766010010266944 0.33129491786447646 0.05 0.05
0 0.2651549666324436 0.3230813655030801 0.05 0.05
0 0.30416934034907606 0.2943339322381931 0.05 0.05
0 0.3411303259753594 0.26969327515400415 0.05 0.05
0 0.36166420687885015 0.2505283196440794 0.05 0.05
0 0.41402560318275156 0.2518972450376455 0.05 0.05
0 0.43661287217659145 0.2217808863791923 0.05 0.05
0 0.4520132828542095 0.20261593086926766 0.05 0.05
0 0.3811713937371664 0.4791388603696099 0.05 0.05
0 0.3606375128336756 0.4955659650924025 0.05 0.05
0 0.4479065066735114 0.5243133983572896 0.05 0.05
0 0.504374679158111 0.5448472792607804 0.05 0.05
0 0.4920543506160165 0.5886528918548939 0.05 0.05
0 0.4674136935318276 0.6256138774811774 0.05 0.05
0 0.3195697510266941 0.7994674024640658 0.05 0.05
0 0.5454424409650925 0.47366315879534576 0.05 0.05
0 0.788768929671458 0.4764010095824778 0.05 0.05
0 0.7805553773100617 0.44217787474332654 0.05 0.05
0 0.7723418249486654 0.4955659650924025 0.05 0.05
0 0.7415410035934292 0.42711969541409994 0.05 0.05
0 0.7323007571868584 0.3340327686516086 0.05 0.05
0 0.7179270405544149 0.12869395961670094 0.05 0.05
0 0.7117668762833677 0.11089792950034223 0.05 0.05
0 0.2600214964065709 0.13964536276522932 0.05 0.05
0 0.22922067505133475 0.10816007871321011 0.05 0.05
0 0.18199274897330597 0.14101428815879538 0.05 0.05
0 0.3031426463039015 0.15333461670088985 0.05 0.05
0 0.2897956237166325 0.1013154517453799 0.05 0.05
0 0.29184901180698153 0.08488834702258725 0.05 0.05
0 0.5546826873716634 0.1902956023271732 0.05 0.05
