0 0.23002076048951045 0.12604166666666666 0.05 0.05
0 0.2732899912587413 0.11205565268065266 0.05 0.05
0 0.3021361451048951 0.11205565268065266 0.05 0.05
0 0.3152480332167832 0.09107663170163166 0.05 0.05
0 0.33753824300699303 0.07359411421911423 0.05 0.05
0 0.3467165646853147 0.07534236596736589 0.05 0.05
0 0.36900677447552455 0.1365311771561771 0.05 0.05
0 0.4384997814685315 0.21520250582750577 0.05 0.05
0 0.45161166958041965 0.213454254079254 0.05 0.05
0 0.26804523601398605 0.21869900932400935 0.05 0.05
0 0.101524256993007 0.6050626456876457 0.05 0.05
0 0.1841291520979021 0.5526150932400932 0.05 0.05
0 0.27591236888111886 0.8078598484848486 0.05 0.05
0 0.3899857954545455 0.512405303030303 0.05 0.05
0 0.40440887237762235 0.51939831002331 0.05 0.05
0 0.45030048076923085 0.540377331002331 0.05 0.05
0 0.518482298951049 0.547370337995338 0.05 0.05
0 0.5643739073426574 0.526391317016317 0.05 0.05
0 0.5853529283216783 0.4984192890442891 0.05 0.05
0 0.5407725087412588 0.4634542540792541 0.05 0.05
0 0.7531850961538463 0.9424752331002332 0.05 0.05
0 0.9760871940559441 0.8917759324009324 0.05 0.05
0 0.9813319493006996 0.8026150932400934 0.05 0.05
0 0.7885871940559441 0.25191579254079244 0.05 0.05
0 0.783342438811189 0.19072698135198132 0.05 0.05
0 0.7361396416083916 0.1714962121212121 0.05 0.05
0 0.6640242569930072 0.11030740093240089 0.05 0.05
