0 0.26690175739957717 0.0930078400281887 0.05 0.05
0 0.2827579941860465 0.09300784002818858 0.05 0.05
0 0.29227173625792807 0.09300784002818858 0.05 0.05
0 0.33666919926004224 0.09089367512332605 0.05 0.05
0 0.34301169397463005 0.0824370155038757 0.05 0.05
0 0.2098193049682875 0.18180276603241693 0.05 0.05
0 0.20347681025369982 0.21140107470049305 0.05 0.05
0 0.27165862843551797 0.15431862226920348 0.05 0.05
0 0.3097135967230444 0.15431862226920348 0.05 0.05
0 0.25263114429175476 0.247341878083157 0.05 0.05
0 0.2875148652219873 0.22620022903453124 0.05 0.05
0 0.31764171511627903 0.22408606412966858 0.05 0.05
0 0.27007300475687107 0.367849277660324 0.05 0.05
0 0.44290598572938694 0.20928690979563053 0.05 0.05
0 0.45559097515856245 0.20505857998590535 0.05 0.05
0 0.465104717230444 0.1923735905567298 0.05 0.05
0 0.5428002774841438 0.5602382840028188 0.05 0.05
0 0.5459715248414377 0.47144335799859044 0.05 0.05
0 0.4476628567653277 0.6278915609584212 0.05 0.05
0 0.4999884381606766 0.6913165081042987 0.05 0.05
0 0.6966057743128965 0.2832826814658208 0.05 0.05
0 0.6268383324524314 0.14797612755461576 0.05 0.05
0 0.5792696220930234 0.15431862226920348 0.05 0.05
0 0.8646818842494716 0.2811685165609582 0.05 0.05
