0 0.22402136571841852 0.08059807939569268 0.05 0.05
0 0.25777257111861135 0.08702688042430087 0.05 0.05
0 0.28573785559305687 0.09602720186435233 0.05 0.05
0 0.3069528989874638 0.09731296207007402 0.05 0.05
0 0.3493829857762777 0.09988448248151727 0.05 0.05
0 0.3657764283992285 0.17703009482481516 0.05 0.05
0 0.3744553097878495 0.21688866120218578 0.05 0.05
0 0.35999050747348116 0.21817442140790747 0.05 0.05
0 0.33202522299903564 0.3120349164255867 0.05 0.05
0 0.2992383377531341 0.2683190694310511 0.05 0.05
0 0.28091625482160076 0.21946018161362915 0.05 0.05
0 0.3146674602217936 0.18345889585342334 0.05 0.05
0 0.3387754640790742 0.18988769688203153 0.05 0.05
0 0.2944167369816779 0.174458574413372 0.05 0.05
0 0.22787864633558338 0.21946018161362915 0.05 0.05
0 0.18641287970106074 0.3596080440372871 0.05 0.05
0 0.1719480773866924 0.47789798296367736 0.05 0.05
0 0.40242059426229504 0.4714691819350692 0.05 0.05
0 0.4033849144165863 0.5331856718097076 0.05 0.05
0 0.38602715163934426 0.4997559064609451 0.05 0.05
0 0.45642252290260366 0.6579044117647059 0.05 0.05
0 0.5509258980231436 0.34417892156862756 0.05 0.05
0 0.5422470166345226 0.4727549421407907 0.05 0.05
0 0.5036742104628736 0.5383287126325941 0.05 0.05
0 0.599141905737705 0.5100419881067181 0.05 0.05
0 0.6849663994696239 0.5126135085181613 0.05 0.05
0 0.6656799963837994 0.6694762536162007 0.05 0.05
0 0.7428256087270974 0.6759050546448088 0.05 0.05
0 0.8074350590646094 0.7131921006107362 0.05 0.05
0 0.8961525132594022 0.6591901719704276 0.05 0.05
0 0.8681872287849567 0.4881840646094504 0.05 0.05
0 0.41592107642237225 0.7427645853423337 0.05 0.05
0 0.3329895431533269 0.794194993571199 0.05 0.05
0 0.2828448951301832 0.7684797894567663 0.05 0.05
0 0.2018420021697203 0.8147671568627451 0.05 0.05
0 0.4487079616682738 0.20788833976213444 0.05 0.05
