0 0.06587286041465767 0.4933271054323369 0.05 0.05
0 0.1256607099807136 0.5653296769527484 0.05 0.05
0 0.15844759522661522 0.7736228302796528 0.05 0.05
0 0.3069528989874638 0.7813373915139827 0.05 0.05
0 0.31563178037608486 0.7646225088396015 0.05 0.05
0 0.3725266694792671 0.794194993571199 0.05 0.05
0 0.5017455701542912 0.5357571922211508 0.05 0.05
0 0.4506366019768563 0.639903768884603 0.05 0.05
0 0.4072421950337512 0.528042630986821 0.05 0.05
0 0.39181307256509157 0.49461286563805856 0.05 0.05
0 0.8122566598360657 0.5691869575699132 0.05 0.05
0 0.6676086366923818 0.35446500321440055 0.05 0.05
0 0.7264321661041466 0.38018020732883323 0.05 0.05
0 0.7659692924300868 0.3416074011571842 0.05 0.05
0 0.8064707389103182 0.44061093699775 0.05 0.05
0 0.8720445094021215 0.43803941658630663 0.05 0.05
0 0.8797590706364513 0.5499005544840887 0.05 0.05
0 0.8720445094021215 0.3120349164255867 0.05 0.05
0 0.8556510667791708 0.24903266634522664 0.05 0.05
0 0.7081100831726133 0.14360032947605272 0.05 0.05
0 0.7331824071841851 0.11274208453873354 0.05 0.05
0 0.7553617707328832 0.10502752330440378 0.05 0.05
0 0.6473579134522661 0.1577436917389908 0.05 0.05
0 0.6290358305207329 0.24260386531661857 0.05 0.05
0 0.5904630243490839 0.19631649791063974 0.05 0.05
0 0.599141905737705 0.17703009482481516 0.05 0.05
0 0.5894987041947927 0.15260065091610417 0.05 0.05
0 0.5634620600289295 0.14360032947605272 0.05 0.05
0 0.4458150012054002 0.21174562037929925 0.05 0.05
0 0.3069528989874638 0.17831585503053685 0.05 0.05
0 0.27802329435872714 0.1911734570877532 0.05 0.05
0 0.31370314006750244 0.12045664577306331 0.05 0.05
0 0.3108101796046287 0.09088416104146582 0.05 0.05
0 0.3445613850048216 0.10117024268723883 0.05 0.05
0 0.20955656340405016 0.0561686354869817 0.05 0.05
0 0.2143781641755063 0.17703009482481516 0.05 0.05
