0 0.19330747377622376 0.07709061771561779 0.05 0.05
0 0.21035292832167835 0.07359411421911423 0.05 0.05
0 0.1933074737762238 0.14876893939393934 0.05 0.05
0 0.09365712412587412 0.4232444638694639 0.05 0.05
0 0.16315013111888113 0.40751019813519823 0.05 0.05
0 0.20379698426573428 0.8096081002331004 0.05 0.05
0 0.3978529283216784 0.5089087995337995 0.05 0.05
0 0.4083424388111888 0.533384324009324 0.05 0.05
0 0.4607899912587413 0.533384324009324 0.05 0.05
0 0.5158599213286713 0.5281395687645688 0.05 0.05
0 0.5486396416083916 0.5298878205128206 0.05 0.05
0 0.5722410402097904 0.5298878205128206 0.05 0.05
0 0.5932200611888112 0.5019157925407925 0.05 0.05
0 0.5499508304195805 0.4686990093240093 0.05 0.05
0 0.29689138986013985 0.26939831002331 0.05 0.05
0 0.34147180944055944 0.27114656177156177 0.05 0.05
0 0.6941815996503499 0.10156614219114223 0.05 0.05
0 0.7112270541958043 0.11730040792540788 0.05 0.05
0 0.44636691433566433 0.213454254079254 0.05 0.05
0 0.45423404720279714 0.213454254079254 0.05 0.05
0 0.31262565559440564 0.10681089743589732 0.05 0.05
0 0.34147180944055944 0.07709061771561766 0.05 0.05
0 0.3506501311188811 0.08058712121212111 0.05 0.05
0 0.37294034090909095 0.07534236596736589 0.05 0.05
