0 0.19522569444444446 0.09495701058201055 0.05 0.05
0 0.23292410714285702 0.10289351851851845 0.05 0.05
0 0.25673363095238094 0.084375 0.05 0.05
0 0.3083209325396824 0.09760251322751318 0.05 0.05
0 0.2845114087301587 0.1346395502645502 0.05 0.05
0 0.2011780753968253 0.18225859788359788 0.05 0.05
0 0.22498759920634911 0.2827876984126983 0.05 0.05
0 0.3083209325396824 0.18225859788359788 0.05 0.05
0 0.4035590277777777 0.22194113756613756 0.05 0.05
0 0.4511780753968253 0.20871362433862425 0.05 0.05
0 0.3777653769841269 0.24310515873015864 0.05 0.05
0 0.3341145833333332 0.25897817460317457 0.05 0.05
0 0.30236855158730147 0.2880787037037036 0.05 0.05
0 0.27459077380952374 0.2880787037037036 0.05 0.05
0 0.33213045634920624 0.3621527777777777 0.05 0.05
0 0.23292410714285702 0.740459656084656 0.05 0.05
0 0.38768601190476176 0.42564484126984115 0.05 0.05
0 0.40752728174603164 0.5261739417989417 0.05 0.05
0 0.3440352182539682 0.5288194444444444 0.05 0.05
0 0.5265749007936507 0.5314649470899471 0.05 0.05
0 0.5642733134920633 0.5261739417989417 0.05 0.05
0 0.5821304563492062 0.5023644179894179 0.05 0.05
0 0.5523685515873015 0.4732638888888888 0.05 0.05
0 0.42141617063492054 0.7298776455026454 0.05 0.05
0 0.44720982142857135 0.7457506613756613 0.05 0.05
0 0.3341145833333332 0.7563326719576718 0.05 0.05
0 0.36982886904761897 0.7933697089947089 0.05 0.05
0 0.3837177579365078 0.8013062169312168 0.05 0.05
0 0.3003844246031745 0.8065972222222222 0.05 0.05
0 0.8023685515873012 0.4441633597883597 0.05 0.05
0 0.5464161706349204 0.20871362433862425 0.05 0.05
0 0.6734002976190475 0.14522156084656074 0.05 0.05
0 0.6952256944444442 0.13993055555555547 0.05 0.05
0 0.7051463293650791 0.11083002645502636 0.05 0.05
0 0.7904637896825395 0.2192956349206348 0.05 0.05
0 0.8618923611111109 0.32511574074074073 0.05 0.05
0 0.8638764880952378 0.41770833333333335 0.05 0.05
