0 0.27995193466730955 0.7530506669881069 0.05 0.05
0 0.3349181834619094 0.765908269045323 0.05 0.05
0 0.4429220407425265 0.7119063404050145 0.05 0.05
0 0.44195772058823524 0.6450468097074896 0.05 0.05
0 0.4033849144165863 0.5228995901639345 0.05 0.05
0 0.39374171287367404 0.5061847074895532 0.05 0.05
0 0.5046385306171649 0.531899911603986 0.05 0.05
0 0.5952846251205399 0.5126135085181613 0.05 0.05
0 0.5817841429604629 0.8276247589199615 0.05 0.05
0 0.6531438343780135 0.8494826824172292 0.05 0.05
0 0.6483222336065573 0.9394858968177435 0.05 0.05
0 0.792970256750241 0.9536292590806815 0.05 0.05
0 0.8913309124879459 0.9536292590806815 0.05 0.05
0 0.8691515489392477 0.4354678961748635 0.05 0.05
0 0.54803293756027 0.46889766152362594 0.05 0.05
0 0.27705897420443587 0.3686083654773385 0.05 0.05
0 0.24427208895853428 0.33132131951141114 0.05 0.05
0 0.15362599445515912 0.3596080440372871 0.05 0.05
0 0.21341384402121505 0.1153136049501768 0.05 0.05
0 0.25198665019286404 0.11017056412729029 0.05 0.05
0 0.28188057497589203 0.10374176309868209 0.05 0.05
0 0.30598857883317265 0.09216992124718738 0.05 0.05
0 0.33781114392478306 0.09474144165863076 0.05 0.05
0 0.4467793213596914 0.20917409996785613 0.05 0.05
0 0.7216105653326904 0.35575076342012224 0.05 0.05
0 0.7775411342815814 0.3814659675345548 0.05 0.05
0 0.7727195335101253 0.14745761009321764 0.05 0.05
0 0.7524688102700097 0.14360032947605272 0.05 0.05
0 0.6367503917550627 0.1384572886531662 0.05 0.05
0 0.6164996685149469 0.10117024268723883 0.05 0.05
0 0.5798555026518805 0.15902945194471235 0.05 0.05
