0 0.20183020104895105 0.06310460372960378 0.05 0.05
0 0.21494208916083918 0.06310460372960366 0.05 0.05
0 0.22936516608391608 0.08932837995337989 0.05 0.05
0 0.24641062062937066 0.08932837995337989 0.05 0.05
0 0.30541411713286715 0.09632138694638688 0.05 0.05
0 0.44308894230769236 0.20296474358974356 0.05 0.05
0 0.4588232080419581 0.20471299533799533 0.05 0.05
0 0.2818127185314685 0.1662514568764569 0.05 0.05
0 0.2477218094405594 0.1225451631701631 0.05 0.05
0 0.20314138986013983 0.1365311771561771 0.05 0.05
0 0.24641062062937066 0.18023747086247088 0.05 0.05
0 0.26083369755244756 0.1942234848484849 0.05 0.05
0 0.2582113199300699 0.2746430652680653 0.05 0.05
0 0.23985467657342657 0.37778991841491844 0.05 0.05
0 0.17429523601398603 0.3026150932400932 0.05 0.05
0 0.14807145979020978 0.35681089743589745 0.05 0.05
0 0.09955747377622377 0.3795381701631702 0.05 0.05
0 0.39195257867132866 0.5089087995337995 0.05 0.05
0 0.4024420891608392 0.5298878205128206 0.05 0.05
0 0.5532288024475525 0.5316360722610723 0.05 0.05
0 0.5833861451048952 0.5001675407925408 0.05 0.05
0 0.5506064248251749 0.4739437645687646 0.05 0.05
0 0.32508194930069934 0.7571605477855479 0.05 0.05
0 0.34868334790209793 0.7711465617715618 0.05 0.05
0 0.40506446678321684 0.7466710372960373 0.05 0.05
0 0.4063756555944056 0.7781395687645688 0.05 0.05
0 0.43522180944055944 0.8096081002331004 0.05 0.05
0 0.4745574737762238 0.8131046037296038 0.05 0.05
0 0.5322497814685315 0.7326850233100234 0.05 0.05
0 0.6620574737762238 0.6819857226107227 0.05 0.05
0 0.7013931381118882 0.9005171911421912 0.05 0.05
0 0.8403791520979021 0.5648528554778556 0.05 0.05
0 0.8784036276223777 0.5316360722610723 0.05 0.05
0 0.8980714597902099 0.6365311771561772 0.05 0.05
