0 0.18712621919917866 0.6926912217659136 0.05 0.05
0 0.4735738578028748 0.6187692505133471 0.05 0.05
0 0.5002679029774127 0.5900218172484599 0.05 0.05
0 0.5002679029774127 0.5462162046543464 0.05 0.05
0 0.44995989476386045 0.5256823237508556 0.05 0.05
0 0.5433890528747434 0.4722942334017797 0.05 0.05
0 0.5279886421971254 0.7282832819986312 0.05 0.05
0 0.7589948023613964 0.4175372176591376 0.05 0.05
0 0.7261405929158112 0.3682559034907598 0.05 0.05
0 0.6943130775154005 0.27106220054757013 0.05 0.05
0 0.668645726386037 0.24915939425051334 0.05 0.05
0 0.6368182109856264 0.2861203798767967 0.05 0.05
0 0.5495492171457906 0.1902956023271732 0.05 0.05
0 0.8072494224845996 0.23273228952772082 0.05 0.05
0 0.46228022330595486 0.19987808008213553 0.05 0.05
0 0.4448264245379877 0.21767411019849423 0.05 0.05
0 0.2651549666324436 0.19850915468856947 0.05 0.05
0 0.25796810831622186 0.1615481690622861 0.05 0.05
0 0.2446210857289528 0.12732503422313488 0.05 0.05
0 0.26310157854209454 0.1259561088295688 0.05 0.05
0 0.2189537345995894 0.16291709445585217 0.05 0.05
0 0.195339771560575 0.09310189938398353 0.05 0.05
0 0.2826087654004107 0.09447082477754959 0.05 0.05
0 0.29390239989733064 0.09310189938398353 0.05 0.05
0 0.3606375128336756 0.04245165982203965 0.05 0.05
0 0.38219808778234093 0.04108273442847358 0.05 0.05
