0 0.20969733391608392 0.08583187645687644 0.05 0.05
0 0.2582113199300699 0.10156614219114223 0.05 0.05
0 0.27656796328671324 0.09632138694638688 0.05 0.05
0 0.26083369755244756 0.04562208624708622 0.05 0.05
0 0.3106588723776224 0.08758012820512823 0.05 0.05
0 0.2975469842657342 0.20121649184149176 0.05 0.05
0 0.32901551573426574 0.20471299533799533 0.05 0.05
0 0.45095607517482517 0.213454254079254 0.05 0.05
0 0.06284418706293704 0.43373397435897443 0.05 0.05
0 0.15462740384615387 0.45296474358974353 0.05 0.05
0 0.022197333916083896 0.5036640442890443 0.05 0.05
0 0.013019012237762228 0.5858318764568764 0.05 0.05
0 0.39064138986013985 0.5019157925407925 0.05 0.05
0 0.3971973339160839 0.526391317016317 0.05 0.05
0 0.5545399912587412 0.533384324009324 0.05 0.05
0 0.5794525786713287 0.4931745337995338 0.05 0.05
0 0.5492952360139861 0.47569201631701635 0.05 0.05
0 0.597809222027972 0.6085591491841492 0.05 0.05
0 0.5584735576923078 0.7064612470862471 0.05 0.05
0 0.31197006118881115 0.7659018065268065 0.05 0.05
0 0.35261691433566433 0.7763913170163171 0.05 0.05
0 0.4011309003496503 0.7763913170163171 0.05 0.05
0 0.44046656468531464 0.7833843240093241 0.05 0.05
0 0.6673022290209791 0.8742934149184151 0.05 0.05
0 0.7158162150349652 0.6050626456876457 0.05 0.05
0 0.799732298951049 0.51939831002331 0.05 0.05
0 0.8875819493006993 0.5421255827505828 0.05 0.05
0 0.8928267045454547 0.5788388694638694 0.05 0.05
