0 0.270073004756871 0.0930078400281887 0.05 0.05
0 0.2827579941860465 0.09723616983791387 0.05 0.05
0 0.295442983615222 0.08455118040873835 0.05 0.05
0 0.33825482293868925 0.09089367512332605 0.05 0.05
0 0.36045355443974636 0.08877951021846352 0.05 0.05
0 0.344597317653277 0.19660192036645513 0.05 0.05
0 0.3081279730443975 0.20083025017618017 0.05 0.05
0 0.30178547832980973 0.2198577343199434 0.05 0.05
0 0.3097135967230444 0.24522771317829437 0.05 0.05
0 0.3636248017970402 0.24522771317829437 0.05 0.05
0 0.25421676797040166 0.20928690979563053 0.05 0.05
0 0.21616179968287524 0.20294441508104283 0.05 0.05
0 0.2510455206131078 0.12049198379140218 0.05 0.05
0 0.23518928382663845 0.24522771317829437 0.05 0.05
0 0.18920619714587736 0.2811685165609582 0.05 0.05
0 0.15749372357293867 0.5221833157152923 0.05 0.05
0 0.2288467891120507 0.5412107998590555 0.05 0.05
0 0.1638362182875264 0.59406492248062 0.05 0.05
0 0.15590809989429172 0.699773167723749 0.05 0.05
0 0.19713431553911204 0.7441706307258632 0.05 0.05
0 0.27641549947145877 0.7505131254404509 0.05 0.05
0 0.1273668736786469 0.7991389182522902 0.05 0.05
0 0.044914442389006305 0.8393080514446792 0.05 0.05
0 0.4841322013742072 0.5961790873854826 0.05 0.05
0 0.5269440406976745 0.6130924066243832 0.05 0.05
0 0.8012569371035942 0.6490332100070472 0.05 0.05
0 0.8472400237843554 0.6257773960535588 0.05 0.05
0 0.9217643366807613 0.6215490662438335 0.05 0.05
0 0.9645761760042285 0.7040014975334742 0.05 0.05
0 0.8868806157505287 0.7082298273431993 0.05 0.05
0 0.63793769820296 0.156432787174066 0.05 0.05
0 0.612567719344609 0.167003611698379 0.05 0.05
0 0.5523140195560254 0.46932919309372784 0.05 0.05
