0 0.18342013888888892 0.08159722222222238 0.05 0.05
0 0.27230902777777777 0.07974537037037036 0.05 0.05
0 0.2889756944444445 0.0982638888888888 0.05 0.05
0 0.3598090277777778 0.07789351851851846 0.05 0.05
0 0.69453125 0.18530092592592584 0.05 0.05
0 0.7084201388888889 0.19270833333333334 0.05 0.05
0 0.745920138888889 0.18530092592592584 0.05 0.05
0 0.7542534722222222 0.19826388888888882 0.05 0.05
0 0.7959201388888889 0.1630787037037037 0.05 0.05
0 0.5486979166666666 0.46493055555555546 0.05 0.05
0 0.40008680555555554 0.459375 0.05 0.05
0 0.6375868055555556 0.5723379629629629 0.05 0.05
0 0.7028645833333333 0.9019675925925925 0.05 0.05
0 0.7917534722222221 0.9223379629629629 0.05 0.05
0 0.20564236111111112 0.7445601851851851 0.05 0.05
0 0.27508680555555554 0.7427083333333332 0.05 0.05
0 0.018142361111111116 0.5501157407407408 0.05 0.05
