0 0.19396306818181813 0.07820868569415064 0.05 0.05
0 0.27324425211416487 0.09723616983791387 0.05 0.05
0 0.2811723705073996 0.09935033474277641 0.05 0.05
0 0.2906861125792812 0.09300784002818858 0.05 0.05
0 0.33666919926004224 0.09089367512332605 0.05 0.05
0 0.344597317653277 0.08455118040873835 0.05 0.05
0 0.4460772330866808 0.2198577343199434 0.05 0.05
0 0.46193346987315015 0.20083025017618017 0.05 0.05
0 0.45876222251585624 0.2135152396053557 0.05 0.05
0 0.3477685650105709 0.19871608527131765 0.05 0.05
0 0.33825482293868925 0.22408606412966858 0.05 0.05
0 0.2986142309725158 0.21140107470049305 0.05 0.05
0 0.27641549947145877 0.23254272374911883 0.05 0.05
0 0.20030556289640594 0.27271185694150796 0.05 0.05
0 0.18444932610993658 0.3149951550387596 0.05 0.05
0 0.22408991807610992 0.3149951550387596 0.05 0.05
0 0.4492484804439747 0.29808183579985886 0.05 0.05
0 0.6490370639534885 0.40379008104298786 0.05 0.05
0 0.5459715248414377 0.4820141825229033 0.05 0.05
0 0.4476628567653277 0.6278915609584212 0.05 0.05
0 0.4873034487315011 0.7314856412966877 0.05 0.05
0 0.6062252246300213 0.7885680937279774 0.05 0.05
0 0.8345550343551797 0.22408606412966858 0.05 0.05
