0 0.31563178037608486 0.7813373915139827 0.05 0.05
0 0.3088815392960463 0.7620509884281581 0.05 0.05
0 0.3667407485535198 0.7903377129540341 0.05 0.05
0 0.462208443828351 0.6553328913532627 0.05 0.05
0 0.5056028507714562 0.5396144728383158 0.05 0.05
0 0.4043492345708775 0.5228995901639345 0.05 0.05
0 0.38795579194792673 0.5087562279009965 0.05 0.05
0 0.3754196299421408 0.5293283911925426 0.05 0.05
0 0.5451399770973964 0.4727549421407907 0.05 0.05
0 0.7900772962873674 0.615474324975892 0.05 0.05
0 0.8083993792189007 0.7710513098682096 0.05 0.05
0 0.8961525132594022 0.7543364271938284 0.05 0.05
0 0.8980811535679847 0.5936164014786243 0.05 0.05
0 0.8122566598360657 0.39046628897460633 0.05 0.05
0 0.7235392056412728 0.28889123272259726 0.05 0.05
0 0.7437899288813886 0.2683190694310511 0.05 0.05
0 0.8209355412246866 0.22074594181935073 0.05 0.05
0 0.6743588777724204 0.2696048296367728 0.05 0.05
0 0.6685729568466731 0.21431714079074263 0.05 0.05
0 0.6695372770009642 0.13588576824172297 0.05 0.05
0 0.6406076723722276 0.1333142478302797 0.05 0.05
0 0.6232499095949855 0.13074272741883644 0.05 0.05
0 0.5933559848119575 0.16674401317904214 0.05 0.05
0 0.30984585945033755 0.15902945194471235 0.05 0.05
0 0.3069528989874638 0.09216992124718738 0.05 0.05
0 0.3484186656219864 0.09345568145290907 0.05 0.05
0 0.23945048818707812 0.2271747428479589 0.05 0.05
0 0.21341384402121505 0.16545825297332056 0.05 0.05
0 0.17773399831243972 0.0561686354869817 0.05 0.05
0 0.4448506810511089 0.21174562037929925 0.05 0.05
0 0.4033849144165863 0.19503073770491805 0.05 0.05
0 0.5837127832690453 0.12817120700739318 0.05 0.05
