0 0.007118662587412561 0.5858318764568764 0.05 0.05
0 0.1343039772727273 0.7589087995337995 0.05 0.05
0 0.19986341783216782 0.7449227855477856 0.05 0.05
0 0.6063319493006993 0.9686990093240094 0.05 0.05
0 0.7282725087412588 0.6155521561771562 0.05 0.05
0 0.8239892919580422 0.6190486596736596 0.05 0.05
0 0.546017263986014 0.4686990093240093 0.05 0.05
0 0.587975305944056 0.5071605477855478 0.05 0.05
0 0.5709298513986015 0.5159018065268065 0.05 0.05
0 0.5224158653846155 0.533384324009324 0.05 0.05
0 0.47127950174825184 0.533384324009324 0.05 0.05
0 0.40703125 0.5386290792540792 0.05 0.05
0 0.39260817307692314 0.49667103729603734 0.05 0.05
0 0.442433347902098 0.21170600233100234 0.05 0.05
0 0.45423404720279714 0.21170600233100234 0.05 0.05
0 0.32442635489510496 0.15401369463869466 0.05 0.05
0 0.32835992132867137 0.18373397435897434 0.05 0.05
0 0.28509069055944053 0.20121649184149176 0.05 0.05
0 0.28902425699300704 0.23093677156177156 0.05 0.05
0 0.19199628496503496 0.1592584498834499 0.05 0.05
0 0.21953125 0.1592584498834499 0.05 0.05
0 0.20379698426573428 0.10681089743589732 0.05 0.05
0 0.31262565559440564 0.10156614219114223 0.05 0.05
0 0.34147180944055944 0.08233537296037288 0.05 0.05
0 0.3506501311188811 0.08233537296037288 0.05 0.05
