0 0.05262929928131418 0.7063804757015743 0.05 0.05
0 0.08651020277207394 0.6762641170431213 0.05 0.05
0 0.3873315580082136 0.7926227754962355 0.05 0.05
0 0.46433361139630397 0.6283517282683094 0.05 0.05
0 0.4900009625256675 0.5900218172484599 0.05 0.05
0 0.5023212910677619 0.5516919062286105 0.05 0.05
0 0.4520132828542095 0.5229444729637236 0.05 0.05
0 0.5516026052361397 0.4654496064339494 0.05 0.05
0 0.28363545944558527 0.36278020191649557 0.05 0.05
0 0.2785019892197126 0.2943339322381931 0.05 0.05
0 0.2826087654004107 0.2614797227926078 0.05 0.05
0 0.31546297484599595 0.3326638432580424 0.05 0.05
0 0.16967242043121153 0.3326638432580424 0.05 0.05
0 0.3780913116016428 0.26284864818617387 0.05 0.05
0 0.44277303644763866 0.21767411019849423 0.05 0.05
0 0.45817344712525676 0.19987808008213553 0.05 0.05
0 0.19123299537987687 0.13143181040383295 0.05 0.05
0 0.22100712268993844 0.12869395961670094 0.05 0.05
0 0.208686794147844 0.1013154517453799 0.05 0.05
0 0.23230075718685836 0.1013154517453799 0.05 0.05
0 0.29082231776180706 0.10268437713894585 0.05 0.05
0 0.29082231776180706 0.08625727241615332 0.05 0.05
0 0.6419516812114991 0.1944023785078713 0.05 0.05
0 0.557762769507187 0.19577130390143746 0.05 0.05
0 0.6491385395277208 0.2806446783025324 0.05 0.05
0 0.6655656442505135 0.26284864818617387 0.05 0.05
0 0.6963664656057496 0.27790682751540047 0.05 0.05
0 0.7230605107802875 0.36278020191649557 0.05 0.05
0 0.6922596894250514 0.14785891512662558 0.05 0.05
0 0.830863385523614 0.2751689767282683 0.05 0.05
