0 0.5530845129558541 0.12164307421625094 0.05 0.05
0 0.35826685460652596 0.2995061580294305 0.05 0.05
0 0.43312290067178505 0.2841510716570697 0.05 0.05
0 0.4408004438579655 0.2214511356365963 0.05 0.05
0 0.3707428622840691 0.21761236404350606 0.05 0.05
0 0.33427453214971214 0.1907409628918746 0.05 0.05
0 0.34195207533589256 0.10372880678182976 0.05 0.05
0 0.3102822096928983 0.09093290147152899 0.05 0.05
0 0.29972558781190023 0.03719009916826614 0.05 0.05
0 0.33235514635316704 0.03463091810620599 0.05 0.05
0 0.2670960292706334 0.05254518554062694 0.05 0.05
0 0.2469424784069098 0.08197576775431857 0.05 0.05
0 0.22390984884836856 0.08837372040946896 0.05 0.05
0 0.21911138435700578 0.10884716890595006 0.05 0.05
0 0.2008772192898273 0.12420225527831086 0.05 0.05
0 0.22390984884836856 0.1587511996161228 0.05 0.05
0 0.24310370681381963 0.20353686820217523 0.05 0.05
0 0.18072366842610368 0.3135816538707613 0.05 0.05
0 0.21431291986564305 0.31102247280870116 0.05 0.05
0 0.17400581813819582 0.7345669385796545 0.05 0.05
0 0.19703844769673706 0.7230506238003839 0.05 0.05
0 0.04636666266794626 0.7409648912348049 0.05 0.05
0 0.6663282749520154 0.47225087971849006 0.05 0.05
0 0.5070192538387717 0.5375099968010237 0.05 0.05
0 0.4072111924184261 0.5272732725527831 0.05 0.05
0 0.394735184740883 0.5016814619321817 0.05 0.05
0 0.40913057821497123 0.48376719449776073 0.05 0.05
0 0.5425278910748561 0.47097128918746 0.05 0.05
0 0.6269808661228408 0.38139995201535515 0.05 0.05
0 0.6740058181381958 0.36732445617402426 0.05 0.05
0 0.6749655110364684 0.3404530550223928 0.05 0.05
0 0.8246776031669866 0.4351427543186181 0.05 0.05
0 0.8985739563339731 0.4492182501599488 0.05 0.05
0 0.70567568378119 0.12932061740243117 0.05 0.05
0 0.6788042826295586 0.11012675943698014 0.05 0.05
