0 0.7380040079556413 0.17317281420765032 0.05 0.05
0 0.7871843358244938 0.18088737544198008 0.05 0.05
0 0.7833270552073289 0.32489251848280293 0.05 0.05
0 0.6840020793153327 0.3403216409514626 0.05 0.05
0 0.49885260969141754 0.531899911603986 0.05 0.05
0 0.5403183763259402 0.4663261411121827 0.05 0.05
0 0.40242059426229504 0.5254711105753778 0.05 0.05
0 0.38988443225650915 0.4997559064609451 0.05 0.05
0 0.41206379580520724 0.475326462552234 0.05 0.05
0 0.31563178037608486 0.39689509000321443 0.05 0.05
0 0.27705897420443587 0.4097526920604307 0.05 0.05
0 0.2076279230954677 0.3994666104146577 0.05 0.05
0 0.20666360294117644 0.3814659675345548 0.05 0.05
0 0.1642335161523626 0.4161814930890389 0.05 0.05
0 0.09962406581485053 0.4251818145290904 0.05 0.05
0 0.19316312078109935 0.6681904934104791 0.05 0.05
0 0.12758935028929605 0.8829124477659918 0.05 0.05
0 0.3146674602217936 0.7569079476052717 0.05 0.05
0 0.39277739271938283 0.8019095548055287 0.05 0.05
0 0.844079224927676 0.639903768884603 0.05 0.05
0 0.9376182798939248 0.6617616923818709 0.05 0.05
0 0.36384778809064605 0.20017377852780455 0.05 0.05
0 0.39759899349083894 0.2040310591449695 0.05 0.05
0 0.35806186716489874 0.13974304885888789 0.05 0.05
0 0.28380921528447445 0.14874337029893922 0.05 0.05
0 0.23173592695274828 0.174458574413372 0.05 0.05
0 0.20377064247830284 0.17831585503053685 0.05 0.05
0 0.243307768804243 0.11659936515589849 0.05 0.05
0 0.2847735354387657 0.09216992124718738 0.05 0.05
0 0.30791721914175507 0.09602720186435233 0.05 0.05
0 0.2924880966730955 0.11274208453873354 0.05 0.05
0 0.34745434546769527 0.09345568145290907 0.05 0.05
0 0.35999050747348116 0.036882232401157226 0.05 0.05
0 0.2992383377531341 0.14874337029893922 0.05 0.05
