0 0.19720982142857144 0.07643849206349197 0.05 0.05
0 0.21903521825396818 0.10024801587301582 0.05 0.05
0 0.2765749007936507 0.10024801587301582 0.05 0.05
0 0.18927331349206342 0.1610945767195767 0.05 0.05
0 0.31427331349206344 0.08966600529100527 0.05 0.05
0 0.2984002976190475 0.13993055555555547 0.05 0.05
0 0.45514632936507926 0.2060681216931216 0.05 0.05
0 0.38967013888888885 0.1981316137566137 0.05 0.05
0 0.3182415674603174 0.20077711640211635 0.05 0.05
0 0.24879712301587292 0.2483961640211639 0.05 0.05
0 0.2507812499999999 0.31982473544973544 0.05 0.05
0 0.26467013888888885 0.32511574074074073 0.05 0.05
0 0.3281622023809523 0.2827876984126983 0.05 0.05
0 0.365860615079365 0.2748511904761904 0.05 0.05
0 0.40752728174603164 0.3780257936507937 0.05 0.05
0 0.3162574404761904 0.367443783068783 0.05 0.05
0 0.03252728174603172 0.6399305555555554 0.05 0.05
0 0.23292410714285702 0.7563326719576718 0.05 0.05
0 0.3083209325396824 0.8145337301587301 0.05 0.05
0 0.3281622023809523 0.7642691798941799 0.05 0.05
0 0.3539558531746031 0.7827876984126984 0.05 0.05
0 0.37974950396825385 0.7960152116402116 0.05 0.05
0 0.41546378968253955 0.7351686507936507 0.05 0.05
0 0.45514632936507926 0.7351686507936507 0.05 0.05
0 0.3737971230158729 0.49971891534391527 0.05 0.05
0 0.3936383928571428 0.5235284391534392 0.05 0.05
0 0.4987971230158729 0.5235284391534392 0.05 0.05
0 0.5622891865079364 0.5235284391534392 0.05 0.05
0 0.5741939484126982 0.5103009259259258 0.05 0.05
0 0.5484002976190474 0.48384589947089934 0.05 0.05
0 0.5583209325396824 0.22723214285714283 0.05 0.05
0 0.7031622023809523 0.11876653439153438 0.05 0.05
0 0.6694320436507935 0.1478670634920635 0.05 0.05
0 0.6972098214285712 0.1610945767195767 0.05 0.05
0 0.838082837301587 0.19284060846560844 0.05 0.05
0 0.830146329365079 0.2880787037037036 0.05 0.05
0 0.8837177579365075 0.47590939153439143 0.05 0.05
0 0.8222098214285711 0.47590939153439143 0.05 0.05
