0 0.2200435450819671 0.12399248633879813 0.05 0.05
0 0.24736594945355192 0.09849157559198538 0.05 0.05
0 0.25829491120218584 0.1385644353369763 0.05 0.05
0 0.27605447404371586 0.1330999544626593 0.05 0.05
0 0.3020107581967214 0.10031306921675771 0.05 0.05
0 0.3238686816939892 0.10213456284153004 0.05 0.05
0 0.33206540300546455 0.15131489071038248 0.05 0.05
0 0.28425119535519133 0.21688866120218578 0.05 0.05
0 0.2282402663934427 0.2241746357012751 0.05 0.05
0 0.44408726092896184 0.20778119307832424 0.05 0.05
0 0.4563823428961749 0.20778119307832424 0.05 0.05
0 0.2255080259562842 0.43182490892531883 0.05 0.05
0 0.01785775273224046 0.7542292805100181 0.05 0.05
0 0.10392332650273226 0.7451218123861566 0.05 0.05
0 0.2746883538251367 0.5647939435336976 0.05 0.05
0 0.38944245218579243 0.5010416666666667 0.05 0.05
0 0.4017375341530055 0.5228995901639344 0.05 0.05
0 0.3197703210382514 0.7633367486338798 0.05 0.05
0 0.3607539275956285 0.7779086976320584 0.05 0.05
0 0.3990052937158471 0.7596937613843352 0.05 0.05
0 0.4331582991803279 0.7797301912568307 0.05 0.05
0 0.42769381830601105 0.7086919398907104 0.05 0.05
0 0.5451801571038253 0.4718977686703097 0.05 0.05
0 0.5847976434426231 0.4992201730418943 0.05 0.05
0 0.5684042008196721 0.5247210837887067 0.05 0.05
0 0.6817921789617486 0.7105134335154827 0.05 0.05
0 0.7391692281420765 0.41178847905282334 0.05 0.05
0 0.6626664959016393 0.1531363843351548 0.05 0.05
0 0.6831582991803279 0.22963911657559197 0.05 0.05
0 0.7132129439890711 0.21688866120218578 0.05 0.05
0 0.7309725068306012 0.16770833333333332 0.05 0.05
0 0.7856173155737706 0.16042235883424402 0.05 0.05
0 0.7405353483606557 0.2187101548269581 0.05 0.05
0 0.7541965505464482 0.2132456739526411 0.05 0.05
0 0.8061091188524591 0.20231671220400724 0.05 0.05
0 0.8511910860655739 0.21506716757741345 0.05 0.05
