0 0.270073004756871 0.08877951021846364 0.05 0.05
0 0.2827579941860465 0.08877951021846352 0.05 0.05
0 0.295442983615222 0.09089367512332605 0.05 0.05
0 0.33984044661733626 0.09089367512332605 0.05 0.05
0 0.35569668340380556 0.08877951021846352 0.05 0.05
0 0.35728230708245245 0.207172744890768 0.05 0.05
0 0.37948103858350957 0.20294441508104283 0.05 0.05
0 0.40485101744186053 0.19448775546159247 0.05 0.05
0 0.4460772330866808 0.19871608527131765 0.05 0.05
0 0.4635190935517971 0.18814526074700477 0.05 0.05
0 0.6268383324524314 0.2811685165609582 0.05 0.05
0 0.6997770216701904 0.2579127026074699 0.05 0.05
0 0.7536882267441861 0.27482602184637045 0.05 0.05
0 0.8202844212473573 0.19448775546159247 0.05 0.05
0 0.9185930893234673 0.4862425123326285 0.05 0.05
0 0.5491427721987316 0.46932919309372784 0.05 0.05
0 0.1352949920718816 0.36362094785059884 0.05 0.05
0 0.1352949920718816 0.3953334214235376 0.05 0.05
0 0.21299055232558137 0.5179549859055671 0.05 0.05
0 0.2066480576109936 0.6426907152924594 0.05 0.05
0 0.1812780787526427 0.7462847956307257 0.05 0.05
0 0.2684873810782241 0.7420564658210006 0.05 0.05
