0 0.08513439685314683 0.4652025058275059 0.05 0.05
0 0.17953999125874126 0.45296474358974353 0.05 0.05
0 0.1821623688811189 0.1312864219114219 0.05 0.05
0 0.20969733391608392 0.1312864219114219 0.05 0.05
0 0.31328125 0.09806963869463867 0.05 0.05
0 0.3998197115384616 0.21869900932400935 0.05 0.05
0 0.3998197115384616 0.09107663170163166 0.05 0.05
0 0.3539281031468532 0.20121649184149176 0.05 0.05
0 0.4417777534965035 0.21170600233100234 0.05 0.05
0 0.22149803321678324 0.2676500582750582 0.05 0.05
0 0.27001201923076923 0.2501675407925408 0.05 0.05
0 0.3198371940559441 0.24492278554778554 0.05 0.05
0 0.28836866258741256 0.5351325757575758 0.05 0.05
0 0.39588614510489506 0.5106570512820513 0.05 0.05
0 0.41293159965034965 0.5368808275058276 0.05 0.05
0 0.4535784527972028 0.5631046037296038 0.05 0.05
0 0.5624071241258741 0.540377331002331 0.05 0.05
0 0.5820749562937063 0.5089087995337995 0.05 0.05
0 0.542739291958042 0.47744026806526807 0.05 0.05
0 0.5571623688811189 0.6347829254079255 0.05 0.05
0 0.45095607517482517 0.7309367715617715 0.05 0.05
0 0.41555397727272725 0.7641535547785547 0.05 0.05
0 0.4207987325174825 0.7921255827505828 0.05 0.05
0 0.36048404720279725 0.7624053030303031 0.05 0.05
0 0.2896798513986014 0.7484192890442891 0.05 0.05
0 0.2936134178321678 0.8131046037296038 0.05 0.05
0 0.5519176136363637 0.8830346736596738 0.05 0.05
0 0.6541903409090909 0.47569201631701635 0.05 0.05
0 0.6909036276223777 0.5071605477855478 0.05 0.05
0 0.7708861451048952 0.41974796037296047 0.05 0.05
0 0.8102218094405595 0.41974796037296047 0.05 0.05
0 0.7971099213286713 0.5159018065268065 0.05 0.05
0 0.8534910402097904 0.49667103729603734 0.05 0.05
0 0.9413406905594407 0.49492278554778557 0.05 0.05
0 0.8495574737762238 0.2536640442890442 0.05 0.05
0 0.7918651660839162 0.26939831002331 0.05 0.05
0 0.6699246066433566 0.23618152680652676 0.05 0.05
0 0.6266553758741259 0.24492278554778554 0.05 0.05
