0 0.32947606765834936 0.08453494881637873 0.05 0.05
0 0.313161288387716 0.0806961772232885 0.05 0.05
0 0.2862898872360845 0.09989003518873953 0.05 0.05
0 0.2862898872360845 0.12932061740243117 0.05 0.05
0 0.2718944937619962 0.09861044465770945 0.05 0.05
0 0.2517409428982726 0.08965331094049904 0.05 0.05
0 0.23254708493282156 0.09093290147152899 0.05 0.05
0 0.2027966050863724 0.0806961772232885 0.05 0.05
0 0.32371791026871405 0.14467570377479197 0.05 0.05
0 0.35922654750479854 0.14979406589891225 0.05 0.05
0 0.28724958013435703 0.3558081413947536 0.05 0.05
0 0.24598278550863725 0.35836732245681374 0.05 0.05
0 0.12985994481765836 0.6859424984005119 0.05 0.05
0 0.041568198176583505 0.5567038547664748 0.05 0.05
0 0.394735184740883 0.5080794145873321 0.05 0.05
0 0.4072111924184261 0.5234345009596929 0.05 0.05
0 0.413929042706334 0.48376719449776073 0.05 0.05
0 0.439840750959693 0.5426283589251439 0.05 0.05
0 0.5079789467370441 0.5387895873320537 0.05 0.05
0 0.5530845129558541 0.5221549104286628 0.05 0.05
0 0.5598023632437621 0.4876059660908509 0.05 0.05
0 0.5319712691938581 0.47353047024952016 0.05 0.05
0 0.47055092370441465 0.6411568298144594 0.05 0.05
0 0.7354261636276392 0.7294485764555342 0.05 0.05
0 0.8697831693857966 0.5861344369801664 0.05 0.05
0 0.7459827855086373 0.37500199936020473 0.05 0.05
0 0.658650731765835 0.2112144113883557 0.05 0.05
0 0.6624895033589253 0.17026751439539348 0.05 0.05
0 0.7344664707293667 0.180504238643634 0.05 0.05
0 0.8102822096928982 0.19202055342290456 0.05 0.05
0 0.8131612883877158 0.2687959852847089 0.05 0.05
0 0.36498470489443385 0.08453494881637873 0.05 0.05
0 0.35442808301343576 0.08325535828534865 0.05 0.05
0 0.38801733445297504 0.03846968969929622 0.05 0.05
0 0.03101157629558542 0.6385976487523993 0.05 0.05
0 0.4465586012476008 0.2777531190019194 0.05 0.05
0 0.4484779870441459 0.21377359245041586 0.05 0.05
0 0.29972558781190023 0.09349208253358915 0.05 0.05
