0 0.13723255183220828 0.5190423095467696 0.05 0.05
0 0.10926726735776278 0.5704727177756349 0.05 0.05
0 0.08708790380906462 0.46889766152362594 0.05 0.05
0 0.23752184787849567 0.542185993249759 0.05 0.05
0 0.22787864633558338 0.43161061555769853 0.05 0.05
0 0.18159127892960464 0.36603684506589523 0.05 0.05
0 0.38988443225650915 0.5048989472838316 0.05 0.05
0 0.40627787487945993 0.5293283911925426 0.05 0.05
0 0.37734827025072326 0.5434717534554806 0.05 0.05
0 0.44195772058823524 0.6309034474445517 0.05 0.05
0 0.3667407485535198 0.8006237945998073 0.05 0.05
0 0.31563178037608486 0.7787658711025395 0.05 0.05
0 0.28959513621022176 0.7954807537769207 0.05 0.05
0 0.5027098903085825 0.5370429524268725 0.05 0.05
0 0.5461042972516875 0.4701834217293475 0.05 0.05
0 0.7032884824011572 0.4573258196721312 0.05 0.05
0 0.745718569189971 0.46761190131790425 0.05 0.05
0 0.7698265730472518 0.42646757473481195 0.05 0.05
0 0.7746481738187079 0.37117988588878176 0.05 0.05
0 0.8411862644648023 0.3673226052716169 0.05 0.05
0 0.840221944310511 0.47918374316939893 0.05 0.05
0 0.9144745961909354 0.4213245339119254 0.05 0.05
0 0.698466881629701 0.16674401317904214 0.05 0.05
0 0.6705015971552555 0.09988448248151727 0.05 0.05
0 0.6782161583895853 0.09988448248151727 0.05 0.05
0 0.6271071902121503 0.17188705400192864 0.05 0.05
0 0.6213212692864031 0.18988769688203153 0.05 0.05
0 0.5952846251205399 0.1577436917389908 0.05 0.05
0 0.3387754640790742 0.20917409996785613 0.05 0.05
0 0.3725266694792671 0.19503073770491805 0.05 0.05
0 0.38988443225650915 0.19760225811636142 0.05 0.05
0 0.4429220407425265 0.21303138058502094 0.05 0.05
0 0.2654871323529412 0.10245600289296052 0.05 0.05
0 0.3040599385245901 0.09474144165863076 0.05 0.05
0 0.3426327446962391 0.09731296207007402 0.05 0.05
0 0.23173592695274828 0.04202527322404374 0.05 0.05
0 0.2076279230954677 0.1461718498874961 0.05 0.05
