0 0.20865871170678335 0.03933488329686353 0.05 0.05
0 0.21850553884026264 0.03933488329686341 0.05 0.05
0 0.24476374452954047 0.07434582421590068 0.05 0.05
0 0.2710219502188184 0.06996945660102097 0.05 0.05
0 0.2890744666301969 0.06340490517870154 0.05 0.05
0 0.23163464168490155 0.0852867432530998 0.05 0.05
0 0.24640488238512037 0.11373313274981751 0.05 0.05
0 0.1955296088621444 0.10716858132749808 0.05 0.05
0 0.19388847100656453 0.15093225747629452 0.05 0.05
0 0.22835236597374178 0.13561497082421578 0.05 0.05
0 0.362925670131291 0.12467405178701665 0.05 0.05
0 0.3859016001094092 0.15312044128373437 0.05 0.05
0 0.31369153446389497 0.1596849927060538 0.05 0.05
0 0.4466237007658644 0.2056368526622901 0.05 0.05
0 0.5467331099562365 0.21438958789204948 0.05 0.05
0 0.5664267642231948 0.19469593362509105 0.05 0.05
0 0.6534070705689279 0.13561497082421578 0.05 0.05
0 0.701000068380744 0.28222328592268403 0.05 0.05
0 0.6845886898249454 0.2975405725747629 0.05 0.05
0 0.7994683397155362 0.24940052881108662 0.05 0.05
0 0.8618315782275714 0.3763151896425966 0.05 0.05
0 0.8043917532822759 0.3675624544128372 0.05 0.05
0 0.8372145103938733 0.6192035922684173 0.05 0.05
0 0.8962954731947486 0.6257681436907366 0.05 0.05
0 0.7518753419037201 0.7417418854850475 0.05 0.05
0 0.7420285147702408 0.8445865244347193 0.05 0.05
0 0.6616127598468272 0.8380219730123997 0.05 0.05
0 0.5057046635667397 0.5316762399708241 0.05 0.05
0 0.5401685585339169 0.46821890955506923 0.05 0.05
0 0.39574842724288845 0.4966652990517869 0.05 0.05
0 0.40395411652078783 0.5272998723559444 0.05 0.05
0 0.2562517095185996 0.46384254194018953 0.05 0.05
0 0.22178781455142232 0.470407093362509 0.05 0.05
0 0.23655805525164114 0.4857243800145879 0.05 0.05
0 0.25296943380743986 0.5448053428154632 0.05 0.05
0 0.4417002871991248 0.6542145331874544 0.05 0.05
0 0.4843698714442014 0.732989150255288 0.05 0.05
0 0.42036549507658644 0.7920701130561635 0.05 0.05
0 0.3333851887308534 0.8051992159008025 0.05 0.05
0 0.2907156044857768 0.8051992159008025 0.05 0.05
0 0.19881188457330415 0.7636237235594457 0.05 0.05
0 0.19388847100656453 0.732989150255288 0.05 0.05
0 0.052750615426695804 0.6476499817651349 0.05 0.05
0 0.047827201859956175 0.5513698942377826 0.05 0.05
0 0.029774685448577625 0.4857243800145879 0.05 0.05
0 0.11183157822757109 0.5535580780452224 0.05 0.05
0 0.10690816466083149 0.6016981218088986 0.05 0.05
