0 0.7838150766384777 0.1606611169837913 0.05 0.05
0 0.7980856897463002 0.16488944679351636 0.05 0.05
0 0.8297981633192391 0.1902594256518673 0.05 0.05
0 0.46193346987315015 0.19448775546159247 0.05 0.05
0 0.43814911469344614 0.25579853770260735 0.05 0.05
0 0.42387850158562373 0.29596767089499637 0.05 0.05
0 0.3477685650105709 0.27482602184637045 0.05 0.05
0 0.3287410808668076 0.3107668252290343 0.05 0.05
0 0.35569668340380556 0.3255659795630725 0.05 0.05
0 0.2669017573995772 0.19871608527131765 0.05 0.05
0 0.3112992204016914 0.167003611698379 0.05 0.05
0 0.2288467891120507 0.1500902924594783 0.05 0.05
0 0.18603494978858348 0.08877951021846352 0.05 0.05
0 0.27324425211416487 0.09935033474277641 0.05 0.05
0 0.2827579941860465 0.09935033474277641 0.05 0.05
0 0.2906861125792812 0.09089367512332605 0.05 0.05
0 0.33508357558139534 0.09300784002818858 0.05 0.05
0 0.35886793076109946 0.08666534531360087 0.05 0.05
0 0.20347681025369982 0.25157020789288204 0.05 0.05
0 0.23677490750528546 0.26214103241719494 0.05 0.05
0 0.5428002774841438 0.47144335799859044 0.05 0.05
0 0.5554852669133192 0.6257773960535588 0.05 0.05
0 0.7251470005285413 0.7843397639182522 0.05 0.05
0 0.902736852536998 0.7631981148696264 0.05 0.05
0 0.27641549947145877 0.7483989605355884 0.05 0.05
0 0.1907918208245243 0.7462847956307257 0.05 0.05
0 0.16700746564482027 0.6659465292459478 0.05 0.05
0 0.14639435782241011 0.630005725863284 0.05 0.05
