0 0.19720982142857144 0.22987764550264547 0.05 0.05
0 0.31228918650793647 0.09495701058201055 0.05 0.05
0 0.28847966269841263 0.25104166666666666 0.05 0.05
0 0.33014632936507926 0.25104166666666666 0.05 0.05
0 0.3519717261904761 0.22987764550264547 0.05 0.05
0 0.3936383928571428 0.22458664021164007 0.05 0.05
0 0.4452256944444444 0.21400462962962952 0.05 0.05
0 0.4591145833333332 0.21400462962962952 0.05 0.05
0 0.38173363095238083 0.060565476190476156 0.05 0.05
0 0.3936383928571428 0.055274470899470886 0.05 0.05
0 0.6714161706349204 0.13993055555555547 0.05 0.05
0 0.5464161706349204 0.2192956349206348 0.05 0.05
0 0.7706225198412697 0.203422619047619 0.05 0.05
0 0.8023685515873012 0.20077711640211635 0.05 0.05
0 0.8916542658730157 0.5579199735449735 0.05 0.05
0 0.8182415674603172 0.5261739417989417 0.05 0.05
0 0.7845114087301586 0.568501984126984 0.05 0.05
0 0.7428447420634918 0.5605654761904761 0.05 0.05
0 0.5404637896825395 0.47590939153439143 0.05 0.05
0 0.5642733134920633 0.48913690476190474 0.05 0.05
0 0.5642733134920633 0.5288194444444444 0.05 0.05
0 0.38967013888888885 0.5050099206349206 0.05 0.05
0 0.40752728174603164 0.5208829365079364 0.05 0.05
0 0.1337177579365079 0.3462797619047618 0.05 0.05
0 0.1793526785714285 0.3462797619047618 0.05 0.05
0 0.23093998015873005 0.39125330687830673 0.05 0.05
0 0.2706225198412698 0.39918981481481475 0.05 0.05
0 0.30435267857142845 0.4441633597883597 0.05 0.05
0 0.22498759920634911 0.4441633597883597 0.05 0.05
0 0.25474950396825385 0.5129464285714285 0.05 0.05
0 0.22300347222222214 0.6002480158730158 0.05 0.05
0 0.13967013888888882 0.49178240740740736 0.05 0.05
0 0.06228918650793649 0.5103009259259258 0.05 0.05
0 0.004749503968253932 0.621412037037037 0.05 0.05
0 0.09205109126984123 0.6452215608465608 0.05 0.05
0 0.3083209325396824 0.7986607142857143 0.05 0.05
0 0.3202256944444444 0.7589781746031746 0.05 0.05
0 0.3757812499999999 0.7933697089947089 0.05 0.05
0 0.35792410714285705 0.7960152116402116 0.05 0.05
0 0.4095114087301586 0.7510416666666665 0.05 0.05
0 0.4234002976190475 0.7431051587301586 0.05 0.05
