0 0.35826685460652585 0.08837372040946907 0.05 0.05
0 0.34099238243762003 0.09989003518873953 0.05 0.05
0 0.3006852807101728 0.09221249200255907 0.05 0.05
0 0.19895783349328217 0.09477167306461923 0.05 0.05
0 0.1884012116122841 0.09477167306461923 0.05 0.05
0 0.0761171425143954 0.49400391874600125 0.05 0.05
0 0.13561810220729367 0.4927243282149712 0.05 0.05
0 0.20759506957773516 0.4824876039667307 0.05 0.05
0 0.28916896593090213 0.2368062220089571 0.05 0.05
0 0.2910883517274473 0.18306341970569412 0.05 0.05
0 0.31987913867562384 0.17666546705054376 0.05 0.05
0 0.6605701175623802 0.2112144113883557 0.05 0.05
0 0.650013495681382 0.1587511996161228 0.05 0.05
0 0.6653685820537428 0.10884716890595006 0.05 0.05
0 0.7882092730326297 0.17282669545745363 0.05 0.05
0 0.6979981405950098 0.6014895233525271 0.05 0.05
0 0.5607620561420347 0.4927243282149712 0.05 0.05
0 0.5406085052783111 0.47097128918746 0.05 0.05
0 0.5262131118042227 0.525993682021753 0.05 0.05
0 0.49550293905950105 0.5375099968010237 0.05 0.05
0 0.4024127279270634 0.5144773672424824 0.05 0.05
0 0.394735184740883 0.5016814619321817 0.05 0.05
0 0.4072111924184261 0.4748100607805502 0.05 0.05
0 0.2536603286948177 0.7512016154830454 0.05 0.05
0 0.19223998320537433 0.7448036628278951 0.05 0.05
0 0.8074031309980807 0.524714091490723 0.05 0.05
0 0.8678637835892514 0.4863263755598208 0.05 0.05
0 0.44943767994241846 0.20865523032629554 0.05 0.05
