0 0.17387671769527485 0.34417892156862756 0.05 0.05
0 0.21341384402121505 0.3454646817743491 0.05 0.05
0 0.30984585945033755 0.398180850208936 0.05 0.05
0 0.39181307256509157 0.5113277483124398 0.05 0.05
0 0.40627787487945993 0.5306141513982643 0.05 0.05
0 0.49981692984570875 0.5409002330440373 0.05 0.05
0 0.54803293756027 0.4727549421407907 0.05 0.05
0 0.3648121082449373 0.7993380343940856 0.05 0.05
0 0.33781114392478306 0.783908911925426 0.05 0.05
0 0.2789876145130183 0.7903377129540341 0.05 0.05
0 0.4487079616682738 0.20788833976213444 0.05 0.05
0 0.3021312982160077 0.14874337029893922 0.05 0.05
0 0.27705897420443587 0.14874337029893922 0.05 0.05
0 0.23848616803278685 0.15517217132754743 0.05 0.05
0 0.17966263862102216 0.07674079877852785 0.05 0.05
0 0.2847735354387657 0.09988448248151727 0.05 0.05
0 0.3426327446962391 0.10117024268723883 0.05 0.05
0 0.30791721914175507 0.10117024268723883 0.05 0.05
0 0.35516890670202506 0.05488287528126013 0.05 0.05
0 0.3783125904050144 0.058740155898424955 0.05 0.05
0 0.6840020793153327 0.18217313564770177 0.05 0.05
0 0.7158246444069432 0.17831585503053685 0.05 0.05
0 0.7341467273384763 0.24903266634522664 0.05 0.05
0 0.7408969684185149 0.18474465605914503 0.05 0.05
