0 0.21297530594405592 0.11904865967365978 0.05 0.05
0 0.240510270979021 0.1085591491841491 0.05 0.05
0 0.26935642482517486 0.10156614219114223 0.05 0.05
0 0.30869208916083923 0.09981789044289044 0.05 0.05
0 0.33753824300699303 0.08058712121212111 0.05 0.05
0 0.34409418706293715 0.08233537296037288 0.05 0.05
0 0.37556271853146855 0.11380390442890445 0.05 0.05
0 0.25886691433566433 0.19247523310023312 0.05 0.05
0 0.442433347902098 0.20820949883449877 0.05 0.05
0 0.45685642482517486 0.20820949883449877 0.05 0.05
0 0.3952305506993007 0.4984192890442891 0.05 0.05
0 0.4083424388111888 0.5281395687645688 0.05 0.05
0 0.45423404720279714 0.526391317016317 0.05 0.05
0 0.5276606206293707 0.5298878205128206 0.05 0.05
0 0.5709298513986015 0.5159018065268065 0.05 0.05
0 0.5827305506993008 0.48792977855477854 0.05 0.05
0 0.5447060751748252 0.4704472610722611 0.05 0.05
0 0.025475305944055938 0.6854822261072261 0.05 0.05
0 0.11988090034965034 0.5735941142191142 0.05 0.05
0 0.32049278846153845 0.7851325757575758 0.05 0.05
0 0.7335172639860141 0.8795381701631703 0.05 0.05
0 0.7925207604895107 0.283384324009324 0.05 0.05
0 0.80432145979021 0.16799970862470867 0.05 0.05
0 0.8292340472027974 0.17674096736596734 0.05 0.05
0 0.7531850961538463 0.11380390442890445 0.05 0.05
