0 0.19554869186046508 0.11837781888653977 0.05 0.05
0 0.21140492864693447 0.10780699436222677 0.05 0.05
0 0.23201803646934457 0.08032285059901317 0.05 0.05
0 0.2288467891120507 0.1331769732205777 0.05 0.05
0 0.23994615486257925 0.14163363284002795 0.05 0.05
0 0.27165862843551797 0.09935033474277641 0.05 0.05
0 0.2811723705073996 0.09089367512332605 0.05 0.05
0 0.2891004889006343 0.09089367512332605 0.05 0.05
0 0.33508357558139534 0.09089367512332605 0.05 0.05
0 0.34142607029598315 0.08032285059901317 0.05 0.05
0 0.3826522859408034 0.13106280831571507 0.05 0.05
0 0.43973473837209304 0.20505857998590535 0.05 0.05
0 0.4635190935517971 0.1902594256518673 0.05 0.05
0 0.35411105972515855 0.167003611698379 0.05 0.05
0 0.31922733879492604 0.167003611698379 0.05 0.05
0 0.22250429439746303 0.2769401867512331 0.05 0.05
0 0.23836053118393236 0.3657351127554615 0.05 0.05
0 0.014787592494714553 0.5771516032417193 0.05 0.05
0 0.07979816331923888 0.6553757047216349 0.05 0.05
0 0.1717643366807611 0.7314856412966877 0.05 0.05
0 0.21299055232558137 0.7209148167723748 0.05 0.05
0 0.1273668736786469 0.9809571000704721 0.05 0.05
0 0.3858235332980973 0.4820141825229033 0.05 0.05
0 0.39058040433403807 0.5010416666666665 0.05 0.05
0 0.46034784619450325 0.5369824700493304 0.05 0.05
0 0.5190159223044398 0.5433249647639181 0.05 0.05
0 0.5507283958773785 0.47355752290345293 0.05 0.05
0 0.6997770216701904 0.871020525017618 0.05 0.05
0 0.8075994318181821 0.9450162966878082 0.05 0.05
0 0.8694387552854124 0.5116124911909794 0.05 0.05
0 0.9392061971458775 0.5052699964763917 0.05 0.05
0 0.8884662394291756 0.28539684637068347 0.05 0.05
0 0.6886776559196618 0.26214103241719494 0.05 0.05
0 0.6759926664904864 0.12472031360112736 0.05 0.05
0 0.7045338927061311 0.09512200493305123 0.05 0.05
