0 0.012588231519507198 0.5544297570157425 0.05 0.05
0 0.009508149383983578 0.5188376967830254 0.05 0.05
0 0.11833771817248465 0.5256823237508556 0.05 0.05
0 0.15119192761806985 0.5653811601642711 0.05 0.05
0 0.14092498716632446 0.38468300821355234 0.05 0.05
0 0.248727861909651 0.3490909479808352 0.05 0.05
0 0.18917960728952776 0.17523742299794662 0.05 0.05
0 0.248727861909651 0.16291709445585217 0.05 0.05
0 0.2661816606776181 0.16702387063655025 0.05 0.05
0 0.27336851899383985 0.1369075119780972 0.05 0.05
0 0.27336851899383985 0.1013154517453799 0.05 0.05
0 0.29082231776180706 0.09857760095824777 0.05 0.05
0 0.3513972664271048 0.05340306297056804 0.05 0.05
0 0.3606375128336756 0.08488834702258725 0.05 0.05
0 0.44277303644763866 0.21630518480492805 0.05 0.05
0 0.4520132828542095 0.2039848562628336 0.05 0.05
0 0.6440050693018481 0.15059676591375773 0.05 0.05
0 0.5567360754620124 0.19303345311430534 0.05 0.05
0 0.6902063013347024 0.14648998973305952 0.05 0.05
0 0.7158736524640659 0.09720867556468171 0.05 0.05
0 0.7333274512320329 0.11089792950034223 0.05 0.05
0 0.746674473819302 0.10268437713894585 0.05 0.05
0 0.8031426463039015 0.3039164099931554 0.05 0.05
0 0.8359968557494868 0.2765379021218344 0.05 0.05
0 0.7210071226899385 0.7077494010951404 0.05 0.05
0 0.48076071611909654 0.6146624743326489 0.05 0.05
0 0.4520132828542095 0.5284201745379877 0.05 0.05
0 0.3986251925051335 0.5010416666666667 0.05 0.05
0 0.3791180056468173 0.48050778576317593 0.05 0.05
0 0.5095081493839836 0.536633726899384 0.05 0.05
0 0.544415746919918 0.45997390485968526 0.05 0.05
