0 0.2587368912729026 0.26703330922532953 0.05 0.05
0 0.2924880966730955 0.2580329877852781 0.05 0.05
0 0.34745434546769527 0.24774690613950506 0.05 0.05
0 0.4496722818225651 0.20917409996785613 0.05 0.05
0 0.3812055508678881 0.3287497990999679 0.05 0.05
0 0.2568082509643202 0.3930378093860495 0.05 0.05
0 0.1497687138379942 0.430324855351977 0.05 0.05
0 0.08419494334619093 0.43161061555769853 0.05 0.05
0 0.06587286041465767 0.5550435953069752 0.05 0.05
0 0.1179461487463838 0.5884733606557379 0.05 0.05
0 0.18641287970106074 0.6334749678559949 0.05 0.05
0 0.2924880966730955 0.7646225088396015 0.05 0.05
0 0.3407041043876567 0.8083383558341369 0.05 0.05
0 0.39567035318225646 0.7581937078109934 0.05 0.05
0 0.44774364151398266 0.6604759321761492 0.05 0.05
0 0.40627787487945993 0.5357571922211508 0.05 0.05
0 0.39181307256509157 0.5074704676952748 0.05 0.05
0 0.5056028507714562 0.5344714320154292 0.05 0.05
0 0.4139924361137898 0.46761190131790425 0.05 0.05
0 0.5923916646576664 0.5048989472838316 0.05 0.05
0 0.5470686174059788 0.4740407023465124 0.05 0.05
0 0.7110030436354869 0.22588898264223733 0.05 0.05
0 0.7515044901157184 0.21817442140790747 0.05 0.05
0 0.78429137536162 0.17574433461909358 0.05 0.05
0 0.5962489452748312 0.1500291305046609 0.05 0.05
0 0.3069528989874638 0.09216992124718738 0.05 0.05
0 0.2847735354387657 0.09216992124718738 0.05 0.05
0 0.34166842454194796 0.09988448248151727 0.05 0.05
0 0.35131162608486016 0.04202527322404374 0.05 0.05
0 0.3831341911764706 0.03945375281260048 0.05 0.05
0 0.204734962632594 0.14360032947605272 0.05 0.05
0 0.18641287970106074 0.1448860896817744 0.05 0.05
0 0.23945048818707812 0.1500291305046609 0.05 0.05
0 0.30984585945033755 0.036882232401157226 0.05 0.05
0 0.29152377651880423 0.03945375281260048 0.05 0.05
