0 0.02023445715036809 0.5718443305292678 0.05 0.05
0 0.26523971477392216 0.7961696021731512 0.05 0.05
0 0.49657515115667705 0.8690753154574133 0.05 0.05
0 0.5155025959516297 0.5395975727304594 0.05 0.05
0 0.5586151090956886 0.5283813091482652 0.05 0.05
0 0.5596666338065193 0.49333048545390845 0.05 0.05
0 0.5491513866982122 0.4680938923939715 0.05 0.05
0 0.40824707544689787 0.5241752103049424 0.05 0.05
0 0.3945772542060987 0.501742683140554 0.05 0.05
0 0.41455622371188217 0.4765060900806172 0.05 0.05
0 0.30099155494216606 0.3909820802663866 0.05 0.05
0 0.2631366653522607 0.3867759814230637 0.05 0.05
0 0.22107567691903257 0.3657454872064496 0.05 0.05
0 0.22002415220820187 0.33069466351209276 0.05 0.05
0 0.18427231203995792 0.33069466351209276 0.05 0.05
0 0.8193932373817031 0.7106455923589206 0.05 0.05
0 0.8604027011041004 0.7428923501577288 0.05 0.05
0 0.8835362447423762 0.6924191640378551 0.05 0.05
0 0.8404237315983174 0.939176962846127 0.05 0.05
0 0.7300136369610933 0.33910686119873845 0.05 0.05
0 0.8246508609358567 0.29564383981773595 0.05 0.05
0 0.8435783057308093 0.28022147739221903 0.05 0.05
0 0.8719694729232383 0.27180927970557345 0.05 0.05
0 0.6658706296004204 0.17366697336137424 0.05 0.05
0 0.6816435002628809 0.1273998860848233 0.05 0.05
0 0.326228148002103 0.08954499649491794 0.05 0.05
0 0.2841671595688748 0.0909470294426922 0.05 0.05
0 0.23790007229232382 0.1035653259726607 0.05 0.05
0 0.2547244676656151 0.09935922712933791 0.05 0.05
0 0.205302806256572 0.08113279880827236 0.05 0.05
0 0.20950890509989478 0.14702834735366313 0.05 0.05
0 0.37775285883280746 0.08253483175604662 0.05 0.05
0 0.34936169164037845 0.04047384332281846 0.05 0.05
0 0.36618608701366967 0.039071810375044196 0.05 0.05
