0 0.20981930496828755 0.12049198379140229 0.05 0.05
0 0.27641549947145877 0.08666534531360087 0.05 0.05
0 0.2795867468287526 0.09512200493305123 0.05 0.05
0 0.2906861125792812 0.09089367512332605 0.05 0.05
0 0.33825482293868925 0.09089367512332605 0.05 0.05
0 0.3477685650105709 0.0824370155038757 0.05 0.05
0 0.36203917811839326 0.04861037702607452 0.05 0.05
0 0.3858235332980973 0.038039552501761636 0.05 0.05
0 0.32239858615221995 0.1500902924594783 0.05 0.05
0 0.2906861125792812 0.15431862226920348 0.05 0.05
0 0.24153177854122623 0.25579853770260735 0.05 0.05
0 0.31922733879492604 0.2135152396053557 0.05 0.05
0 0.35569668340380556 0.21774356941508088 0.05 0.05
0 0.4444916094080339 0.2135152396053557 0.05 0.05
0 0.466690340909091 0.1923735905567298 0.05 0.05
0 0.45717659883720935 0.2135152396053557 0.05 0.05
0 0.3081279730443975 0.38687676180408725 0.05 0.05
0 0.23518928382663845 0.4185892353770259 0.05 0.05
0 0.39058040433403807 0.48835667723749104 0.05 0.05
0 0.4000941464059197 0.5052699964763917 0.05 0.05
0 0.4540053514799155 0.5390966349541929 0.05 0.05
0 0.5253584170190275 0.5412107998590555 0.05 0.05
0 0.4508341041226216 0.6342340556730091 0.05 0.05
0 0.35411105972515855 0.8245088971106412 0.05 0.05
0 0.5428002774841438 0.46721502818886523 0.05 0.05
0 0.7505169793868923 0.568694943622269 0.05 0.05
0 0.8202844212473573 0.5496674594785059 0.05 0.05
0 0.951891186575053 0.579265768146582 0.05 0.05
0 0.6347664508456661 0.15854695207892863 0.05 0.05
0 0.7536882267441861 0.15431862226920348 0.05 0.05
0 0.7774725819238902 0.1839169309372796 0.05 0.05
0 0.8012569371035942 0.17968860112755441 0.05 0.05
0 0.35411105972515855 0.10146449964763894 0.05 0.05
0 0.36203917811839326 0.0824370155038757 0.05 0.05
