0 0.20445257867132866 0.20995775058275068 0.05 0.05
0 0.21494208916083918 0.20121649184149176 0.05 0.05
0 0.25558894230769236 0.12079691142191133 0.05 0.05
0 0.3106588723776224 0.08058712121212111 0.05 0.05
0 0.38539663461538465 0.09981789044289044 0.05 0.05
0 0.271323208041958 0.1994682400932401 0.05 0.05
0 0.2791903409090909 0.24841928904428912 0.05 0.05
0 0.3106588723776224 0.23618152680652676 0.05 0.05
0 0.44702250874125876 0.20995775058275054 0.05 0.05
0 0.3945749562937063 0.5106570512820513 0.05 0.05
0 0.4063756555944056 0.5298878205128206 0.05 0.05
0 0.5624071241258741 0.526391317016317 0.05 0.05
0 0.5768302010489511 0.5001675407925408 0.05 0.05
0 0.5532288024475525 0.4791885198135198 0.05 0.05
0 0.702704326923077 0.12604166666666666 0.05 0.05
0 0.7223721590909091 0.12604166666666666 0.05 0.05
0 0.7735085227272729 0.12079691142191133 0.05 0.05
0 0.6909036276223777 0.2676500582750582 0.05 0.05
0 0.7499071241258741 0.5508668414918415 0.05 0.05
0 0.9675644667832168 0.7344332750582752 0.05 0.05
0 0.9242952360139862 0.7728948135198136 0.05 0.05
0 0.9308511800699302 0.8830346736596738 0.05 0.05
0 0.8652917395104897 0.9284892191142192 0.05 0.05
0 0.6830364947552449 0.9774402680652681 0.05 0.05
0 0.542739291958042 0.8445731351981353 0.05 0.05
0 0.5388057255244756 0.7117060023310023 0.05 0.05
0 0.5479840472027973 0.6907269813519814 0.05 0.05
0 0.5125819493006993 0.6662514568764569 0.05 0.05
0 0.47586866258741256 0.7204472610722611 0.05 0.05
0 0.4207987325174825 0.8096081002331004 0.05 0.05
0 0.3237707604895105 0.7606570512820513 0.05 0.05
