0 0.2664514525072324 0.783908911925426 0.05 0.05
0 0.2944167369816779 0.7556221873995501 0.05 0.05
0 0.3657764283992285 0.7903377129540341 0.05 0.05
0 0.05237237825458052 0.6360464882674381 0.05 0.05
0 0.006085010848601735 0.6450468097074896 0.05 0.05
0 0.15941191538090643 0.3518934828029573 0.05 0.05
0 0.1950917610896818 0.36603684506589523 0.05 0.05
0 0.22980728664416583 0.34417892156862756 0.05 0.05
0 0.28573785559305687 0.2606045081967213 0.05 0.05
0 0.32527498191899706 0.24774690613950506 0.05 0.05
0 0.4506366019768563 0.20274529893924792 0.05 0.05
0 0.5952846251205399 0.1513148907103826 0.05 0.05
0 0.6261428700578592 0.1513148907103826 0.05 0.05
0 0.7640406521215043 0.18603041626486672 0.05 0.05
0 0.8006848179845708 0.1924592172934748 0.05 0.05
0 0.8218998613789777 0.19760225811636142 0.05 0.05
0 0.8971168334136934 0.4084669318547091 0.05 0.05
0 0.9164032364995178 0.4071811716489876 0.05 0.05
0 0.5904630243490839 0.5241853503696561 0.05 0.05
0 0.54803293756027 0.47789798296367736 0.05 0.05
0 0.50078125 0.5331856718097076 0.05 0.05
0 0.4014562741080038 0.5331856718097076 0.05 0.05
0 0.39952763379942136 0.5074704676952748 0.05 0.05
0 0.4487079616682738 0.6360464882674381 0.05 0.05
0 0.20955656340405016 0.08059807939569268 0.05 0.05
0 0.17773399831243972 0.08059807939569268 0.05 0.05
0 0.4371361198167792 0.591044881067181 0.05 0.05
0 0.26355849204435866 0.08574112021857931 0.05 0.05
0 0.28766649590163934 0.10631328351012546 0.05 0.05
0 0.2847735354387657 0.09088416104146582 0.05 0.05
0 0.3108101796046287 0.08831264063002256 0.05 0.05
0 0.3127388199132112 0.11402784474445522 0.05 0.05
0 0.33588250361620064 0.10374176309868209 0.05 0.05
0 0.34166842454194796 0.10245600289296052 0.05 0.05
