0 0.2518079440451746 0.7857781485284053 0.05 0.05
0 0.5136149255646818 0.6584680869267625 0.05 0.05
0 0.544415746919918 0.6516234599589323 0.05 0.05
0 0.5320954183778235 0.6091867727583847 0.05 0.05
0 0.5105348434291581 0.5393715776865161 0.05 0.05
0 0.45817344712525676 0.5202066221765914 0.05 0.05
0 0.5320954183778235 0.4668185318275154 0.05 0.05
0 0.03928227669404518 0.5722257871321014 0.05 0.05
0 0.10601738963039016 0.45997390485968526 0.05 0.05
0 0.05468268737166325 0.43396432238193017 0.05 0.05
0 0.264128272587269 0.4640806810403833 0.05 0.05
0 0.5741898742299796 0.9308842402464067 0.05 0.05
0 0.615257636036961 0.9103503593429159 0.05 0.05
0 0.2785019892197126 0.3080231861738535 0.05 0.05
0 0.19020630133470232 0.23957691649555102 0.05 0.05
0 0.1850728311088296 0.31623673853524986 0.05 0.05
0 0.24564777977412736 0.24915939425051334 0.05 0.05
0 0.28876892967145795 0.2368390657084189 0.05 0.05
0 0.3195697510266941 0.24642154346338122 0.05 0.05
0 0.355504042607803 0.25874187200547566 0.05 0.05
0 0.355504042607803 0.23957691649555102 0.05 0.05
0 0.3996518865503081 0.28885823066392885 0.05 0.05
0 0.4407196483572896 0.21630518480492805 0.05 0.05
0 0.453039976899384 0.19850915468856947 0.05 0.05
0 0.29595578798767974 0.08899512320328545 0.05 0.05
0 0.28055537731006164 0.09447082477754959 0.05 0.05
0 0.6357915169404518 0.2258876625598905 0.05 0.05
0 0.6542720097535935 0.20946055783709785 0.05 0.05
0 0.6460584573921972 0.16976172142368237 0.05 0.05
0 0.6193644122176593 0.17386849760438056 0.05 0.05
0 0.5474958290554415 0.18892667693360715 0.05 0.05
0 0.7004732417864477 0.18481990075290894 0.05 0.05
0 0.7497545559548255 0.19166452772073914 0.05 0.05
0 0.7076601001026696 0.268324349760438 0.05 0.05
0 0.7631015785420946 0.268324349760438 0.05 0.05
0 0.8226498331622178 0.27380005133470225 0.05 0.05
0 0.8401036319301849 0.38878978439425055 0.05 0.05
0 0.6963664656057496 0.40247903832991105 0.05 0.05
0 0.65119192761807 0.3942654859685147 0.05 0.05
0 0.36474428901437383 0.10268437713894585 0.05 0.05
0 0.6645389502053389 0.1971402292950034 0.05 0.05
