0 0.33994974015317286 0.041523067104303264 0.05 0.05
0 0.37277249726477024 0.041523067104303264 0.05 0.05
0 0.38754273796498906 0.041523067104303264 0.05 0.05
0 0.44334142505470464 0.19907230123997063 0.05 0.05
0 0.4597528036105033 0.21438958789204948 0.05 0.05
0 0.31697381017505466 0.19031956601021136 0.05 0.05
0 0.33994974015317286 0.18375501458789192 0.05 0.05
0 0.32517949945295405 0.2559650802334061 0.05 0.05
0 0.3284617751641138 0.28222328592268403 0.05 0.05
0 0.2562517095185996 0.33911606491611945 0.05 0.05
0 0.18240050601750543 0.33911606491611945 0.05 0.05
0 0.5418096963894967 0.21220140408460963 0.05 0.05
0 0.7551576176148797 0.11592131655725725 0.05 0.05
0 0.7567987554704596 0.31066967541940177 0.05 0.05
0 0.6977177926695843 0.3172342268417212 0.05 0.05
0 0.5483742478118162 0.4747834609773887 0.05 0.05
0 0.5713501777899344 0.4901007476294675 0.05 0.05
0 0.5582210749452955 0.5251116885485048 0.05 0.05
0 0.513910352844639 0.5404289752005835 0.05 0.05
0 0.39903070295404813 0.5076062180889861 0.05 0.05
0 0.413800943654267 0.5251116885485048 0.05 0.05
0 0.21194098741794307 0.6498381655725747 0.05 0.05
0 0.2808687773522976 0.7876937454412837 0.05 0.05
0 0.34159087800875276 0.785505561633844 0.05 0.05
0 0.4088775300875274 0.7898819292487236 0.05 0.05
0 0.400671840809628 0.7680000911743253 0.05 0.05
0 0.49257556072210074 0.732989150255288 0.05 0.05
0 0.7124880333698032 0.5010416666666666 0.05 0.05
0 0.8257265454048142 0.48791256382202763 0.05 0.05
0 0.8749606810722103 0.46384254194018953 0.05 0.05
0 0.8618315782275714 0.8314574215900803 0.05 0.05
0 0.7584398933260394 0.7483064369073669 0.05 0.05
