0 0.06780150072324012 0.7556221873995501 0.05 0.05
0 0.16326919599807138 0.7209066618450659 0.05 0.05
0 0.2886308160559306 0.7761943506910961 0.05 0.05
0 0.27995193466730955 0.7517649067823852 0.05 0.05
0 0.32816794238187075 0.8507684426229508 0.05 0.05
0 0.35516890670202506 0.7877661925425908 0.05 0.05
0 0.4911380484570877 0.8430538813886211 0.05 0.05
0 0.4458150012054002 0.6309034474445517 0.05 0.05
0 0.4400290802796528 0.5833303198328512 0.05 0.05
0 0.40627787487945993 0.5228995901639345 0.05 0.05
0 0.3908487524108003 0.4984701462552234 0.05 0.05
0 0.5056028507714562 0.5331856718097076 0.05 0.05
0 0.5422470166345226 0.4714691819350692 0.05 0.05
0 0.8392576241562197 0.430324855351977 0.05 0.05
0 0.8826520310993249 0.4187530135004823 0.05 0.05
0 0.7052171227097397 0.1384572886531662 0.05 0.05
0 0.7389683281099325 0.1384572886531662 0.05 0.05
0 0.6319287909836065 0.18345889585342334 0.05 0.05
0 0.612642387897782 0.17060129379620706 0.05 0.05
0 0.5885343840405015 0.19503073770491805 0.05 0.05
0 0.31852474083895854 0.22460322243651565 0.05 0.05
0 0.28091625482160076 0.21946018161362915 0.05 0.05
0 0.23752184787849567 0.2593187479909998 0.05 0.05
0 0.2143781641755063 0.2528899469623916 0.05 0.05
0 0.204734962632594 0.17317281420765032 0.05 0.05
0 0.23270024710703954 0.12045664577306331 0.05 0.05
0 0.3108101796046287 0.09088416104146582 0.05 0.05
0 0.3127388199132112 0.1333142478302797 0.05 0.05
0 0.39374171287367404 0.18603041626486672 0.05 0.05
0 0.44388636089681777 0.20917409996785613 0.05 0.05
0 0.552854538331726 0.2104598601735777 0.05 0.05
0 0.3368468237704918 0.09602720186435233 0.05 0.05
0 0.3532402663934426 0.31460643683702993 0.05 0.05
0 0.26355849204435866 0.33646436033429766 0.05 0.05
