0 0.3104092587527352 0.08528674325309993 0.05 0.05
0 0.19717074671772425 0.11373313274981751 0.05 0.05
0 0.2644573987964989 0.1443677060539751 0.05 0.05
0 0.2890744666301969 0.13780315463165552 0.05 0.05
0 0.2644573987964989 0.19688411743253093 0.05 0.05
0 0.2578928473741794 0.24502416119620693 0.05 0.05
0 0.2234289524070022 0.2384596097738875 0.05 0.05
0 0.44334142505470464 0.21220140408460963 0.05 0.05
0 0.45154711433260397 0.20344866885485036 0.05 0.05
0 0.5483742478118162 0.21220140408460963 0.05 0.05
0 0.5040635257111598 0.5382407913931435 0.05 0.05
0 0.5549387992341358 0.46821890955506923 0.05 0.05
0 0.5811970049234136 0.48353619620714805 0.05 0.05
0 0.5615033506564553 0.5163589533187455 0.05 0.05
0 0.40231297866520793 0.5097944018964259 0.05 0.05
0 0.413800943654267 0.5272998723559444 0.05 0.05
0 0.2660985366520788 0.45071343909555056 0.05 0.05
0 0.11347271608315095 0.7876937454412837 0.05 0.05
0 0.23327577954048145 0.6432736141502552 0.05 0.05
0 0.2792276394967178 0.785505561633844 0.05 0.05
0 0.3350263265864333 0.7876937454412837 0.05 0.05
0 0.39903070295404813 0.7548709883296865 0.05 0.05
0 0.42364777078774624 0.8008228482859228 0.05 0.05
0 0.4843698714442014 0.7548709883296865 0.05 0.05
0 0.5680679020787747 0.9255493253099928 0.05 0.05
0 0.6271488648796499 0.9802539204959884 0.05 0.05
0 0.7469519283369803 0.5032298504741065 0.05 0.05
0 0.8273676832603941 0.5076062180889861 0.05 0.05
0 0.8273676832603941 0.38069155725747617 0.05 0.05
0 0.889730921772429 0.3763151896425966 0.05 0.05
