0 0.08858356335436385 0.8031797669120225 0.05 0.05
0 0.26629123948475286 0.76953097616544 0.05 0.05
0 0.3051976537854889 0.7779431738520857 0.05 0.05
0 0.37249523527865397 0.8059838328075711 0.05 0.05
0 0.3914226800736066 0.7583147125832459 0.05 0.05
0 0.4040409766035751 0.5213711444093938 0.05 0.05
0 0.3945772542060987 0.5003406501927797 0.05 0.05
0 0.41665927313354356 0.4765060900806172 0.05 0.05
0 0.5060388735541533 0.5325874079915881 0.05 0.05
0 0.5533574855415351 0.5227731773571681 0.05 0.05
0 0.5649242573606728 0.5003406501927797 0.05 0.05
0 0.5375846148790745 0.4751040571328429 0.05 0.05
0 0.6322218388538379 0.3054580704521559 0.05 0.05
0 0.6721797778654046 0.3012519716088331 0.05 0.05
0 0.7605078535751837 0.3363027953031898 0.05 0.05
0 0.8067749408517347 0.3363027953031898 0.05 0.05
0 0.8782786211882225 0.3278905976165442 0.05 0.05
0 0.7363227852260775 0.1400181826147918 0.05 0.05
0 0.7647139524185065 0.11758565545040346 0.05 0.05
0 0.7657654771293372 0.09795719418156364 0.05 0.05
0 0.22212720162986327 0.27180927970557345 0.05 0.05
0 0.19794213328075708 0.16665680862250293 0.05 0.05
0 0.20109670741324917 0.11337955660708067 0.05 0.05
0 0.20214823212407987 0.07272060112162677 0.05 0.05
0 0.2810125854363827 0.09234906239046646 0.05 0.05
0 0.3146613761829652 0.09655516123378938 0.05 0.05
0 0.3293827221345951 0.09795719418156364 0.05 0.05
0 0.36618608701366967 0.08674093059936941 0.05 0.05
0 0.5554605349631965 0.20731576410795682 0.05 0.05
0 0.3945772542060987 0.1680588415702772 0.05 0.05
