0 0.27197880244755235 0.09457313519813522 0.05 0.05
0 0.27984593531468527 0.09457313519813511 0.05 0.05
0 0.310003277972028 0.09457313519813511 0.05 0.05
0 0.3467165646853147 0.08932837995337989 0.05 0.05
0 0.35196131993006996 0.08583187645687644 0.05 0.05
0 0.23526551573426574 0.15401369463869466 0.05 0.05
0 0.3427829982517483 0.14876893939393934 0.05 0.05
0 0.4384997814685315 0.20296474358974356 0.05 0.05
0 0.45030048076923085 0.21170600233100234 0.05 0.05
0 0.2982025786713287 0.29212558275058265 0.05 0.05
0 0.34016062062937064 0.276391317016317 0.05 0.05
0 0.5696186625874127 0.2064612470862471 0.05 0.05
0 0.19724104020979022 0.37778991841491844 0.05 0.05
0 0.1343039772727273 0.45121649184149176 0.05 0.05
0 0.014985795454545436 0.5298878205128206 0.05 0.05
0 0.35589488636363636 0.9057619463869464 0.05 0.05
0 0.34409418706293715 0.8061115967365968 0.05 0.05
0 0.45423404720279714 0.8375801282051282 0.05 0.05
0 0.3532725087412588 0.5106570512820513 0.05 0.05
0 0.358517263986014 0.5351325757575758 0.05 0.05
0 0.455545236013986 0.5368808275058276 0.05 0.05
0 0.5276606206293707 0.5368808275058276 0.05 0.05
0 0.5709298513986015 0.5228948135198136 0.05 0.05
0 0.6037095716783216 0.5089087995337995 0.05 0.05
0 0.5525732080419582 0.4686990093240093 0.05 0.05
0 0.67189138986014 0.7344332750582752 0.05 0.05
0 0.80432145979021 0.7291885198135198 0.05 0.05
0 0.8462795017482518 0.4896780303030303 0.05 0.05
0 0.9092165646853149 0.5071605477855478 0.05 0.05
0 0.8725032779720282 0.3445731351981352 0.05 0.05
0 0.7335172639860141 0.353314393939394 0.05 0.05
0 0.7033599213286715 0.353314393939394 0.05 0.05
0 0.6587795017482518 0.3585591491841491 0.05 0.05
