0 0.13241095106075215 0.7299069832851174 0.05 0.05
0 0.19123448047251684 0.6643332127933141 0.05 0.05
0 0.1700194370781099 0.531899911603986 0.05 0.05
0 0.2548796106557377 0.7594794680167148 0.05 0.05
0 0.5123530918514947 0.5769015188042431 0.05 0.05
0 0.5056028507714562 0.5344714320154292 0.05 0.05
0 0.4101351554966248 0.5241853503696561 0.05 0.05
0 0.3985633136451302 0.4997559064609451 0.05 0.05
0 0.4207426771938283 0.47918374316939893 0.05 0.05
0 0.5403183763259402 0.4663261411121827 0.05 0.05
0 0.6444649529893924 0.6116170443587271 0.05 0.05
0 0.870115869093539 0.5447575136612023 0.05 0.05
0 0.9250821178881388 0.5241853503696561 0.05 0.05
0 0.35999050747348116 0.3596080440372871 0.05 0.05
0 0.3088815392960463 0.35575076342012224 0.05 0.05
0 0.32141770130183217 0.20660257955641276 0.05 0.05
0 0.36384778809064605 0.21817442140790747 0.05 0.05
0 0.4458150012054002 0.20917409996785613 0.05 0.05
0 0.3088815392960463 0.09859872227579558 0.05 0.05
0 0.346490025313404 0.10117024268723883 0.05 0.05
0 0.28766649590163934 0.09345568145290907 0.05 0.05
0 0.36191914778206363 0.03816799260687891 0.05 0.05
0 0.22402136571841852 0.06388319672131146 0.05 0.05
0 0.18351991923818708 0.0625974365155899 0.05 0.05
0 0.3349181834619094 0.036882232401157226 0.05 0.05
