0 0.17688489683301345 0.362206094049904 0.05 0.05
0 0.1884012116122841 0.19202055342290456 0.05 0.05
0 0.2267889275431862 0.1792246481126039 0.05 0.05
0 0.23638585652591174 0.2521613083813179 0.05 0.05
0 0.1960787547984645 0.1689879238643634 0.05 0.05
0 0.19415936900191944 0.1280410268714011 0.05 0.05
0 0.22582923464491364 0.1369981605886116 0.05 0.05
0 0.2536603286948177 0.14467570377479197 0.05 0.05
0 0.2152726127639156 0.0806961772232885 0.05 0.05
0 0.1884012116122841 0.07301863403710804 0.05 0.05
0 0.2670960292706334 0.09733085412667937 0.05 0.05
0 0.29588681621881 0.09349208253358915 0.05 0.05
0 0.3102822096928983 0.0755778150991682 0.05 0.05
0 0.32659698896353173 0.08453494881637873 0.05 0.05
0 0.34291176823416514 0.09093290147152899 0.05 0.05
0 0.36402501199616133 0.0858145393474088 0.05 0.05
0 0.693199676103647 0.11524512156110044 0.05 0.05
0 0.7354261636276392 0.10500839731285984 0.05 0.05
0 0.6010691578694819 0.29054902431222007 0.05 0.05
0 0.6375374880038389 0.28031230006397956 0.05 0.05
0 0.7162323056621882 0.4492182501599488 0.05 0.05
0 0.7824511156429943 0.42106725847728727 0.05 0.05
0 0.8141209812859884 0.4824876039667307 0.05 0.05
0 0.8304357605566219 0.42874480166346773 0.05 0.05
0 0.5482860484644914 0.4760896513115803 0.05 0.05
0 0.5713186780230327 0.4965630998080614 0.05 0.05
0 0.5473263555662189 0.5234345009596929 0.05 0.05
0 0.49646263195777357 0.5336712252079335 0.05 0.05
0 0.403372420825336 0.5208753198976327 0.05 0.05
0 0.3976142634357006 0.505520233525272 0.05 0.05
0 0.4187275071976968 0.48376719449776073 0.05 0.05
0 0.32851637476007683 0.35836732245681374 0.05 0.05
0 0.31604036708253364 0.23808581253998717 0.05 0.05
0 0.33715361084452977 0.21249400191938578 0.05 0.05
0 0.36210562619961617 0.22528990722968653 0.05 0.05
0 0.44751829414587335 0.2112144113883557 0.05 0.05
0 0.41104996401151633 0.834375 0.05 0.05
0 0.5118177183301345 0.8727627159309022 0.05 0.05
0 0.6202630158349329 0.8318158189379399 0.05 0.05
