0 0.2748298757928118 0.09089367512332618 0.05 0.05
0 0.29227173625792807 0.09089367512332605 0.05 0.05
0 0.2843436178646934 0.09512200493305123 0.05 0.05
0 0.33666919926004224 0.08877951021846352 0.05 0.05
0 0.35569668340380556 0.08455118040873835 0.05 0.05
0 0.42229287790697684 0.1860310958421421 0.05 0.05
0 0.4365634910147992 0.20928690979563053 0.05 0.05
0 0.46034784619450325 0.1923735905567298 0.05 0.05
0 0.2256755417547569 0.30865266032417177 0.05 0.05
0 0.2605592626849894 0.287511011275546 0.05 0.05
0 0.5523140195560254 0.46932919309372784 0.05 0.05
0 0.18762057346723043 0.6152065715292458 0.05 0.05
0 0.22408991807610992 0.6490332100070472 0.05 0.05
0 0.18603494978858348 0.7505131254404509 0.05 0.05
0 0.2669017573995772 0.7526272903453134 0.05 0.05
0 0.5760983747357294 0.59406492248062 0.05 0.05
0 0.6585508060253701 0.5433249647639181 0.05 0.05
0 0.7362463662790699 0.6532615398167722 0.05 0.05
0 0.8012569371035942 0.6363482205778717 0.05 0.05
0 0.6712357954545455 0.7927964235377025 0.05 0.05
