0 0.33666919926004224 0.09089367512332618 0.05 0.05
0 0.34142607029598315 0.08032285059901317 0.05 0.05
0 0.27007300475687107 0.09512200493305123 0.05 0.05
0 0.2780011231501057 0.09300784002818858 0.05 0.05
0 0.29227173625792807 0.09300784002818858 0.05 0.05
0 0.23043241279069768 0.11414948907681446 0.05 0.05
0 0.25263114429175476 0.11414948907681446 0.05 0.05
0 0.2098193049682875 0.2579127026074699 0.05 0.05
0 0.21140492864693447 0.3107668252290343 0.05 0.05
0 0.2811723705073996 0.2642551973220576 0.05 0.05
0 0.3477685650105709 0.167003611698379 0.05 0.05
0 0.35252543604651165 0.22620022903453124 0.05 0.05
0 0.3874091569767442 0.2135152396053557 0.05 0.05
0 0.44290598572938694 0.20294441508104283 0.05 0.05
0 0.4540053514799155 0.19660192036645513 0.05 0.05
0 0.6585508060253701 0.20505857998590535 0.05 0.05
0 0.6791639138477803 0.1923735905567298 0.05 0.05
0 0.5665846326638478 0.12683447850599 0.05 0.05
0 0.7616163451374207 0.2135152396053557 0.05 0.05
0 0.7758869582452432 0.17546027131782924 0.05 0.05
0 0.8948087341437633 0.27905435165609566 0.05 0.05
0 0.8979799815010573 0.5179549859055671 0.05 0.05
0 0.828212539640592 0.5200691508104298 0.05 0.05
0 0.7314894952431291 0.49047084214235365 0.05 0.05
0 0.5396290301268499 0.47355752290345293 0.05 0.05
0 0.5174302986257928 0.5454391296687807 0.05 0.05
0 0.4698615882663848 0.5348683051444678 0.05 0.05
0 0.38899478065539117 0.48412834742776584 0.05 0.05
0 0.3985085227272728 0.513726656095842 0.05 0.05
0 0.019544463530655354 0.6067499119097955 0.05 0.05
0 0.16542184196617332 0.7166864869626496 0.05 0.05
0 0.21299055232558137 0.7251431465821 0.05 0.05
0 0.47937533033826646 0.6786315186751233 0.05 0.05
0 0.780643829281184 0.8562213706835798 0.05 0.05
