0 0.06755306913774976 0.517165045566071 0.05 0.05
0 0.12118082939011568 0.5227731773571681 0.05 0.05
0 0.2273848251840168 0.5129589467227482 0.05 0.05
0 0.23264244873817028 0.7050374605678235 0.05 0.05
0 0.14536589773922187 0.9265586663161585 0.05 0.05
0 0.14115979889589905 0.9489911934805468 0.05 0.05
0 0.33674339511041 0.7821492726954085 0.05 0.05
0 0.3903711553627759 0.8172000963897653 0.05 0.05
0 0.4366382426393269 0.7709330091132143 0.05 0.05
0 0.4050925013144058 0.5213711444093938 0.05 0.05
0 0.3914226800736066 0.5031447160883283 0.05 0.05
0 0.5081419229758148 0.5325874079915881 0.05 0.05
0 0.5554605349631965 0.517165045566071 0.05 0.05
0 0.5628212079390114 0.496134551349457 0.05 0.05
0 0.5459968125657201 0.48491828776726276 0.05 0.05
0 0.5954184739747632 0.6727907027690153 0.05 0.05
0 0.6753343519978967 0.6769968016123381 0.05 0.05
0 0.7373743099369083 0.6826049334034352 0.05 0.05
0 0.7878474960567821 0.7064394935155978 0.05 0.05
0 0.8362176327549943 0.6938211969856294 0.05 0.05
0 0.8509389787066244 0.3727556519453209 0.05 0.05
0 0.8730209976340693 0.3503231247809327 0.05 0.05
0 0.6395825118296528 0.29143774097441316 0.05 0.05
0 0.5880578009989483 0.23535642306344234 0.05 0.05
0 0.6711282531545739 0.08533889765159515 0.05 0.05
0 0.27680648659305984 0.23395439011566807 0.05 0.05
0 0.24946684411146158 0.22554219242902238 0.05 0.05
0 0.2841671595688748 0.19189340168243993 0.05 0.05
0 0.32307357386961083 0.1806771381002457 0.05 0.05
0 0.3377949198212407 0.10216329302488643 0.05 0.05
0 0.34620711750788635 0.09515312828601499 0.05 0.05
0 0.3703921858569926 0.14422428145811458 0.05 0.05
0 0.3998348777602523 0.14702834735366313 0.05 0.05
0 0.45872026156677165 0.19890356642131124 0.05 0.05
0 0.2810125854363827 0.09795719418156364 0.05 0.05
0 0.28732173370136693 0.09795719418156364 0.05 0.05
0 0.2810125854363827 0.11758565545040346 0.05 0.05
0 0.23159092402733958 0.07692669996494957 0.05 0.05
0 0.22423025105152466 0.1077714248159835 0.05 0.05
0 0.2852186842797055 0.06571043638275534 0.05 0.05
