0 0.2780011231501057 0.09512200493305135 0.05 0.05
0 0.2875148652219873 0.09089367512332605 0.05 0.05
0 0.30019985465116283 0.08877951021846352 0.05 0.05
0 0.21616179968287524 0.13106280831571507 0.05 0.05
0 0.33984044661733626 0.09300784002818858 0.05 0.05
0 0.34301169397463005 0.07398035588442546 0.05 0.05
0 0.3810666622621565 0.1395194679351654 0.05 0.05
0 0.44290598572938694 0.207172744890768 0.05 0.05
0 0.4540053514799155 0.207172744890768 0.05 0.05
0 0.4635190935517971 0.1923735905567298 0.05 0.05
0 0.2780011231501057 0.3382509689922479 0.05 0.05
0 0.1717643366807611 0.3234518146582098 0.05 0.05
0 0.0718700449260042 0.59406492248062 0.05 0.05
0 0.4444916094080339 0.6426907152924594 0.05 0.05
0 0.4096078884778013 0.7610839499647638 0.05 0.05
0 0.6870920322410149 0.9872995947850599 0.05 0.05
0 0.831383786997886 0.9555871212121211 0.05 0.05
0 0.6712357954545455 0.3974475863284001 0.05 0.05
0 0.5507283958773785 0.46721502818886523 0.05 0.05
