0 0.2732442521141649 0.09089367512332618 0.05 0.05
0 0.2827579941860465 0.09723616983791387 0.05 0.05
0 0.2906861125792812 0.09512200493305123 0.05 0.05
0 0.33825482293868925 0.09089367512332605 0.05 0.05
0 0.347837563993174 0.08209968714448218 0.05 0.05
0 0.3509398123678647 0.13106280831571507 0.05 0.05
0 0.37948103858350957 0.12894864341085252 0.05 0.05
0 0.33349795190274845 0.17123194150810406 0.05 0.05
0 0.30495672568710364 0.167003611698379 0.05 0.05
0 0.25738801532769556 0.167003611698379 0.05 0.05
0 0.21933304704016915 0.16911777660324154 0.05 0.05
0 0.39533727536997887 0.23254272374911883 0.05 0.05
0 0.4444916094080339 0.20294441508104283 0.05 0.05
0 0.45717659883720935 0.1902594256518673 0.05 0.05
0 0.45717659883720935 0.20505857998590535 0.05 0.05
0 0.18920619714587736 0.38053426708949945 0.05 0.05
0 0.23836053118393236 0.38053426708949945 0.05 0.05
0 0.32398420983086684 0.35727845313601114 0.05 0.05
0 0.5158446749471459 0.3445934637068357 0.05 0.05
0 0.39375165169133197 0.48412834742776584 0.05 0.05
0 0.39375165169133197 0.5052699964763917 0.05 0.05
0 0.45717659883720935 0.5390966349541929 0.05 0.05
0 0.5285296643763214 0.5454391296687807 0.05 0.05
0 0.5491427721987316 0.4587583685694149 0.05 0.05
0 0.23360366014799155 0.49681333685694135 0.05 0.05
0 0.029058205602536958 0.6109782417195206 0.05 0.05
0 0.19871993921775896 0.8139380725863283 0.05 0.05
0 0.6252527087737845 0.5898365926708949 0.05 0.05
0 0.7061195163847781 0.6384623854827342 0.05 0.05
0 0.7521026030655392 0.6405765503875968 0.05 0.05
0 0.8171131738900635 0.5877224277660322 0.05 0.05
0 0.8868806157505287 0.5242974806201548 0.05 0.05
0 0.8979799815010573 0.3255659795630725 0.05 0.05
0 0.7441744846723045 0.15431862226920348 0.05 0.05
0 0.7473457320295983 0.11837781888653964 0.05 0.05
0 0.6918489032769557 0.13106280831571507 0.05 0.05
0 0.709290763742072 0.16066111698379118 0.05 0.05
0 0.7251470005285413 0.15854695207892863 0.05 0.05
0 0.36045355443974636 0.09512200493305123 0.05 0.05
0 0.3652104254756871 0.08877951021846352 0.05 0.05
0 0.4111935121564483 0.07186619097956282 0.05 0.05
