0 0.022337506572029497 0.6054931212758502 0.05 0.05
0 0.05914087145110414 0.5073508149316511 0.05 0.05
0 0.22423025105152466 0.7106455923589206 0.05 0.05
0 0.3335888209779179 0.76953097616544 0.05 0.05
0 0.3872165812302838 0.8172000963897653 0.05 0.05
0 0.4324321437960041 0.7765411409043115 0.05 0.05
0 0.40824707544689787 0.5213711444093938 0.05 0.05
0 0.3977318283385908 0.5003406501927797 0.05 0.05
0 0.3682891364353312 0.41621867332632334 0.05 0.05
0 0.3167644256046266 0.4176207062740977 0.05 0.05
0 0.3346403456887486 0.3292926305643185 0.05 0.05
0 0.3703921858569926 0.33490076235541555 0.05 0.05
0 0.37775285883280746 0.19750153347353697 0.05 0.05
0 0.3346403456887486 0.19890356642131124 0.05 0.05
0 0.279961060725552 0.2241401594812481 0.05 0.05
0 0.21056042981072554 0.22834625832457103 0.05 0.05
0 0.35251626577287054 0.1400181826147918 0.05 0.05
0 0.3283311974237644 0.13020395198037182 0.05 0.05
0 0.23684854758149312 0.07272060112162677 0.05 0.05
0 0.21056042981072554 0.06430840343498107 0.05 0.05
0 0.18427231203995792 0.06571043638275534 0.05 0.05
0 0.27049733832807565 0.11337955660708067 0.05 0.05
0 0.2820641101472134 0.09935922712933791 0.05 0.05
0 0.290476307833859 0.09655516123378938 0.05 0.05
0 0.6574584319137747 0.22834625832457103 0.05 0.05
0 0.6763858767087274 0.25919098317560496 0.05 0.05
0 0.6311703141430072 0.3363027953031898 0.05 0.05
0 0.6658706296004204 0.3615393883631268 0.05 0.05
0 0.6869011238170344 0.33490076235541555 0.05 0.05
0 0.7016224697686643 0.38537394847528944 0.05 0.05
0 0.5470483372765508 0.4779081230283914 0.05 0.05
0 0.5733364550473184 0.4989386172450055 0.05 0.05
0 0.5480998619873815 0.5241752103049424 0.05 0.05
0 0.5060388735541533 0.5297833420960394 0.05 0.05
0 0.7321166863827547 0.7779431738520857 0.05 0.05
0 0.7973112184542583 0.6629764721345953 0.05 0.05
0 0.8688148987907465 0.24236658780231365 0.05 0.05
0 0.8561966022607777 0.23395439011566807 0.05 0.05
0 0.7825898725026286 0.23675845601121662 0.05 0.05
0 0.7373743099369083 0.22554219242902238 0.05 0.05
0 0.7258075381177705 0.2003055993690855 0.05 0.05
0 0.7510441311777074 0.19329543463021417 0.05 0.05
0 0.7794352983701365 0.15544054504030883 0.05 0.05
0 0.8109810396950575 0.18207917104801996 0.05 0.05
