0 0.24736379468980013 0.21152186295127962 0.05 0.05
0 0.2831156348580441 0.21011983000350534 0.05 0.05
0 0.28837325841219763 0.17086290746582572 0.05 0.05
0 0.27470343717139845 0.10917345776375775 0.05 0.05
0 0.29678545609884327 0.15123444619698603 0.05 0.05
0 0.33253729626708717 0.14983241324921165 0.05 0.05
0 0.3556708399053627 0.1680588415702772 0.05 0.05
0 0.4040409766035751 0.14562631440588886 0.05 0.05
0 0.37144371056782327 0.15123444619698603 0.05 0.05
0 0.2831156348580441 0.29003570802663886 0.05 0.05
0 0.3251766232912722 0.29143774097441316 0.05 0.05
0 0.45241111330178746 0.20310966526463403 0.05 0.05
0 0.56071815851735 0.17647103925692278 0.05 0.05
0 0.8330630586225023 0.17927510515247141 0.05 0.05
0 0.5449452878548894 0.4624857606028744 0.05 0.05
0 0.5628212079390114 0.5045467490361025 0.05 0.05
0 0.5480998619873815 0.5255772432527166 0.05 0.05
0 0.5018327747108305 0.5409996056782337 0.05 0.05
0 0.44399891561514176 0.5283813091482652 0.05 0.05
0 0.4019379271819137 0.5381955397826851 0.05 0.05
0 0.37354675998948467 0.517165045566071 0.05 0.05
0 0.3335888209779179 0.5353914738871366 0.05 0.05
0 0.3115068020504731 0.7625208114265687 0.05 0.05
0 0.45346263801261816 0.790561470382054 0.05 0.05
0 0.56071815851735 0.7751391079565372 0.05 0.05
0 0.3178159503154573 0.08674093059936941 0.05 0.05
0 0.33043424684542577 0.1035653259726607 0.05 0.05
0 0.2936308819663511 0.11337955660708067 0.05 0.05
