0 0.2683800928158148 0.7826231517197043 0.05 0.05
0 0.27127305327868856 0.7504791465766636 0.05 0.05
0 0.35516890670202506 0.7993380343940856 0.05 0.05
0 0.44774364151398266 0.6450468097074896 0.05 0.05
0 0.4053135547251688 0.528042630986821 0.05 0.05
0 0.39181307256509157 0.5036131870781101 0.05 0.05
0 0.3108101796046287 0.37889444712311166 0.05 0.05
0 0.27416601374156224 0.3673226052716169 0.05 0.05
0 0.5036742104628736 0.531899911603986 0.05 0.05
0 0.5875700638862102 0.5126135085181613 0.05 0.05
0 0.5441756569431051 0.46761190131790425 0.05 0.05
0 0.6222855894406943 0.2850339521054323 0.05 0.05
0 0.7023241622468659 0.2400323449051752 0.05 0.05
0 0.7273964862584378 0.31460643683702993 0.05 0.05
0 0.7775411342815814 0.3030345949855352 0.05 0.05
0 0.4554582027483124 0.20788833976213444 0.05 0.05
0 0.3966346733365477 0.19631649791063974 0.05 0.05
0 0.27609465405014466 0.13202848762455802 0.05 0.05
0 0.2365575277242044 0.11659936515589849 0.05 0.05
0 0.20377064247830284 0.12559968659594994 0.05 0.05
0 0.28380921528447445 0.09988448248151727 0.05 0.05
0 0.3069528989874638 0.09602720186435233 0.05 0.05
0 0.3407041043876567 0.09602720186435233 0.05 0.05
0 0.18544855954676953 0.03559647219543554 0.05 0.05
