0 0.33619391794625725 0.16642874280230327 0.05 0.05
0 0.2987658949136277 0.16642874280230327 0.05 0.05
0 0.36018624040307107 0.08197576775431857 0.05 0.05
0 0.3525086972168906 0.09093290147152899 0.05 0.05
0 0.33523422504798467 0.09349208253358915 0.05 0.05
0 0.3102822096928983 0.08965331094049904 0.05 0.05
0 0.2661363363723609 0.08197576775431857 0.05 0.05
0 0.24598278550863725 0.0806961772232885 0.05 0.05
0 0.24214401391554707 0.08965331094049904 0.05 0.05
0 0.22007107725527836 0.07301863403710804 0.05 0.05
0 0.19703844769673706 0.05254518554062694 0.05 0.05
0 0.1826430542226488 0.046147232885476556 0.05 0.05
0 0.2085547624760077 0.23040826935380684 0.05 0.05
0 0.23254708493282156 0.2828714811260397 0.05 0.05
0 0.2565394073896353 0.24448376519513743 0.05 0.05
0 0.31508067418426106 0.24064499360204733 0.05 0.05
0 0.368823476487524 0.2687959852847089 0.05 0.05
0 0.3717025551823417 0.2048164587332053 0.05 0.05
0 0.39953364923224577 0.1907409628918746 0.05 0.05
0 0.45039737284069103 0.2112144113883557 0.05 0.05
0 0.2642169505758158 0.3391734644913627 0.05 0.05
0 0.4158484285028791 0.4799284229046705 0.05 0.05
0 0.5031804822456815 0.5400691778630837 0.05 0.05
0 0.40625149952015366 0.524714091490723 0.05 0.05
0 0.439840750959693 0.5336712252079335 0.05 0.05
0 0.3976142634357006 0.505520233525272 0.05 0.05
0 0.5636411348368523 0.5208753198976327 0.05 0.05
0 0.5598023632437621 0.49400391874600125 0.05 0.05
0 0.5521248200575817 0.47736924184261037 0.05 0.05
0 0.7421440139155471 0.13060020793346125 0.05 0.05
0 0.7498215571017275 0.11396553103007037 0.05 0.05
0 0.7047159908829175 0.08709412987843888 0.05 0.05
0 0.32371791026871405 0.7575995681381957 0.05 0.05
