0 0.24946684411146158 0.08113279880827236 0.05 0.05
0 0.23474549815983173 0.08533889765159515 0.05 0.05
0 0.22317872634069397 0.07552466701717529 0.05 0.05
0 0.2810125854363827 0.07552466701717529 0.05 0.05
0 0.20004518270241847 0.1077714248159835 0.05 0.05
0 0.19058146030494214 0.08954499649491794 0.05 0.05
0 0.24000312171398522 0.20310966526463403 0.05 0.05
0 0.28732173370136693 0.1834812039957942 0.05 0.05
0 0.29678545609884327 0.12459582018927477 0.05 0.05
0 0.32097052444794943 0.12459582018927477 0.05 0.05
0 0.37564980941114606 0.14142021556256607 0.05 0.05
0 0.4692355086750787 0.19890356642131124 0.05 0.05
0 0.7142407662986328 0.1273998860848233 0.05 0.05
0 0.7247560134069398 0.16245070977918014 0.05 0.05
0 0.5544090102523658 0.18908933578689138 0.05 0.05
0 0.42822604495268124 0.5353914738871366 0.05 0.05
0 0.3966803036277601 0.5311853750438137 0.05 0.05
0 0.36618608701366967 0.5143609796705225 0.05 0.05
0 0.5133995465299683 0.5311853750438137 0.05 0.05
0 0.5544090102523658 0.5157630126182968 0.05 0.05
0 0.5617696832281807 0.49333048545390845 0.05 0.05
0 0.5512544361198736 0.4821142218717142 0.05 0.05
0 0.8309600092008409 0.702233394672275 0.05 0.05
0 0.42191689668769705 0.790561470382054 0.05 0.05
0 0.3567223646161934 0.8172000963897653 0.05 0.05
0 0.3178159503154573 0.7751391079565372 0.05 0.05
0 0.031801228969505824 0.9251566333683843 0.05 0.05
