0 0.048522523100616034 0.5790704140999313 0.05 0.05
0 0.007454761293634505 0.6242449520876113 0.05 0.05
0 0.017721701745379882 0.7871470739219714 0.05 0.05
0 0.10601738963039016 0.7898849247091034 0.05 0.05
0 0.29698248203285427 0.806312029431896 0.05 0.05
0 0.49924120893223833 0.6557302361396304 0.05 0.05
0 0.5259352541067763 0.6461477583846681 0.05 0.05
0 0.5269619481519509 0.6146624743326489 0.05 0.05
0 0.50642806724846 0.5448472792607804 0.05 0.05
0 0.45817344712525676 0.5243133983572896 0.05 0.05
0 0.7518079440451746 0.9500491957563314 0.05 0.05
0 0.6563253978439426 0.9829034052019165 0.05 0.05
0 0.8924650282340864 0.5804393394934977 0.05 0.05
0 0.8164896688911705 0.37510053045859 0.05 0.05
0 0.679939360882957 0.36278020191649557 0.05 0.05
0 0.6563253978439426 0.35593557494866535 0.05 0.05
0 0.6214178003080083 0.291596081451061 0.05 0.05
0 0.6162843300821356 0.23136336413415465 0.05 0.05
0 0.679939360882957 0.2642175735797399 0.05 0.05
0 0.6717258085215606 0.19987808008213553 0.05 0.05
0 0.7138202643737167 0.19850915468856947 0.05 0.05
0 0.7456477797741273 0.20535378165639978 0.05 0.05
0 0.7846621534907599 0.2080916324435319 0.05 0.05
0 0.8154629748459961 0.22041196098562638 0.05 0.05
0 0.3524239604722793 0.37236267967145786 0.05 0.05
0 0.3277833033880904 0.3436152464065709 0.05 0.05
0 0.28876892967145795 0.2929650068446269 0.05 0.05
0 0.14092498716632446 0.37373160506502406 0.05 0.05
0 0.195339771560575 0.3039164099931554 0.05 0.05
0 0.19944654774127316 0.2436836926762491 0.05 0.05
0 0.24770116786447643 0.19987808008213553 0.05 0.05
0 0.2713151309034908 0.18892667693360715 0.05 0.05
0 0.30930281057494874 0.18345097535934302 0.05 0.05
0 0.32675660934291584 0.20946055783709785 0.05 0.05
0 0.3811713937371664 0.23273228952772082 0.05 0.05
0 0.43866626026694056 0.21767411019849423 0.05 0.05
0 0.45714675308008224 0.2080916324435319 0.05 0.05
0 0.29390239989733064 0.09036404859685139 0.05 0.05
0 0.28363545944558527 0.09036404859685139 0.05 0.05
0 0.21074018223819305 0.07941264544832312 0.05 0.05
0 0.5516026052361397 0.19166452772073914 0.05 0.05
0 0.6789126668377825 0.2258876625598905 0.05 0.05
