0 0.19871993921775896 0.13740530303030288 0.05 0.05
0 0.19713431553911204 0.22831439393939376 0.05 0.05
0 0.2447030258985201 0.23465688865398146 0.05 0.05
0 0.27324425211416487 0.08455118040873835 0.05 0.05
0 0.2811723705073996 0.08666534531360087 0.05 0.05
0 0.2906861125792812 0.08877951021846352 0.05 0.05
0 0.3319123282241015 0.09300784002818858 0.05 0.05
0 0.35569668340380556 0.0824370155038757 0.05 0.05
0 0.32081296247357294 0.14374779774489058 0.05 0.05
0 0.30337110200845663 0.22197189922480595 0.05 0.05
0 0.4635190935517971 0.20083025017618017 0.05 0.05
0 0.3810666622621565 0.34036513389711043 0.05 0.05
0 0.31605609143763214 0.312880990133897 0.05 0.05
0 0.29227173625792807 0.3551642882311486 0.05 0.05
0 0.30178547832980973 0.367849277660324 0.05 0.05
0 0.1321237447145877 0.644804880197322 0.05 0.05
0 0.16859308932346723 0.6596040345313601 0.05 0.05
0 0.19237744450317124 0.7357139711064129 0.05 0.05
0 0.27641549947145877 0.7505131254404509 0.05 0.05
0 0.44132036205074004 0.5475532945736432 0.05 0.05
0 0.5523140195560254 0.47144335799859044 0.05 0.05
0 0.6506226876321354 0.8815913495419309 0.05 0.05
0 0.878952497357294 0.8456505461592669 0.05 0.05
0 0.7758869582452432 0.16911777660324154 0.05 0.05
0 0.7869863239957718 0.16488944679351636 0.05 0.05
