0 0.0254920807045216 0.717655757097792 0.05 0.05
0 0.07070764327024189 0.496134551349457 0.05 0.05
0 0.11697473054679286 0.5115569137749739 0.05 0.05
0 0.2578790417981072 0.7975716351209255 0.05 0.05
0 0.5743879797581491 0.7751391079565372 0.05 0.05
0 0.6574584319137747 0.7625208114265687 0.05 0.05
0 0.7563017547318609 0.8298183929197337 0.05 0.05
0 0.8719694729232383 0.8634671836663163 0.05 0.05
0 0.5102449723974762 0.5367935068349109 0.05 0.05
0 0.5533574855415351 0.5213711444093938 0.05 0.05
0 0.5617696832281807 0.49753658429723124 0.05 0.05
0 0.5417907137223973 0.4694959253417457 0.05 0.05
0 0.40719555073606717 0.5269792762004909 0.05 0.05
0 0.3956287789169294 0.5087528478794253 0.05 0.05
0 0.41455622371188217 0.48071218892393996 0.05 0.05
0 0.7541987053101995 0.43444510164738903 0.05 0.05
0 0.7321166863827547 0.3222824658254472 0.05 0.05
0 0.6932102720820187 0.33490076235541555 0.05 0.05
0 0.8204447620925339 0.48912438661058555 0.05 0.05
0 0.91928808491062 0.4737020241850686 0.05 0.05
0 0.795208169032597 0.2451706536978622 0.05 0.05
0 0.7794352983701365 0.1722649404136 0.05 0.05
0 0.7016224697686643 0.14422428145811458 0.05 0.05
0 0.6690252037329125 0.13721411671924327 0.05 0.05
0 0.4334836685068348 0.2844275762355418 0.05 0.05
0 0.3872165812302838 0.3222824658254472 0.05 0.05
0 0.38090743296529955 0.29143774097441316 0.05 0.05
0 0.3167644256046266 0.36714752015422386 0.05 0.05
0 0.24315769584647734 0.2157279617946024 0.05 0.05
0 0.27575496188222914 0.21152186295127962 0.05 0.05
0 0.2505183688222923 0.18908933578689138 0.05 0.05
0 0.21371500394321763 0.187687302839117 0.05 0.05
0 0.27575496188222914 0.15263647914476028 0.05 0.05
0 0.2810125854363827 0.1316059849281461 0.05 0.05
0 0.33148577155625647 0.14422428145811458 0.05 0.05
0 0.19899365799158777 0.09234906239046646 0.05 0.05
0 0.21056042981072554 0.03626774447949567 0.05 0.05
0 0.24420922055730804 0.07832873291272383 0.05 0.05
0 0.27260038774973705 0.09375109533824073 0.05 0.05
0 0.2925793572555204 0.09515312828601499 0.05 0.05
0 0.33148577155625647 0.0909470294426922 0.05 0.05
0 0.3630315128811776 0.08954499649491794 0.05 0.05
0 0.34725864221871705 0.04047384332281846 0.05 0.05
0 0.34936169164037845 0.09234906239046646 0.05 0.05
