0 0.4130281159594985 0.531899911603986 0.05 0.05
0 0.39277739271938283 0.5048989472838316 0.05 0.05
0 0.44195772058823524 0.6450468097074896 0.05 0.05
0 0.4130281159594985 0.7543364271938284 0.05 0.05
0 0.32334634161041464 0.8031953150112504 0.05 0.05
0 0.28091625482160076 0.7671940292510447 0.05 0.05
0 0.1690551169238187 0.5833303198328512 0.05 0.05
0 0.1295179905978785 0.5486147942783671 0.05 0.05
0 0.273201693587271 0.19374497749919636 0.05 0.05
0 0.20955656340405016 0.18345889585342334 0.05 0.05
0 0.204734962632594 0.23488930408228867 0.05 0.05
0 0.18544855954676953 0.10759904371584703 0.05 0.05
0 0.2018420021697203 0.10117024268723883 0.05 0.05
0 0.20377064247830284 0.07288351816136292 0.05 0.05
0 0.18641287970106074 0.03816799260687891 0.05 0.05
0 0.23173592695274828 0.06774047733847641 0.05 0.05
0 0.2886308160559306 0.09474144165863076 0.05 0.05
0 0.3040599385245901 0.09474144165863076 0.05 0.05
0 0.3407041043876567 0.09859872227579558 0.05 0.05
0 0.3050242586788814 0.18860193667630984 0.05 0.05
0 0.3050242586788814 0.2528899469623916 0.05 0.05
0 0.3407041043876567 0.2528899469623916 0.05 0.05
0 0.4409934004339441 0.21303138058502094 0.05 0.05
0 0.6193926289778207 0.15902945194471235 0.05 0.05
0 0.6020348662005786 0.16031521215043393 0.05 0.05
0 0.6589297553037607 0.15388641112182586 0.05 0.05
0 0.6907523203953713 0.1628867325618773 0.05 0.05
0 0.7081100831726133 0.2528899469623916 0.05 0.05
0 0.7601833715043395 0.2618902684024429 0.05 0.05
0 0.7013598420925747 0.5627581565413051 0.05 0.05
0 0.766933612584378 0.5601866361298619 0.05 0.05
0 0.5875700638862102 0.49461286563805856 0.05 0.05
0 0.5017455701542912 0.5357571922211508 0.05 0.05
0 0.5441756569431051 0.4740407023465124 0.05 0.05
