0 0.22084243881118878 0.08058712121212135 0.05 0.05
0 0.1946186625874126 0.1312864219114219 0.05 0.05
0 0.27591236888111886 0.09806963869463867 0.05 0.05
0 0.28509069055944053 0.10156614219114223 0.05 0.05
0 0.31262565559440564 0.09806963869463867 0.05 0.05
0 0.3152480332167832 0.13303467365967367 0.05 0.05
0 0.35196131993006996 0.08233537296037288 0.05 0.05
0 0.33753824300699303 0.07883886946386945 0.05 0.05
0 0.44636691433566433 0.20820949883449877 0.05 0.05
0 0.4607899912587413 0.20471299533799533 0.05 0.05
0 0.2418214597902098 0.37079691142191146 0.05 0.05
0 0.282468312937063 0.3603074009324009 0.05 0.05
0 0.10414663461538462 0.4721955128205128 0.05 0.05
0 0.171017263986014 0.6225451631701632 0.05 0.05
0 0.32704873251748257 0.7816360722610723 0.05 0.05
0 0.4332550262237763 0.7396780303030304 0.05 0.05
0 0.45816761363636366 0.5438738344988345 0.05 0.05
0 0.525038243006993 0.5421255827505828 0.05 0.05
0 0.5709298513986015 0.5228948135198136 0.05 0.05
0 0.59453125 0.49142628205128214 0.05 0.05
0 0.546017263986014 0.4582094988344989 0.05 0.05
0 0.7505627185314687 0.290377331002331 0.05 0.05
0 0.796454326923077 0.290377331002331 0.05 0.05
0 0.7859648164335665 0.3847829254079253 0.05 0.05
0 0.7335172639860141 0.1085591491841491 0.05 0.05
0 0.14490693306010932 0.7542292805100181 0.05 0.05
