0 0.011870931774349081 0.6064740035358406 0.05 0.05
0 0.09190950458052075 0.7440503455480554 0.05 0.05
0 0.13723255183220828 0.7787658711025395 0.05 0.05
0 0.27416601374156224 0.7633367486338798 0.05 0.05
0 0.32141770130183217 0.8006237945998073 0.05 0.05
0 0.6608583956123433 0.8160529170684667 0.05 0.05
0 0.7534331304243009 0.8057668354226937 0.05 0.05
0 0.5017455701542912 0.542185993249759 0.05 0.05
0 0.4458150012054002 0.6309034474445517 0.05 0.05
0 0.41206379580520724 0.5344714320154292 0.05 0.05
0 0.3947060330279653 0.5023274268723884 0.05 0.05
0 0.5904630243490839 0.5048989472838316 0.05 0.05
0 0.5489972577145612 0.46761190131790425 0.05 0.05
0 0.6820734390067502 0.21688866120218578 0.05 0.05
0 0.7351110474927676 0.22074594181935073 0.05 0.05
0 0.6541081545323048 0.13974304885888789 0.05 0.05
0 0.6213212692864031 0.1268854468016715 0.05 0.05
0 0.5837127832690453 0.18217313564770177 0.05 0.05
0 0.31948906099324975 0.20788833976213444 0.05 0.05
0 0.2944167369816779 0.21817442140790747 0.05 0.05
0 0.2953810571359692 0.17960161523625853 0.05 0.05
0 0.26741577266152367 0.16931553359048537 0.05 0.05
0 0.25198665019286404 0.18088737544198008 0.05 0.05
0 0.28670217574734813 0.09345568145290907 0.05 0.05
0 0.22016408510125363 0.08445536001285762 0.05 0.05
0 0.3493829857762777 0.03559647219543554 0.05 0.05
0 0.34552570515911285 0.10502752330440378 0.05 0.05
0 0.31177449975891997 0.09731296207007402 0.05 0.05
0 0.4496722818225651 0.2040310591449695 0.05 0.05
