0 0.2684873810782241 0.09089367512332618 0.05 0.05
0 0.2795867468287526 0.09089367512332605 0.05 0.05
0 0.2938573599365751 0.09089367512332605 0.05 0.05
0 0.33666919926004224 0.08877951021846352 0.05 0.05
0 0.42070725422832983 0.1775744362226919 0.05 0.05
0 0.3652104254756871 0.04438204721634934 0.05 0.05
0 0.39058040433403807 0.18814526074700477 0.05 0.05
0 0.45717659883720935 0.1902594256518673 0.05 0.05
0 0.20506243393234672 0.17546027131782924 0.05 0.05
0 0.5776839984143763 0.19660192036645513 0.05 0.05
0 0.6046396009513744 0.1860310958421421 0.05 0.05
0 0.6569651823467232 0.35727845313601114 0.05 0.05
0 0.6902632795983088 0.35727845313601114 0.05 0.05
0 0.7489313557082454 0.37630593727977435 0.05 0.05
0 0.8678531316067655 0.3297943093727975 0.05 0.05
0 0.5507283958773785 0.46721502818886523 0.05 0.05
0 0.04332881871035939 0.4503017089499645 0.05 0.05
0 0.11151063689217758 0.4989275017618039 0.05 0.05
0 0.1273668736786469 0.6046357470049329 0.05 0.05
0 0.17017871300211415 0.6194349013389711 0.05 0.05
0 0.19237744450317124 0.7462847956307257 0.05 0.05
0 0.27324425211416487 0.7505131254404509 0.05 0.05
