0 0.19237744450317124 0.09723616983791387 0.05 0.05
0 0.20506243393234672 0.1395194679351654 0.05 0.05
0 0.23201803646934457 0.1500902924594783 0.05 0.05
0 0.23360366014799155 0.1775744362226919 0.05 0.05
0 0.24311740221987313 0.1923735905567298 0.05 0.05
0 0.2795867468287526 0.09512200493305123 0.05 0.05
0 0.2906861125792812 0.09089367512332605 0.05 0.05
0 0.33666919926004224 0.08455118040873835 0.05 0.05
0 0.35728230708245245 0.0824370155038757 0.05 0.05
0 0.42229287790697684 0.20505857998590535 0.05 0.05
0 0.46193346987315015 0.19448775546159247 0.05 0.05
0 0.5951258588794927 0.10992115926708929 0.05 0.05
0 0.6315952034883722 0.4312742248062013 0.05 0.05
0 0.5459715248414377 0.46721502818886523 0.05 0.05
0 0.7251470005285413 0.46510086328400274 0.05 0.05
0 0.9455486918604652 0.7483989605355884 0.05 0.05
0 0.27324425211416487 0.739942300916138 0.05 0.05
0 0.20506243393234672 0.6617181994362226 0.05 0.05
0 0.18286370243128963 0.6109782417195206 0.05 0.05
