0 0.452316758637236 0.20481645873320556 0.05 0.05
0 0.7239098488483686 0.1945797344849647 0.05 0.05
0 0.7469424784069099 0.25472048944337805 0.05 0.05
0 0.6653685820537428 0.10756757837491998 0.05 0.05
0 0.2738138795585413 0.22273072616762637 0.05 0.05
0 0.2517409428982726 0.18562260076775428 0.05 0.05
0 0.21239353406909794 0.1907409628918746 0.05 0.05
0 0.2027966050863724 0.0755778150991682 0.05 0.05
0 0.22870831333973132 0.07301863403710804 0.05 0.05
0 0.3102822096928983 0.08965331094049904 0.05 0.05
0 0.3678637835892514 0.09093290147152899 0.05 0.05
0 0.504140175143954 0.5336712252079335 0.05 0.05
0 0.40913057821497123 0.5298324536148432 0.05 0.05
0 0.40817088531669865 0.47225087971849006 0.05 0.05
0 0.5741977567178503 0.4952835092770313 0.05 0.05
0 0.6164242442418427 0.5208753198976327 0.05 0.05
0 0.2622975647792707 0.7742342450415868 0.05 0.05
0 0.19799814059500961 0.7448036628278951 0.05 0.05
0 0.5415681981765836 0.47097128918746 0.05 0.05
