0 0.19554869186046508 0.12472031360112747 0.05 0.05
0 0.22408991807610992 0.09723616983791387 0.05 0.05
0 0.24153177854122623 0.09935033474277641 0.05 0.05
0 0.247874273255814 0.09300784002818858 0.05 0.05
0 0.25263114429175476 0.07820868569415064 0.05 0.05
0 0.27324425211416487 0.09089367512332605 0.05 0.05
0 0.28592924154334043 0.09089367512332605 0.05 0.05
0 0.33825482293868925 0.08877951021846352 0.05 0.05
0 0.3461829413319239 0.076094520789288 0.05 0.05
0 0.45876222251585624 0.19660192036645513 0.05 0.05
0 0.23518928382663845 0.21562940451021836 0.05 0.05
0 0.1939630681818182 0.43973088442565167 0.05 0.05
0 0.45717659883720935 0.7293714763918252 0.05 0.05
0 0.6744070428118394 0.7589697850599013 0.05 0.05
0 0.831383786997886 0.7505131254404509 0.05 0.05
0 0.5491427721987316 0.47355752290345293 0.05 0.05
0 0.5713415036997886 0.2409993833685692 0.05 0.05
0 0.6585508060253701 0.22197189922480595 0.05 0.05
0 0.7013626453488373 0.22831439393939376 0.05 0.05
0 0.7235613768498944 0.24311354827343182 0.05 0.05
0 0.7536882267441861 0.23465688865398146 0.05 0.05
0 0.39533727536997887 0.04015371740662417 0.05 0.05
