0 0.7440633997120921 0.11268594049904053 0.05 0.05
0 0.25078125000000007 0.32893674024312225 0.05 0.05
0 0.24022462811900197 0.2623980326295585 0.05 0.05
0 0.22774862044145877 0.22017154510556622 0.05 0.05
0 0.19799814059500961 0.2278490882917467 0.05 0.05
0 0.2834108085412669 0.27647352847088935 0.05 0.05
0 0.3102822096928983 0.22273072616762637 0.05 0.05
0 0.3457908469289828 0.25983885156749836 0.05 0.05
0 0.35922654750479854 0.2265694977607166 0.05 0.05
0 0.32947606765834936 0.18562260076775428 0.05 0.05
0 0.3573071617082534 0.17282669545745363 0.05 0.05
0 0.4465586012476008 0.21249400191938578 0.05 0.05
0 0.31795975287907874 0.12932061740243117 0.05 0.05
0 0.2690154150671785 0.13443897952655146 0.05 0.05
0 0.30164497360844533 0.09733085412667937 0.05 0.05
0 0.34099238243762003 0.09605126359564929 0.05 0.05
0 0.24790217130518238 0.08197576775431857 0.05 0.05
0 0.21239353406909794 0.0755778150991682 0.05 0.05
0 0.21623230566218812 0.055104366602687097 0.05 0.05
0 0.21815169145873323 0.044867642354446485 0.05 0.05
0 0.19223998320537433 0.05126559500959686 0.05 0.05
0 0.11066608685220732 0.5503059021113244 0.05 0.05
0 0.30548374520153554 0.7524812060140754 0.05 0.05
0 0.40433211372360855 0.5285528630838132 0.05 0.05
0 0.3928157989443378 0.5029610524632118 0.05 0.05
0 0.4168081214011517 0.4812080134357006 0.05 0.05
0 0.5070192538387717 0.5375099968010237 0.05 0.05
0 0.439840750959693 0.5387895873320537 0.05 0.05
0 0.5578829774472169 0.5183161388355726 0.05 0.05
0 0.5636411348368523 0.49400391874600125 0.05 0.05
0 0.5454069697696737 0.46841210812539985 0.05 0.05
0 0.1903205974088292 0.11908389315419067 0.05 0.05
0 0.2008772192898273 0.12164307421625083 0.05 0.05
0 0.36306531909788875 0.0806961772232885 0.05 0.05
