0 0.27028843685831627 0.26284864818617387 0.05 0.05
0 0.2877422356262834 0.23136336413415465 0.05 0.05
0 0.28876892967145795 0.2012470054757016 0.05 0.05
0 0.32162313911704316 0.2286255133470225 0.05 0.05
0 0.3513972664271048 0.21219840862422998 0.05 0.05
0 0.39246502823408635 0.1944023785078713 0.05 0.05
0 0.4232658495893224 0.21356733401779604 0.05 0.05
0 0.4417463424024642 0.21904303559206018 0.05 0.05
0 0.44995989476386045 0.2080916324435319 0.05 0.05
0 0.5659763218685833 0.19577130390143746 0.05 0.05
0 0.6696724204312117 0.1793441991786447 0.05 0.05
0 0.7158736524640659 0.16839279603011642 0.05 0.05
0 0.7117668762833677 0.09857760095824777 0.05 0.05
0 0.7538613321355238 0.30528533538672137 0.05 0.05
0 0.8041693403490762 0.31623673853524986 0.05 0.05
0 0.8195697510266943 0.6831087440109515 0.05 0.05
0 0.5033479851129364 0.5380026522929501 0.05 0.05
0 0.7836354594455853 0.6844776694045175 0.05 0.05
0 0.5125882315195073 0.7104872518822725 0.05 0.05
0 0.3524239604722793 0.7953606262833676 0.05 0.05
0 0.4520132828542095 0.5256823237508556 0.05 0.05
0 0.3873315580082136 0.4969348904859686 0.05 0.05
0 0.40786543891170435 0.4791388603696099 0.05 0.05
0 0.5433890528747434 0.46955638261464755 0.05 0.05
0 0.27542190708418895 0.09857760095824777 0.05 0.05
0 0.2928757058521561 0.08899512320328545 0.05 0.05
0 0.36679767710472283 0.08215049623545513 0.05 0.05
