0 0.24527810534591196 0.19391378406708573 0.05 0.05
0 0.2641460298742139 0.23584250524108985 0.05 0.05
0 0.2861586084905661 0.20858883647798715 0.05 0.05
0 0.31760514937106926 0.2190710167714882 0.05 0.05
0 0.3474793632075473 0.2190710167714882 0.05 0.05
0 0.37578125000000007 0.2002030922431864 0.05 0.05
0 0.43238502358490577 0.15408149895178175 0.05 0.05
0 0.2704353380503145 0.09118841719077532 0.05 0.05
0 0.28458628144654097 0.09118841719077532 0.05 0.05
0 0.35219634433962277 0.08699554507337494 0.05 0.05
0 0.3207498034591196 0.3993645178197062 0.05 0.05
0 0.22169319968553464 0.31760351153039795 0.05 0.05
0 0.09747936320754719 0.4958005765199159 0.05 0.05
0 0.20754225628930825 0.7410835953878405 0.05 0.05
0 0.2720076650943397 0.7515657756813415 0.05 0.05
0 0.3710642688679246 0.8291339098532493 0.05 0.05
0 0.6871020047169812 0.46016116352201236 0.05 0.05
0 0.5503095518867925 0.4748362159329138 0.05 0.05
0 0.7814416273584908 0.3155070754716978 0.05 0.05
0 0.833328419811321 0.31760351153039795 0.05 0.05
