0 0.1308196377159309 0.7934281030070378 0.05 0.05
0 0.1826430542226488 0.8638055822136916 0.05 0.05
0 0.24406339971209218 0.8484504958413308 0.05 0.05
0 0.42832443618042226 0.7716750639795266 0.05 0.05
0 0.4388810580614204 0.5336712252079335 0.05 0.05
0 0.40145303502879087 0.5221549104286628 0.05 0.05
0 0.39953364923224577 0.5029610524632118 0.05 0.05
0 0.4168081214011517 0.4812080134357006 0.05 0.05
0 0.5146967970249521 0.5349508157389635 0.05 0.05
0 0.5521248200575817 0.5195957293666027 0.05 0.05
0 0.5626814419385797 0.4914447376839411 0.05 0.05
0 0.5482860484644914 0.47353047024952016 0.05 0.05
0 0.2651766434740883 0.23936540307101725 0.05 0.05
0 0.24118432101727452 0.28159189059500966 0.05 0.05
0 0.20375629798464495 0.4044325815738963 0.05 0.05
0 0.259418486084453 0.42874480166346773 0.05 0.05
0 0.33523422504798467 0.27647352847088935 0.05 0.05
0 0.32563729606525915 0.23552663147792702 0.05 0.05
0 0.3803397912667947 0.2623980326295585 0.05 0.05
0 0.3803397912667947 0.22528990722968653 0.05 0.05
0 0.4455989083493283 0.2060960492642354 0.05 0.05
0 0.31220159548944343 0.1651491522712732 0.05 0.05
0 0.3112419025911709 0.11396553103007037 0.05 0.05
0 0.2786123440499041 0.11396553103007037 0.05 0.05
0 0.2584587931861805 0.09093290147152899 0.05 0.05
0 0.24022462811900197 0.08837372040946896 0.05 0.05
0 0.22582923464491364 0.08837372040946896 0.05 0.05
0 0.21911138435700578 0.0755778150991682 0.05 0.05
0 0.2882092730326296 0.07173904350607797 0.05 0.05
0 0.3313954534548945 0.08325535828534865 0.05 0.05
0 0.368823476487524 0.08453494881637873 0.05 0.05
0 0.30932251679462575 0.09349208253358915 0.05 0.05
0 0.7152726127639156 0.1843430102367242 0.05 0.05
0 0.7152726127639156 0.15107365642994233 0.05 0.05
0 0.7373455494241844 0.1280410268714011 0.05 0.05
0 0.6634491962571978 0.33661428342930255 0.05 0.05
0 0.7872495801343571 0.4185080774152271 0.05 0.05
0 0.7843705014395395 0.8202995041586693 0.05 0.05
