0 0.20567568378119003 0.2995061580294305 0.05 0.05
0 0.21143384117082537 0.20865523032629554 0.05 0.05
0 0.23446647072936666 0.2048164587332053 0.05 0.05
0 0.27669295825335893 0.2662368042226487 0.05 0.05
0 0.31220159548944343 0.2879898432501599 0.05 0.05
0 0.19415936900191944 0.7243302143314139 0.05 0.05
0 0.18072366842610368 0.7320077575175944 0.05 0.05
0 0.3889770273512476 0.5119181861804223 0.05 0.05
0 0.41104996401151633 0.5234345009596929 0.05 0.05
0 0.41296934980806144 0.4799284229046705 0.05 0.05
0 0.5079789467370441 0.5323916346769034 0.05 0.05
0 0.5511651271593091 0.4799284229046705 0.05 0.05
0 0.6202630158349329 0.6321996960972489 0.05 0.05
0 0.6768848968330136 0.7089751279590532 0.05 0.05
0 0.7718944937619961 0.6731465930902111 0.05 0.05
0 0.7853301943378119 0.5746181222008957 0.05 0.05
0 0.8419520753358926 0.6066078854766475 0.05 0.05
0 0.7191113843570058 0.3967550383877159 0.05 0.05
0 0.6912802903071018 0.40699176263595643 0.05 0.05
0 0.658650731765835 0.16770833333333332 0.05 0.05
0 0.6346584093090212 0.1638695617402431 0.05 0.05
0 0.6634491962571978 0.11012675943698014 0.05 0.05
0 0.6884012116122842 0.13187979846449133 0.05 0.05
0 0.3189194457773513 0.14851447536788218 0.05 0.05
0 0.2738138795585413 0.1689879238643634 0.05 0.05
0 0.22007107725527836 0.14595529430582205 0.05 0.05
0 0.20663537667946258 0.11012675943698014 0.05 0.05
0 0.2757332653550864 0.07941658669225843 0.05 0.05
0 0.30932251679462575 0.09093290147152899 0.05 0.05
0 0.3457908469289828 0.09605126359564929 0.05 0.05
0 0.36498470489443385 0.10244921625079968 0.05 0.05
0 0.4024127279270634 0.04870641394753671 0.05 0.05
0 0.413929042706334 0.03974928023032618 0.05 0.05
0 0.4484779870441459 0.20353686820217523 0.05 0.05
0 0.9187275071976968 0.9828075015994883 0.05 0.05
