0 0.2690154150671785 0.07301863403710804 0.05 0.05
0 0.25078125000000007 0.06406150031989763 0.05 0.05
0 0.23158739203454898 0.0704594529750479 0.05 0.05
0 0.2104741482725528 0.08837372040946896 0.05 0.05
0 0.12218240163147795 0.7384057101727447 0.05 0.05
0 0.4321632077735125 0.5387895873320537 0.05 0.05
0 0.4072111924184261 0.5272732725527831 0.05 0.05
0 0.40145303502879087 0.5093590051183622 0.05 0.05
0 0.4177678142994242 0.4799284229046705 0.05 0.05
0 0.20663537667946258 0.2879898432501599 0.05 0.05
0 0.2690154150671785 0.24704294625719758 0.05 0.05
0 0.3006852807101728 0.2048164587332053 0.05 0.05
0 0.2853301943378119 0.17026751439539348 0.05 0.05
0 0.30740313099808064 0.09093290147152899 0.05 0.05
0 0.34387146113243766 0.1011696257197696 0.05 0.05
0 0.3534683901151632 0.08837372040946896 0.05 0.05
0 0.33619391794625725 0.15619201855406264 0.05 0.05
0 0.37938009836852216 0.22528990722968653 0.05 0.05
0 0.44751829414587335 0.20993482085732562 0.05 0.05
0 0.5914722288867563 0.13060020793346125 0.05 0.05
0 0.5674799064299425 0.12420225527831086 0.05 0.05
0 0.7843705014395395 0.1792246481126039 0.05 0.05
0 0.7901286588291747 0.16770833333333332 0.05 0.05
0 0.5031804822456815 0.5439079494561739 0.05 0.05
0 0.5425278910748561 0.5234345009596929 0.05 0.05
0 0.5588426703454895 0.5004018714011517 0.05 0.05
0 0.5444472768714013 0.4696916986564299 0.05 0.05
