0 0.3103050595238095 0.08966600529100527 0.05 0.05
0 0.36982886904761897 0.04733796296296286 0.05 0.05
0 0.4531622023809523 0.2113591269841269 0.05 0.05
0 0.24879712301587292 0.203422619047619 0.05 0.05
0 0.25673363095238094 0.19284060846560844 0.05 0.05
0 0.1912574404761904 0.22987764550264547 0.05 0.05
0 0.25673363095238094 0.2669146825396825 0.05 0.05
0 0.30435267857142845 0.2827876984126983 0.05 0.05
0 0.0702256944444444 0.5658564814814814 0.05 0.05
0 0.29641617063492054 0.7351686507936507 0.05 0.05
0 0.30435267857142845 0.7801421957671957 0.05 0.05
0 0.3103050595238095 0.8806712962962961 0.05 0.05
0 0.26467013888888885 0.8912533068783067 0.05 0.05
0 0.34800347222222217 0.8039517195767195 0.05 0.05
0 0.3757812499999999 0.7854332010582009 0.05 0.05
0 0.4134796626984126 0.7536871693121692 0.05 0.05
0 0.4353050595238094 0.7351686507936507 0.05 0.05
0 0.8142733134920632 0.9812003968253967 0.05 0.05
0 0.9313368055555552 0.986491402116402 0.05 0.05
0 0.5543526785714284 0.5155919312169311 0.05 0.05
0 0.4015749007936507 0.4679728835978835 0.05 0.05
0 0.39760664682539676 0.49971891534391527 0.05 0.05
0 0.4234002976190475 0.539401455026455 0.05 0.05
0 0.5503844246031745 0.4732638888888888 0.05 0.05
0 0.5880828373015872 0.49178240740740736 0.05 0.05
0 0.8122891865079362 0.5235284391534392 0.05 0.05
0 0.8658606150793648 0.5155919312169311 0.05 0.05
0 0.5464161706349204 0.2060681216931216 0.05 0.05
0 0.6277653769841268 0.17167658730158722 0.05 0.05
0 0.6634796626984125 0.15315806878306878 0.05 0.05
0 0.7468129960317458 0.1558035714285714 0.05 0.05
0 0.7924479166666665 0.1690310846560846 0.05 0.05
0 0.7726066468253966 0.18754960317460317 0.05 0.05
