0 0.2732442521141649 0.08455118040873846 0.05 0.05
0 0.2827579941860465 0.09935033474277641 0.05 0.05
0 0.29702860729386893 0.09300784002818858 0.05 0.05
0 0.33984044661733626 0.09089367512332605 0.05 0.05
0 0.3509398123678647 0.08666534531360087 0.05 0.05
0 0.22091867071881605 0.24522771317829437 0.05 0.05
0 0.4254641252642707 0.20505857998590535 0.05 0.05
0 0.2684873810782241 0.2600268675123324 0.05 0.05
0 0.3144704677589852 0.3234518146582098 0.05 0.05
0 0.4349778673361523 0.21562940451021836 0.05 0.05
0 0.45717659883720935 0.18814526074700477 0.05 0.05
0 0.6189102140591967 0.12472031360112736 0.05 0.05
0 0.6078108483086682 0.17123194150810406 0.05 0.05
0 0.6601364297040171 0.13106280831571507 0.05 0.05
0 0.5538996432346723 0.46932919309372784 0.05 0.05
0 0.8932231104651164 0.35939261804087363 0.05 0.05
0 0.24311740221987313 0.7462847956307257 0.05 0.05
0 0.30019985465116283 0.7441706307258632 0.05 0.05
0 0.17969245507399575 0.6152065715292458 0.05 0.05
0 0.21457617600422835 0.6574898696264974 0.05 0.05
