0 0.2693444129701061 0.06645471713275483 0.05 0.05
0 0.24716504942140788 0.03816799260687891 0.05 0.05
0 0.23752184787849567 0.03816799260687891 0.05 0.05
0 0.2789876145130183 0.10117024268723883 0.05 0.05
0 0.30791721914175507 0.10245600289296052 0.05 0.05
0 0.3407041043876567 0.09859872227579558 0.05 0.05
0 0.1999133618611379 0.13588576824172297 0.05 0.05
0 0.21534248432979747 0.18988769688203153 0.05 0.05
0 0.21534248432979747 0.32232099807135983 0.05 0.05
0 0.2693444129701061 0.19503073770491805 0.05 0.05
0 0.2953810571359692 0.19631649791063974 0.05 0.05
0 0.33588250361620064 0.21946018161362915 0.05 0.05
0 0.4458150012054002 0.20917409996785613 0.05 0.05
0 0.39759899349083894 0.4984701462552234 0.05 0.05
0 0.4101351554966248 0.5293283911925426 0.05 0.05
0 0.43810043997107034 0.6386180086788814 0.05 0.05
0 0.5027098903085825 0.5306141513982643 0.05 0.05
0 0.5461042972516875 0.46246886049501773 0.05 0.05
0 0.6406076723722276 0.3017488347798135 0.05 0.05
0 0.6926809607039537 0.2991773143683704 0.05 0.05
0 0.6762875180810028 0.11017056412729029 0.05 0.05
0 0.7081100831726133 0.09988448248151727 0.05 0.05
0 0.5914273445033751 0.1088848039215686 0.05 0.05
0 0.37059802917068463 0.8019095548055287 0.05 0.05
0 0.32816794238187075 0.7646225088396015 0.05 0.05
0 0.30020265790742523 0.7851946721311476 0.05 0.05
0 0.042729176711668274 0.6450468097074896 0.05 0.05
0 0.30984585945033755 0.04073951301832217 0.05 0.05
0 0.3300965826904532 0.03816799260687891 0.05 0.05
0 0.34745434546769527 0.036882232401157226 0.05 0.05
0 0.40627787487945993 0.036882232401157226 0.05 0.05
