0 0.23093998015873018 0.04733796296296286 0.05 0.05
0 0.23093998015873005 0.0711474867724867 0.05 0.05
0 0.3103050595238095 0.08966600529100527 0.05 0.05
0 0.361892361111111 0.084375 0.05 0.05
0 0.24482886904761897 0.14257605820105812 0.05 0.05
0 0.18728918650793644 0.23516865079365074 0.05 0.05
0 0.242844742063492 0.2986607142857142 0.05 0.05
0 0.28847966269841263 0.2854332010582011 0.05 0.05
0 0.4452256944444444 0.20871362433862425 0.05 0.05
0 0.4610987103174602 0.2113591269841269 0.05 0.05
0 0.3916542658730158 0.5023644179894179 0.05 0.05
0 0.4015749007936507 0.5314649470899471 0.05 0.05
0 0.49086061507936496 0.5261739417989417 0.05 0.05
0 0.5642733134920633 0.5208829365079364 0.05 0.05
0 0.5841145833333332 0.49707341269841265 0.05 0.05
0 0.5484002976190474 0.4653273809523809 0.05 0.05
0 0.42935267857142845 0.7378141534391534 0.05 0.05
0 0.4610987103174602 0.7378141534391534 0.05 0.05
0 0.3757812499999999 0.7933697089947089 0.05 0.05
0 0.35792410714285705 0.8092427248677247 0.05 0.05
0 0.3003844246031745 0.7563326719576718 0.05 0.05
0 0.2904637896825396 0.7986607142857143 0.05 0.05
0 0.7289558531746031 0.3383432539682539 0.05 0.05
0 0.7805431547619046 0.277496693121693 0.05 0.05
0 0.8162574404761902 0.2960152116402116 0.05 0.05
0 0.834114583333333 0.25368716931216917 0.05 0.05
0 0.8122891865079362 0.1901951058201058 0.05 0.05
0 0.6059399801587301 0.19548611111111108 0.05 0.05
0 0.5464161706349204 0.21665013227513227 0.05 0.05
