0 0.270073004756871 0.08877951021846364 0.05 0.05
0 0.2811723705073996 0.09300784002818858 0.05 0.05
0 0.2906861125792812 0.08877951021846352 0.05 0.05
0 0.33508357558139534 0.09723616983791387 0.05 0.05
0 0.3461829413319239 0.076094520789288 0.05 0.05
0 0.4444916094080339 0.20928690979563053 0.05 0.05
0 0.45717659883720935 0.20083025017618017 0.05 0.05
0 0.3081279730443975 0.1923735905567298 0.05 0.05
0 0.2811723705073996 0.1902594256518673 0.05 0.05
0 0.2272611654334038 0.3488217935165608 0.05 0.05
0 0.2684873810782241 0.3424792988019731 0.05 0.05
0 0.2875148652219873 0.35305012332628594 0.05 0.05
0 0.3319123282241015 0.37630593727977435 0.05 0.05
0 0.2780011231501057 0.43550255461592663 0.05 0.05
0 0.3144704677589852 0.45453003875968984 0.05 0.05
0 0.17017871300211415 0.3720776074700492 0.05 0.05
0 0.12261000264270612 0.35939261804087363 0.05 0.05
0 0.0718700449260042 0.4629866983791401 0.05 0.05
0 0.13846623942917546 0.4629866983791401 0.05 0.05
0 0.18920619714587736 0.5327541402396052 0.05 0.05
0 0.17810683139534883 0.6004074171952077 0.05 0.05
0 0.21616179968287524 0.7737689393939393 0.05 0.05
0 0.4444916094080339 0.6363482205778717 0.05 0.05
0 0.4698615882663848 0.5369824700493304 0.05 0.05
0 0.5206015459830867 0.5496674594785059 0.05 0.05
0 0.7362463662790699 0.579265768146582 0.05 0.05
0 0.8123563028541227 0.5496674594785059 0.05 0.05
0 0.588783364164905 0.2536843727977447 0.05 0.05
0 0.6664789244186047 0.15431862226920348 0.05 0.05
0 0.7061195163847781 0.15220445736434082 0.05 0.05
0 0.8139419265327696 0.22408606412966858 0.05 0.05
0 0.3493541886892178 0.09723616983791387 0.05 0.05
0 0.36045355443974636 0.09089367512332605 0.05 0.05
