0 0.04336800078864358 0.4680938923939715 0.05 0.05
0 0.038110377234490046 0.4470633981773574 0.05 0.05
0 0.07701679153522609 0.5073508149316511 0.05 0.05
0 0.16008724369085173 0.5409996056782337 0.05 0.05
0 0.2505183688222923 0.2690052138100249 0.05 0.05
0 0.20950890509989478 0.17366697336137424 0.05 0.05
0 0.18532383675078862 0.11057549071153201 0.05 0.05
0 0.21371500394321763 0.07272060112162677 0.05 0.05
0 0.24946684411146158 0.16665680862250293 0.05 0.05
0 0.28942478312302833 0.17086290746582572 0.05 0.05
0 0.33148577155625647 0.17086290746582572 0.05 0.05
0 0.3398979692429021 0.19469746757798845 0.05 0.05
0 0.38090743296529955 0.18628526989134275 0.05 0.05
0 0.29783698080967397 0.12179175429372625 0.05 0.05
0 0.290476307833859 0.08674093059936941 0.05 0.05
0 0.3346403456887486 0.08533889765159515 0.05 0.05
0 0.34725864221871705 0.12459582018927477 0.05 0.05
0 0.3693406611461619 0.08393686470382088 0.05 0.05
0 0.5133995465299683 0.5438036715737822 0.05 0.05
0 0.5491513866982122 0.5227731773571681 0.05 0.05
0 0.571233405625657 0.5031447160883283 0.05 0.05
0 0.5491513866982122 0.4722999912372944 0.05 0.05
0 0.41350469900105136 0.5311853750438137 0.05 0.05
0 0.3945772542060987 0.5059487819838768 0.05 0.05
0 0.41140164957938996 0.486320320715037 0.05 0.05
0 0.2641881900630914 0.7681289432176658 0.05 0.05
0 0.31991899973711874 0.7779431738520857 0.05 0.05
0 0.37880438354363816 0.800375701016474 0.05 0.05
0 0.4334836685068348 0.7989736680686997 0.05 0.05
0 0.8088779902733961 0.763922844374343 0.05 0.05
0 0.7783837736593058 0.6755947686645638 0.05 0.05
0 0.848835929284963 0.3054580704521559 0.05 0.05
0 0.8330630586225023 0.34751905888538415 0.05 0.05
0 0.7321166863827547 0.23255235716789383 0.05 0.05
0 0.6500977589379598 0.11337955660708067 0.05 0.05
