0 0.08445681468172486 0.5462162046543464 0.05 0.05
0 0.06700301591375771 0.5270512491444216 0.05 0.05
0 0.12655127053388093 0.4175372176591376 0.05 0.05
0 0.1881529132443532 0.4230129192334019 0.05 0.05
0 0.2877422356262834 0.4969348904859686 0.05 0.05
0 0.29184901180698153 0.4106925906913074 0.05 0.05
0 0.34626379620123215 0.4750320841889117 0.05 0.05
0 0.44995989476386045 0.5256823237508556 0.05 0.05
0 0.49924120893223833 0.5380026522929501 0.05 0.05
0 0.49616112679671465 0.5859150410677619 0.05 0.05
0 0.47460055184804933 0.6269828028747433 0.05 0.05
0 0.38938494609856267 0.806312029431896 0.05 0.05
0 0.5495492171457906 0.4722942334017797 0.05 0.05
0 0.6635122561601643 0.30528533538672137 0.05 0.05
0 0.6943130775154005 0.27106220054757013 0.05 0.05
0 0.679939360882957 0.24915939425051334 0.05 0.05
0 0.7240872048254621 0.36278020191649557 0.05 0.05
0 0.8401036319301849 0.39837226214921295 0.05 0.05
0 0.6378449050308009 0.11500470568104042 0.05 0.05
0 0.6234711883983575 0.09994652635181384 0.05 0.05
0 0.5546826873716634 0.19303345311430534 0.05 0.05
0 0.45714675308008224 0.20946055783709785 0.05 0.05
0 0.4407196483572896 0.2149362594113621 0.05 0.05
0 0.2785019892197126 0.18345097535934302 0.05 0.05
0 0.23538083932238196 0.1875577515400411 0.05 0.05
0 0.2333274512320329 0.17660634839151268 0.05 0.05
0 0.20971348819301855 0.22041196098562638 0.05 0.05
0 0.19739315965092405 0.10405330253251203 0.05 0.05
0 0.18404613706365508 0.1013154517453799 0.05 0.05
0 0.28055537731006164 0.1013154517453799 0.05 0.05
0 0.29698248203285427 0.09583975017111565 0.05 0.05
0 0.19020630133470232 0.03834488364134157 0.05 0.05
