0 0.24210617113564664 0.18628526989134275 0.05 0.05
0 0.27365191246056775 0.19329543463021417 0.05 0.05
0 0.29678545609884327 0.15964664388363162 0.05 0.05
0 0.2925793572555204 0.135812083771469 0.05 0.05
0 0.33148577155625647 0.135812083771469 0.05 0.05
0 0.3693406611461619 0.1035653259726607 0.05 0.05
0 0.37775285883280746 0.14843038030143738 0.05 0.05
0 0.3136098514721345 0.07412263406940103 0.05 0.05
0 0.3577738893270241 0.08954499649491794 0.05 0.05
0 0.45030806388012606 0.20591373116018255 0.05 0.05
0 0.33043424684542577 0.2521808184367335 0.05 0.05
0 0.30204307965299676 0.2605930161233792 0.05 0.05
0 0.060192396161934836 0.5886687259025589 0.05 0.05
0 0.3945772542060987 0.5003406501927797 0.05 0.05
0 0.41560774842271286 0.5353914738871366 0.05 0.05
0 0.44294739090431107 0.5227731773571681 0.05 0.05
0 0.49447210173501566 0.5620300998948478 0.05 0.05
0 0.5155025959516297 0.5339894409393623 0.05 0.05
0 0.5502029114090429 0.5269792762004909 0.05 0.05
0 0.5596666338065193 0.5045467490361025 0.05 0.05
0 0.5323269913249209 0.4779081230283914 0.05 0.05
0 0.45661721214511025 0.7989736680686997 0.05 0.05
0 0.3640830375920083 0.8101899316508939 0.05 0.05
0 0.3609284634595162 0.7597167455310202 0.05 0.05
0 0.8362176327549943 0.17366697336137424 0.05 0.05
0 0.5586151090956886 0.19329543463021417 0.05 0.05
0 0.3966803036277601 0.135812083771469 0.05 0.05
0 0.33253729626708717 0.11057549071153201 0.05 0.05
