0 0.03517550051334704 0.6050799965776863 0.05 0.05
0 0.155298703798768 0.6091867727583847 0.05 0.05
0 0.208686794147844 0.2080916324435319 0.05 0.05
0 0.27542190708418895 0.1013154517453799 0.05 0.05
0 0.29082231776180706 0.09173297399041758 0.05 0.05
0 0.18301944301848053 0.06572339151266249 0.05 0.05
0 0.34831718429158115 0.05614091375770016 0.05 0.05
0 0.355504042607803 0.08351942162902119 0.05 0.05
0 0.4047853567761807 0.07804372005475695 0.05 0.05
0 0.6409249871663245 0.1122668548939083 0.05 0.05
0 0.6357915169404518 0.1437521389459275 0.05 0.05
0 0.6552987037987681 0.14648998973305952 0.05 0.05
0 0.7127935703285422 0.09447082477754959 0.05 0.05
0 0.7261405929158112 0.09994652635181384 0.05 0.05
0 0.7815820713552363 0.30117855920602327 0.05 0.05
0 0.6501652335728954 0.291596081451061 0.05 0.05
0 0.6101241658110884 0.291596081451061 0.05 0.05
0 0.45714675308008224 0.20535378165639978 0.05 0.05
0 0.44277303644763866 0.21630518480492805 0.05 0.05
0 0.5670030159137578 0.19303345311430534 0.05 0.05
0 0.3780913116016428 0.481876711156742 0.05 0.05
0 0.39246502823408635 0.4928281143052704 0.05 0.05
0 0.4448264245379877 0.5256823237508556 0.05 0.05
0 0.5125882315195073 0.5380026522929501 0.05 0.05
0 0.5557093814168379 0.4750320841889117 0.05 0.05
0 0.5454424409650925 0.6516234599589323 0.05 0.05
