0 0.19713431553911204 0.17123194150810417 0.05 0.05
0 0.2795867468287526 0.09089367512332605 0.05 0.05
0 0.2906861125792812 0.08877951021846352 0.05 0.05
0 0.30019985465116283 0.08666534531360087 0.05 0.05
0 0.33508357558139534 0.09089367512332605 0.05 0.05
0 0.33984044661733626 0.07820868569415064 0.05 0.05
0 0.43973473837209304 0.2135152396053557 0.05 0.05
0 0.4492484804439747 0.20928690979563053 0.05 0.05
0 0.45876222251585624 0.19448775546159247 0.05 0.05
0 0.3271554571881607 0.22197189922480595 0.05 0.05
0 0.21616179968287524 0.2705976920366453 0.05 0.05
0 0.5475571485200846 0.47355752290345293 0.05 0.05
0 0.6395233218816069 0.46932919309372784 0.05 0.05
0 0.7885719476744187 0.4925850070472162 0.05 0.05
0 0.8741956263213531 0.49469917195207874 0.05 0.05
0 0.7996713134249471 0.6511473749119097 0.05 0.05
0 0.7425888609936576 0.6342340556730091 0.05 0.05
0 0.4460772330866808 0.6278915609584212 0.05 0.05
0 0.25738801532769556 0.7906822586328399 0.05 0.05
