0 0.7076601001026696 0.3367706194387407 0.05 0.05
0 0.7025266298767968 0.3039164099931554 0.05 0.05
0 0.6778859727926079 0.24231476728268314 0.05 0.05
0 0.6470851514373718 0.24915939425051334 0.05 0.05
0 0.65119192761807 0.31349888774811774 0.05 0.05
0 0.6121775539014375 0.29844070841889114 0.05 0.05
0 0.7836354594455853 0.33129491786447646 0.05 0.05
0 0.8164896688911705 0.3230813655030801 0.05 0.05
0 0.8483171842915812 0.31212996235455165 0.05 0.05
0 0.8832247818275155 0.3531977241615332 0.05 0.05
0 0.8739845354209447 0.696797997946612 0.05 0.05
0 0.7497545559548255 0.8788650752908967 0.05 0.05
0 0.5978038372689939 0.8282148357289529 0.05 0.05
0 0.5208017838809036 0.6694194900752909 0.05 0.05
0 0.5166950077002055 0.6078178473648187 0.05 0.05
0 0.5290153362422998 0.6529923853524983 0.05 0.05
0 0.5074547612936346 0.5448472792607804 0.05 0.05
0 0.45714675308008224 0.5421094284736482 0.05 0.05
0 0.5464691350102671 0.481876711156742 0.05 0.05
0 0.2589948023613963 0.4955659650924025 0.05 0.05
0 0.3113561986652978 0.8309526865160849 0.05 0.05
0 0.2066334060574949 0.2820136036960986 0.05 0.05
0 0.17891266683778237 0.21767411019849423 0.05 0.05
0 0.26207488449691996 0.18071312457221086 0.05 0.05
0 0.2785019892197126 0.28475145448323075 0.05 0.05
0 0.264128272587269 0.11500470568104042 0.05 0.05
0 0.2785019892197126 0.09720867556468171 0.05 0.05
0 0.2897956237166325 0.09310189938398353 0.05 0.05
0 0.21792704055441484 0.12869395961670094 0.05 0.05
0 0.19944654774127316 0.10679115331964403 0.05 0.05
0 0.4448264245379877 0.21356733401779604 0.05 0.05
0 0.4520132828542095 0.2012470054757016 0.05 0.05
0 0.3565307366529774 0.039713809034907635 0.05 0.05
0 0.6778859727926079 0.3326638432580424 0.05 0.05
0 0.5526292992813142 0.19850915468856947 0.05 0.05
