0 0.19724104020979016 0.131286421911422 0.05 0.05
0 0.26804523601398605 0.09981789044289044 0.05 0.05
0 0.2772235576923077 0.09981789044289044 0.05 0.05
0 0.3021361451048951 0.09632138694638688 0.05 0.05
0 0.35196131993006996 0.08583187645687644 0.05 0.05
0 0.37294034090909095 0.07534236596736589 0.05 0.05
0 0.28902425699300704 0.12604166666666666 0.05 0.05
0 0.3572060751748252 0.15051719114219111 0.05 0.05
0 0.3454053758741259 0.22044726107226112 0.05 0.05
0 0.40440887237762235 0.22219551282051278 0.05 0.05
0 0.4384997814685315 0.2064612470862471 0.05 0.05
0 0.448989291958042 0.20820949883449877 0.05 0.05
0 0.1841291520979021 0.30611159673659666 0.05 0.05
0 0.22608719405594407 0.4040136946386947 0.05 0.05
0 0.09365712412587412 0.4547129953379953 0.05 0.05
0 0.1382375437062937 0.4582094988344989 0.05 0.05
0 0.08710118006993009 0.533384324009324 0.05 0.05
0 0.03334243881118879 0.7606570512820513 0.05 0.05
0 0.25493334790209793 0.7519157925407925 0.05 0.05
0 0.3073809003496504 0.7763913170163171 0.05 0.05
0 0.4175207604895105 0.7693983100233102 0.05 0.05
0 0.3532725087412588 0.9372304778554779 0.05 0.05
0 0.3060697115384615 0.4127549533799533 0.05 0.05
0 0.3467165646853147 0.41100670163170155 0.05 0.05
0 0.45685642482517486 0.5298878205128206 0.05 0.05
0 0.5237270541958041 0.533384324009324 0.05 0.05
0 0.5486396416083916 0.4721955128205128 0.05 0.05
0 0.8279228583916085 0.8410766317016318 0.05 0.05
0 0.7335172639860141 0.18723047785547778 0.05 0.05
0 0.7741641171328674 0.21520250582750577 0.05 0.05
