0 0.11833771817248465 0.7145940280629707 0.05 0.05
0 0.17583258470225877 0.8487487166324436 0.05 0.05
0 0.4407196483572896 0.778933521560575 0.05 0.05
0 0.3852781699178645 0.49830381587953465 0.05 0.05
0 0.4058120508213553 0.5160998459958932 0.05 0.05
0 0.4458531185831623 0.5229444729637236 0.05 0.05
0 0.47460055184804933 0.5256823237508556 0.05 0.05
0 0.5115615374743328 0.5270512491444216 0.05 0.05
0 0.5567360754620124 0.5297890999315538 0.05 0.05
0 0.5690564040041068 0.5010416666666667 0.05 0.05
0 0.5546826873716634 0.47366315879534576 0.05 0.05
0 0.5793233444558522 0.37236267967145786 0.05 0.05
0 0.7097134881930186 0.4202750684462698 0.05 0.05
0 0.800062564168378 0.41206151608487335 0.05 0.05
0 0.7764486011293636 0.10679115331964403 0.05 0.05
0 0.7487278619096511 0.10542222792607797 0.05 0.05
0 0.6552987037987681 0.08488834702258725 0.05 0.05
0 0.5454424409650925 0.17797527378507874 0.05 0.05
0 0.4458531185831623 0.19850915468856947 0.05 0.05
0 0.36577098305954836 0.2012470054757016 0.05 0.05
0 0.33907693788501037 0.2012470054757016 0.05 0.05
0 0.2928757058521561 0.26284864818617387 0.05 0.05
0 0.2600214964065709 0.19987808008213553 0.05 0.05
0 0.20766010010266944 0.291596081451061 0.05 0.05
0 0.16453895020533885 0.4079547399041753 0.05 0.05
0 0.11628433008213554 0.41479936687200547 0.05 0.05
0 0.18301944301848053 0.14785891512662558 0.05 0.05
0 0.19944654774127316 0.13553858658453113 0.05 0.05
0 0.2117668762833676 0.15059676591375773 0.05 0.05
0 0.21690034650924028 0.132800735797399 0.05 0.05
0 0.26823504876796717 0.09994652635181384 0.05 0.05
0 0.28876892967145795 0.09994652635181384 0.05 0.05
0 0.27028843685831627 0.04108273442847358 0.05 0.05
0 0.2928757058521561 0.04245165982203965 0.05 0.05
0 0.3955451103696099 0.04245165982203965 0.05 0.05
0 0.41505229722792614 0.04382058521560571 0.05 0.05
