0 0.2732442521141649 0.0930078400281887 0.05 0.05
0 0.29227173625792807 0.08032285059901317 0.05 0.05
0 0.32556983350951374 0.08666534531360087 0.05 0.05
0 0.34142607029598315 0.08666534531360087 0.05 0.05
0 0.35569668340380556 0.09300784002818858 0.05 0.05
0 0.4016797700845666 0.19871608527131765 0.05 0.05
0 0.35569668340380556 0.20928690979563053 0.05 0.05
0 0.31605609143763214 0.20928690979563053 0.05 0.05
0 0.2780011231501057 0.21562940451021836 0.05 0.05
0 0.45559097515856245 0.1923735905567298 0.05 0.05
0 0.17334996035940803 0.2938535059901337 0.05 0.05
0 0.21774742336152214 0.35305012332628594 0.05 0.05
0 0.2653161337209302 0.34670762861169824 0.05 0.05
0 0.17493558403805493 0.4587583685694149 0.05 0.05
0 0.23043241279069768 0.46932919309372784 0.05 0.05
0 0.15749372357293867 0.7674264446793515 0.05 0.05
0 0.5523140195560254 0.4629866983791401 0.05 0.05
0 0.7156332584566597 0.7103439922480619 0.05 0.05
0 0.7901575713530656 0.7357139711064129 0.05 0.05
0 0.5982971062367866 0.09935033474277641 0.05 0.05
0 0.6268383324524314 0.08666534531360087 0.05 0.05
0 0.7124620110993659 0.156432787174066 0.05 0.05
0 0.8678531316067655 0.2409993833685692 0.05 0.05
