0 0.20641936188811183 0.14177593240093245 0.05 0.05
0 0.282468312937063 0.14527243589743588 0.05 0.05
0 0.3047585227272727 0.17324446386946377 0.05 0.05
0 0.2746011800699301 0.10156614219114223 0.05 0.05
0 0.2864018793706294 0.11205565268065266 0.05 0.05
0 0.3152480332167832 0.09282488344988345 0.05 0.05
0 0.34016062062937064 0.08583187645687644 0.05 0.05
0 0.35458369755244756 0.08058712121212111 0.05 0.05
0 0.36507320804195803 0.08058712121212111 0.05 0.05
0 0.41883194930069934 0.24492278554778554 0.05 0.05
0 0.4384997814685315 0.20820949883449877 0.05 0.05
0 0.4476781031468532 0.20995775058275054 0.05 0.05
0 0.35589488636363636 0.241426282051282 0.05 0.05
0 0.1172585227272727 0.35681089743589745 0.05 0.05
0 0.14085992132867134 0.4145032051282051 0.05 0.05
0 0.1788843968531469 0.4040136946386947 0.05 0.05
0 0.21166411713286712 0.40751019813519823 0.05 0.05
0 0.2628004807692308 0.3445731351981352 0.05 0.05
0 0.33622705419580423 0.3375801282051282 0.05 0.05
0 0.400475305944056 0.34981789044289047 0.05 0.05
0 0.4660347465034965 0.5368808275058276 0.05 0.05
0 0.5211046765734266 0.5386290792540792 0.05 0.05
0 0.5512620192307693 0.4686990093240093 0.05 0.05
0 0.2628004807692308 0.7554122960372961 0.05 0.05
0 0.32049278846153845 0.7711465617715618 0.05 0.05
0 0.3454053758741259 0.9424752331002332 0.05 0.05
0 0.40572006118881115 0.7798878205128206 0.05 0.05
0 0.7571186625874127 0.17324446386946377 0.05 0.05
0 0.8200557255244757 0.20296474358974356 0.05 0.05
