0 0.6001062258919961 0.4868983044037287 0.05 0.05
0 0.5470686174059788 0.46889766152362594 0.05 0.05
0 0.49981692984570875 0.531899911603986 0.05 0.05
0 0.4487079616682738 0.56661543715847 0.05 0.05
0 0.4053135547251688 0.5267568707810993 0.05 0.05
0 0.39374171287367404 0.5048989472838316 0.05 0.05
0 0.2924880966730955 0.5383287126325941 0.05 0.05
0 0.19123448047251684 0.4110384522661524 0.05 0.05
0 0.27995193466730955 0.7761943506910961 0.05 0.05
0 0.2703087331243973 0.745336105753777 0.05 0.05
0 0.36770506870781094 0.7929092333654775 0.05 0.05
0 0.2973096974445516 0.14102880906460946 0.05 0.05
0 0.26355849204435866 0.14360032947605272 0.05 0.05
0 0.28380921528447445 0.09731296207007402 0.05 0.05
0 0.3088815392960463 0.09345568145290907 0.05 0.05
0 0.3407041043876567 0.09602720186435233 0.05 0.05
0 0.21823544479267118 0.09731296207007402 0.05 0.05
0 0.4487079616682738 0.20788833976213444 0.05 0.05
0 0.6435006328351013 0.1911734570877532 0.05 0.05
0 0.6868950397782063 0.19631649791063974 0.05 0.05
0 0.6290358305207329 0.07674079877852785 0.05 0.05
0 0.599141905737705 0.07931231918997111 0.05 0.05
0 0.8334717032304726 0.3171779572484732 0.05 0.05
0 0.7563260908871745 0.9009130906460945 0.05 0.05
0 0.39277739271938283 0.06131167630986833 0.05 0.05
