0 0.27765265115163146 0.16514915227127341 0.05 0.05
0 0.2824511156429943 0.22273072616762637 0.05 0.05
0 0.31795975287907874 0.1587511996161228 0.05 0.05
0 0.3035643594049905 0.09221249200255907 0.05 0.05
0 0.1960787547984645 0.08453494881637873 0.05 0.05
0 0.18072366842610368 0.07685740563019827 0.05 0.05
0 0.13849718090211133 0.4402611164427383 0.05 0.05
0 0.15289257437619966 0.5733385316698656 0.05 0.05
0 0.05212482005758158 0.5810160748560461 0.05 0.05
0 0.20375629798464495 0.7473628438899553 0.05 0.05
0 0.27477357245681383 0.7563199776071657 0.05 0.05
0 0.4120096569097889 0.5272732725527831 0.05 0.05
0 0.4052918066218811 0.505520233525272 0.05 0.05
0 0.4177678142994242 0.4748100607805502 0.05 0.05
0 0.5098983325335893 0.5387895873320537 0.05 0.05
0 0.5396488123800385 0.5298324536148432 0.05 0.05
0 0.5569232845489445 0.4914447376839411 0.05 0.05
0 0.5310115762955855 0.46201415547024943 0.05 0.05
0 0.7738138795585413 0.5208753198976327 0.05 0.05
0 0.766136336372361 0.6194037907869482 0.05 0.05
0 0.8448311540307103 0.5874140275111964 0.05 0.05
0 0.7949271233205375 0.1638695617402431 0.05 0.05
0 0.6576910388675625 0.1126859404990403 0.05 0.05
0 0.6020288507677545 0.1382777511196417 0.05 0.05
0 0.6269808661228408 0.19330014395393463 0.05 0.05
0 0.3534683901151632 0.08965331094049904 0.05 0.05
0 0.3448311540307102 0.10500839731285984 0.05 0.05
0 0.4465586012476008 0.2112144113883557 0.05 0.05
