0 0.07803652831094049 0.597650751759437 0.05 0.05
0 0.005099868042226496 0.5579834452975049 0.05 0.05
0 0.1212227087332054 0.43770193538067825 0.05 0.05
0 0.20567568378119003 0.4236264395393474 0.05 0.05
0 0.2517409428982726 0.4057121721049263 0.05 0.05
0 0.18552213291746647 0.30078574856046053 0.05 0.05
0 0.2008772192898273 0.2419245841330774 0.05 0.05
0 0.2603781789827256 0.23296745041586686 0.05 0.05
0 0.2536603286948177 0.17666546705054376 0.05 0.05
0 0.32179852447216895 0.344291826615483 0.05 0.05
0 0.40817088531669865 0.25344089891234794 0.05 0.05
0 0.44751829414587335 0.21633277351247598 0.05 0.05
0 0.40817088531669865 0.5183161388355726 0.05 0.05
0 0.3966545705374281 0.4965630998080614 0.05 0.05
0 0.4072111924184261 0.46841210812539985 0.05 0.05
0 0.23830524232245684 0.65395273512476 0.05 0.05
0 0.5194952615163149 0.579736484325016 0.05 0.05
0 0.5588426703454895 0.6091670665387077 0.05 0.05
0 0.5434875839731287 0.4645733365323096 0.05 0.05
0 0.5070192538387717 0.5311120441458733 0.05 0.05
0 0.8659443977927064 0.5234345009596929 0.05 0.05
0 0.9312035148752399 0.5336712252079335 0.05 0.05
0 0.9715106166026871 0.762717930262316 0.05 0.05
0 0.7354261636276392 0.27647352847088935 0.05 0.05
0 0.6970384476967372 0.2649572136916187 0.05 0.05
0 0.6087467010556622 0.12420225527831086 0.05 0.05
0 0.6260211732245682 0.12932061740243117 0.05 0.05
0 0.6461747240882918 0.11012675943698014 0.05 0.05
0 0.6807236684261038 0.10884716890595006 0.05 0.05
0 0.3457908469289828 0.09861044465770945 0.05 0.05
0 0.3064434380998081 0.09477167306461923 0.05 0.05
