0 0.30435267857142856 0.084375 0.05 0.05
0 0.2011780753968253 0.04733796296296286 0.05 0.05
0 0.18332093253968249 0.21665013227513227 0.05 0.05
0 0.2924479166666666 0.240459656084656 0.05 0.05
0 0.43728918650793636 0.2060681216931216 0.05 0.05
0 0.5484002976190474 0.20871362433862425 0.05 0.05
0 0.5484002976190474 0.08702050264550264 0.05 0.05
0 0.5583209325396824 0.457390873015873 0.05 0.05
0 0.5860987103174602 0.48913690476190474 0.05 0.05
0 0.5642733134920633 0.5155919312169311 0.05 0.05
0 0.4035590277777777 0.4732638888888888 0.05 0.05
0 0.3956225198412698 0.5103009259259258 0.05 0.05
0 0.40752728174603164 0.5526289682539681 0.05 0.05
0 0.20316220238095228 0.39918981481481475 0.05 0.05
0 0.06824156746031743 0.457390873015873 0.05 0.05
0 0.03252728174603172 0.5129464285714285 0.05 0.05
0 0.1654637896825396 0.5182374338624337 0.05 0.05
0 0.30236855158730147 0.7563326719576718 0.05 0.05
0 0.2984002976190475 0.7986607142857143 0.05 0.05
0 0.3539558531746031 0.7986607142857143 0.05 0.05
0 0.37974950396825385 0.7854332010582009 0.05 0.05
0 0.4114955357142856 0.7431051587301586 0.05 0.05
0 0.4452256944444444 0.7483961640211639 0.05 0.05
