0 0.27165862843551797 0.0930078400281887 0.05 0.05
0 0.2875148652219873 0.09300784002818858 0.05 0.05
0 0.30019985465116283 0.09300784002818858 0.05 0.05
0 0.33349795190274845 0.08666534531360087 0.05 0.05
0 0.344597317653277 0.08032285059901317 0.05 0.05
0 0.21933304704016915 0.16066111698379118 0.05 0.05
0 0.2288467891120507 0.22408606412966858 0.05 0.05
0 0.2780011231501057 0.19660192036645513 0.05 0.05
0 0.29702860729386893 0.1860310958421421 0.05 0.05
0 0.34301169397463005 0.17968860112755441 0.05 0.05
0 0.37472416754756877 0.17334610641296672 0.05 0.05
0 0.39533727536997887 0.1860310958421421 0.05 0.05
0 0.4492484804439747 0.21562940451021836 0.05 0.05
0 0.46034784619450325 0.19660192036645513 0.05 0.05
0 0.6855064085623679 0.22408606412966858 0.05 0.05
0 0.7489313557082454 0.22197189922480595 0.05 0.05
0 0.5491427721987316 0.46932919309372784 0.05 0.05
0 0.3636248017970402 0.7927964235377025 0.05 0.05
0 0.5760983747357294 0.6321198907681465 0.05 0.05
0 0.7219757531712474 0.5538957892882309 0.05 0.05
0 0.8837093683932349 0.5348683051444678 0.05 0.05
0 0.7552738504228331 0.6807456835799858 0.05 0.05
0 0.9122505946088797 0.6722890239605355 0.05 0.05
0 0.9407918208245244 0.820280567300916 0.05 0.05
0 0.8424831527484145 0.8118239076814657 0.05 0.05
0 0.5507283958773785 0.15854695207892863 0.05 0.05
