0 0.2066480576109936 0.06763786116983776 0.05 0.05
0 0.22408991807610992 0.07186619097956282 0.05 0.05
0 0.27007300475687107 0.09300784002818858 0.05 0.05
0 0.2827579941860465 0.09512200493305123 0.05 0.05
0 0.29702860729386893 0.09089367512332605 0.05 0.05
0 0.32556983350951374 0.09089367512332605 0.05 0.05
0 0.34142607029598315 0.09089367512332605 0.05 0.05
0 0.36045355443974636 0.09089367512332605 0.05 0.05
0 0.4444916094080339 0.20294441508104283 0.05 0.05
0 0.45717659883720935 0.19871608527131765 0.05 0.05
0 0.466690340909091 0.22197189922480595 0.05 0.05
0 0.4080222647991544 0.23254272374911883 0.05 0.05
0 0.3874091569767442 0.23254272374911883 0.05 0.05
0 0.42387850158562373 0.2198577343199434 0.05 0.05
0 0.36203917811839326 0.247341878083157 0.05 0.05
0 0.344597317653277 0.22197189922480595 0.05 0.05
0 0.3144704677589852 0.2536843727977447 0.05 0.05
0 0.2938573599365751 0.2304285588442563 0.05 0.05
0 0.30654234936575053 0.1839169309372796 0.05 0.05
0 0.2621448863636363 0.19448775546159247 0.05 0.05
0 0.19237744450317124 0.16911777660324154 0.05 0.05
0 0.2098193049682875 0.22620022903453124 0.05 0.05
0 0.2447030258985201 0.22197189922480595 0.05 0.05
0 0.14956560517970402 0.35727845313601114 0.05 0.05
0 0.2589736390063425 0.41647507047216337 0.05 0.05
0 0.2843436178646934 0.42916005990133876 0.05 0.05
0 0.33825482293868925 0.48412834742776584 0.05 0.05
0 0.3842379096194503 0.47778585271317814 0.05 0.05
0 0.3921660280126851 0.5073841613812543 0.05 0.05
0 0.4524197278012686 0.5454391296687807 0.05 0.05
0 0.5190159223044398 0.5454391296687807 0.05 0.05
0 0.5475571485200846 0.47567168780831554 0.05 0.05
0 0.17493558403805493 0.7061156624383368 0.05 0.05
0 0.19871993921775896 0.7251431465821 0.05 0.05
0 0.5126734275898521 0.991527924594785 0.05 0.05
0 0.683920784883721 0.5390966349541929 0.05 0.05
0 0.6950201506342496 0.46721502818886523 0.05 0.05
0 0.7172188821353067 0.40379008104298786 0.05 0.05
0 0.7314894952431291 0.5242974806201548 0.05 0.05
0 0.7616163451374207 0.5496674594785059 0.05 0.05
0 0.8060138081395349 0.4925850070472162 0.05 0.05
0 0.6981913979915435 0.22831439393939376 0.05 0.05
0 0.7552738504228331 0.22831439393939376 0.05 0.05
0 0.5776839984143763 0.08877951021846352 0.05 0.05
0 0.6189102140591967 0.08455118040873835 0.05 0.05
0 0.8884662394291756 0.27482602184637045 0.05 0.05
