0 0.2263333004731861 0.15123444619698603 0.05 0.05
0 0.2610336159305993 0.14422428145811458 0.05 0.05
0 0.2810125854363827 0.13020395198037182 0.05 0.05
0 0.28732173370136693 0.11758565545040346 0.05 0.05
0 0.3094037526288117 0.11898768839817772 0.05 0.05
0 0.33674339511041 0.12459582018927477 0.05 0.05
0 0.3567223646161934 0.1273998860848233 0.05 0.05
0 0.3893196306519452 0.12038972134595198 0.05 0.05
0 0.3335888209779179 0.2129238958990539 0.05 0.05
0 0.3094037526288117 0.2129238958990539 0.05 0.05
0 0.3588254140378548 0.16525477567472865 0.05 0.05
0 0.4608233109884331 0.20170763231685976 0.05 0.05
0 0.21266347923238693 0.40360037679635496 0.05 0.05
0 0.3861650565194531 0.5003406501927797 0.05 0.05
0 0.41560774842271286 0.5269792762004909 0.05 0.05
0 0.44820501445846467 0.5269792762004909 0.05 0.05
0 0.5218117442166139 0.5353914738871366 0.05 0.05
0 0.5544090102523658 0.5199691114616196 0.05 0.05
0 0.56071815851735 0.4947325184016827 0.05 0.05
0 0.5470483372765508 0.4680938923939715 0.05 0.05
0 0.6858495991062037 0.7302740536277603 0.05 0.05
0 0.42296842139852775 0.7863553715387313 0.05 0.05
0 0.3630315128811776 0.8270143270241852 0.05 0.05
0 0.31991899973711874 0.7625208114265687 0.05 0.05
0 0.5491513866982122 0.18488323694356848 0.05 0.05
