0 0.6222254513129103 0.24064779358132746 0.05 0.05
0 0.6337134163019694 0.1881313822027715 0.05 0.05
0 0.5483742478118162 0.21438958789204948 0.05 0.05
0 0.6714595869803064 0.11373313274981751 0.05 0.05
0 0.7124880333698032 0.1553086250911741 0.05 0.05
0 0.7371051012035011 0.14655588986141493 0.05 0.05
0 0.7371051012035011 0.11154494894237767 0.05 0.05
0 0.6993589305251642 0.22970687454412822 0.05 0.05
0 0.6796652762582058 0.2428359773887672 0.05 0.05
0 0.6566893462800876 0.36099790299051776 0.05 0.05
0 0.8027506154266961 0.3960088439095549 0.05 0.05
0 0.8585493025164116 0.3763151896425966 0.05 0.05
0 0.5483742478118162 0.4660307257476294 0.05 0.05
0 0.5057046635667397 0.533864423778264 0.05 0.05
0 0.8208031318380746 0.7176718636032092 0.05 0.05
0 0.8930131974835888 0.6979782093362509 0.05 0.05
0 0.39410728938730855 0.49885348285922676 0.05 0.05
0 0.4055952543763676 0.5316762399708241 0.05 0.05
0 0.4499059764770242 0.58419265134938 0.05 0.05
0 0.4449825629102845 0.6410854303428155 0.05 0.05
0 0.3333851887308534 0.785505561633844 0.05 0.05
0 0.30220356947483584 0.7526828045222466 0.05 0.05
0 0.24476374452954047 0.7811291940189643 0.05 0.05
0 0.1266018189277899 0.5776280999270604 0.05 0.05
0 0.15121888676148795 0.5272998723559444 0.05 0.05
0 0.2743042259299781 0.3281751458789203 0.05 0.05
0 0.30876812089715544 0.3369278811086797 0.05 0.05
0 0.28579219091903724 0.27784691830780434 0.05 0.05
0 0.23655805525164114 0.2756587345003646 0.05 0.05
0 0.20865871170678338 0.25815326404084604 0.05 0.05
0 0.24968715809628006 0.15312044128373437 0.05 0.05
0 0.2775865016411379 0.1925077498176512 0.05 0.05
0 0.2923567423413567 0.16187317651349364 0.05 0.05
0 0.44334142505470464 0.20782503646972994 0.05 0.05
0 0.3497965672866521 0.08747492706053954 0.05 0.05
0 0.31861494803063456 0.08091037563822011 0.05 0.05
0 0.18404164387308533 0.07872219183078026 0.05 0.05
0 0.41544208150984685 0.5469935266229029 0.05 0.05
0 0.5746324535010942 0.1596849927060538 0.05 0.05
