0 0.21109871031746033 0.1267030423280423 0.05 0.05
0 0.24879712301587292 0.11612103174603164 0.05 0.05
0 0.28054315476190467 0.11347552910052912 0.05 0.05
0 0.3063368055555554 0.10024801587301582 0.05 0.05
0 0.28252728174603164 0.2325231481481481 0.05 0.05
0 0.24681299603174595 0.2192956349206348 0.05 0.05
0 0.2011780753968253 0.22194113756613756 0.05 0.05
0 0.38768601190476176 0.240459656084656 0.05 0.05
0 0.4531622023809523 0.20871362433862425 0.05 0.05
0 0.5444320436507935 0.21400462962962952 0.05 0.05
0 0.5583209325396824 0.48384589947089934 0.05 0.05
0 0.5761780753968252 0.5023644179894179 0.05 0.05
0 0.5642733134920633 0.5208829365079364 0.05 0.05
0 0.40554315476190467 0.4732638888888888 0.05 0.05
0 0.3857018849206348 0.49707341269841265 0.05 0.05
0 0.4095114087301586 0.5367559523809523 0.05 0.05
0 0.2170510912698412 0.6637400793650793 0.05 0.05
0 0.2984002976190475 0.8039517195767195 0.05 0.05
0 0.3162574404761904 0.7722056878306878 0.05 0.05
0 0.361892361111111 0.7880787037037036 0.05 0.05
0 0.39760664682539676 0.8145337301587301 0.05 0.05
0 0.42141617063492054 0.7298776455026454 0.05 0.05
0 0.4531622023809523 0.7483961640211639 0.05 0.05
0 0.5583209325396824 0.6478670634920634 0.05 0.05
0 0.6198288690476189 0.6478670634920634 0.05 0.05
0 0.8678447420634917 0.5949570105820106 0.05 0.05
