0 0.5680679020787747 0.1312386032093362 0.05 0.05
0 0.6041729349015318 0.1553086250911741 0.05 0.05
0 0.5483742478118162 0.21438958789204948 0.05 0.05
0 0.6205843134573306 0.13342678701677593 0.05 0.05
0 0.6484836570021882 0.12905041940189624 0.05 0.05
0 0.6419191055798688 0.25815326404084604 0.05 0.05
0 0.6681773112691467 0.2515887126185265 0.05 0.05
0 0.7748512718818381 0.20782503646972994 0.05 0.05
0 0.8208031318380746 0.1925077498176512 0.05 0.05
0 0.21522326312910284 0.059028537563821835 0.05 0.05
0 0.238199193107221 0.05027580233406255 0.05 0.05
0 0.31369153446389497 0.09622766229029894 0.05 0.05
0 0.3645668079868709 0.10716858132749808 0.05 0.05
0 0.39082501367614875 0.10498039752005824 0.05 0.05
0 0.3563611187089716 0.1443677060539751 0.05 0.05
0 0.44005914934354495 0.2100132202771698 0.05 0.05
0 0.45811166575492346 0.20344866885485036 0.05 0.05
0 0.34159087800875276 0.22970687454412822 0.05 0.05
0 0.30220356947483584 0.23189505835156807 0.05 0.05
0 0.2743042259299781 0.21876595550692918 0.05 0.05
0 0.18568278172866517 0.22751869073668834 0.05 0.05
0 0.20865871170678338 0.17062591174325295 0.05 0.05
0 0.17091254102844636 0.33473969730123976 0.05 0.05
0 0.24804602024070027 0.4178906819839531 0.05 0.05
0 0.25132829595185996 0.48791256382202763 0.05 0.05
0 0.2628162609409191 0.5863808351568198 0.05 0.05
0 0.23655805525164114 0.6804727388767323 0.05 0.05
0 0.29892129376367615 0.8008228482859228 0.05 0.05
0 0.33010291301969363 0.7658119073668855 0.05 0.05
0 0.37605477297592993 0.7876937454412837 0.05 0.05
0 0.3497965672866521 0.7964464806710432 0.05 0.05
0 0.41544208150984685 0.7220482312180889 0.05 0.05
0 0.4466237007658644 0.7308009664478483 0.05 0.05
0 0.400671840809628 0.5097944018964259 0.05 0.05
0 0.40395411652078783 0.5404289752005835 0.05 0.05
0 0.5598622128008753 0.533864423778264 0.05 0.05
0 0.5811970049234136 0.5010416666666666 0.05 0.05
0 0.5434508342450767 0.46384254194018953 0.05 0.05
