0 0.7969824820328544 0.38331408281998613 0.05 0.05
0 0.7836354594455853 0.3614112765229296 0.05 0.05
0 0.7302473690965093 0.37099375427789194 0.05 0.05
0 0.7158736524640659 0.2902271560574949 0.05 0.05
0 0.8041693403490762 0.28475145448323075 0.05 0.05
0 0.8452371021560576 0.8870786276522931 0.05 0.05
0 0.7918490118069815 0.7406036105407257 0.05 0.05
0 0.4920543506160165 0.5927596680355921 0.05 0.05
0 0.4674136935318276 0.6297206536618755 0.05 0.05
0 0.4489332007186859 0.5393715776865161 0.05 0.05
0 0.36371759496919925 0.5037795174537988 0.05 0.05
0 0.3934917222792609 0.48735241273100616 0.05 0.05
0 0.5136149255646818 0.535264801505818 0.05 0.05
0 0.5454424409650925 0.4791388603696099 0.05 0.05
0 0.25078125000000007 0.8186323579739905 0.05 0.05
0 0.0341488064681725 0.6776330424366873 0.05 0.05
0 0.1203911062628337 0.41343044147843944 0.05 0.05
0 0.1655656442505134 0.4106925906913074 0.05 0.05
0 0.21484695841889123 0.1944023785078713 0.05 0.05
0 0.23538083932238196 0.17523742299794662 0.05 0.05
0 0.2661816606776181 0.17113064681724843 0.05 0.05
0 0.29698248203285427 0.15059676591375773 0.05 0.05
0 0.44277303644763866 0.22451873716632445 0.05 0.05
0 0.45509336498973313 0.20946055783709785 0.05 0.05
0 0.2928757058521561 0.09583975017111565 0.05 0.05
0 0.2785019892197126 0.09036404859685139 0.05 0.05
0 0.25488802618069817 0.08351942162902119 0.05 0.05
0 0.19225968942505137 0.05750983915126622 0.05 0.05
0 0.5454424409650925 0.18071312457221086 0.05 0.05
