0 0.19592985139860136 0.04212558275058278 0.05 0.05
0 0.3191815996503497 0.09282488344988345 0.05 0.05
0 0.34409418706293715 0.08233537296037288 0.05 0.05
0 0.35196131993006996 0.08233537296037288 0.05 0.05
0 0.3047585227272727 0.227440268065268 0.05 0.05
0 0.33753824300699303 0.22394376456876455 0.05 0.05
0 0.442433347902098 0.20820949883449877 0.05 0.05
0 0.45161166958041965 0.213454254079254 0.05 0.05
0 0.23264313811188814 0.36205565268065265 0.05 0.05
0 0.08841236888111888 0.5770906177156178 0.05 0.05
0 0.14741586538461537 0.7431745337995339 0.05 0.05
0 0.19199628496503496 0.7519157925407925 0.05 0.05
0 0.386052229020979 0.5106570512820513 0.05 0.05
0 0.39916411713286715 0.5351325757575758 0.05 0.05
0 0.45816761363636366 0.5368808275058276 0.05 0.05
0 0.5237270541958041 0.5386290792540792 0.05 0.05
0 0.5761746066433566 0.5298878205128206 0.05 0.05
0 0.587975305944056 0.5089087995337995 0.05 0.05
0 0.5486396416083916 0.4721955128205128 0.05 0.05
0 0.6286221590909091 0.2536640442890442 0.05 0.05
0 0.7636746066433568 0.19597173659673656 0.05 0.05
0 0.7938319493006996 0.21170600233100234 0.05 0.05
0 0.7885871940559441 0.33583187645687645 0.05 0.05
0 0.7728529283216785 0.7554122960372961 0.05 0.05
0 0.8882375437062938 0.7886290792540793 0.05 0.05
