0 0.07418987422997948 0.44491572553045866 0.05 0.05
0 0.01874839579055443 0.5516919062286105 0.05 0.05
0 0.042362358829568805 0.5818082648870637 0.05 0.05
0 0.1881529132443532 0.3504598733744011 0.05 0.05
0 0.23024736909650928 0.34498417180013685 0.05 0.05
0 0.16145886806981524 0.8391662388774813 0.05 0.05
0 0.31032950462012326 0.3436152464065709 0.05 0.05
0 0.31032950462012326 0.4503914271047228 0.05 0.05
0 0.3493438783367557 0.4106925906913074 0.05 0.05
0 0.4191590734086243 0.7734578199863108 0.05 0.05
0 0.4684403875770021 0.6201381759069131 0.05 0.05
0 0.49924120893223833 0.5845461156741958 0.05 0.05
0 0.4612535292607804 0.5284201745379877 0.05 0.05
0 0.5146416196098563 0.5325269507186859 0.05 0.05
0 0.5464691350102671 0.4681874572210815 0.05 0.05
0 0.6676190323408625 0.2861203798767967 0.05 0.05
0 0.6717258085215606 0.26969327515400415 0.05 0.05
0 0.7014999358316223 0.27106220054757013 0.05 0.05
0 0.7271672869609858 0.37236267967145786 0.05 0.05
0 0.8277833033880905 0.3573045003422313 0.05 0.05
0 0.6778859727926079 0.13553858658453113 0.05 0.05
0 0.6327114348049283 0.11637363107460648 0.05 0.05
0 0.5516026052361397 0.19577130390143746 0.05 0.05
0 0.44995989476386045 0.20672270704996573 0.05 0.05
0 0.4417463424024642 0.21904303559206018 0.05 0.05
0 0.4047853567761807 0.1656549452429843 0.05 0.05
0 0.2589948023613963 0.16017924366872005 0.05 0.05
0 0.21279357032854213 0.16976172142368237 0.05 0.05
0 0.2189537345995894 0.15059676591375773 0.05 0.05
0 0.20766010010266944 0.10405330253251203 0.05 0.05
0 0.18917960728952776 0.09447082477754959 0.05 0.05
0 0.21074018223819305 0.2436836926762491 0.05 0.05
0 0.27644860112936354 0.1013154517453799 0.05 0.05
0 0.2928757058521561 0.09310189938398353 0.05 0.05
0 0.6758325847022588 0.3039164099931554 0.05 0.05
