0 0.4053135547251688 0.5203280697524912 0.05 0.05
0 0.4004919539537126 0.4971843860495018 0.05 0.05
0 0.42170699734811956 0.4701834217293475 0.05 0.05
0 0.21052088355834134 0.49204134522661536 0.05 0.05
0 0.1719480773866924 0.4868983044037287 0.05 0.05
0 0.49306668876567017 0.5409002330440373 0.05 0.05
0 0.2548796106557377 0.6180458453873353 0.05 0.05
0 0.7428256087270974 0.5473290340726454 0.05 0.05
0 0.7322180870298939 0.30689187560270015 0.05 0.05
0 0.6676086366923818 0.3043203551912569 0.05 0.05
0 0.6309644708293154 0.2914627531340405 0.05 0.05
0 0.792970256750241 0.29660579395692704 0.05 0.05
0 0.6859307196239152 0.22331746223079396 0.05 0.05
0 0.7958632172131148 0.24903266634522664 0.05 0.05
0 0.8421505846190935 0.2528899469623916 0.05 0.05
0 0.8865093117164898 0.4046096512375442 0.05 0.05
0 0.2587368912729026 0.36089380424300876 0.05 0.05
0 0.1651978363066538 0.3351786001285761 0.05 0.05
0 0.35516890670202506 0.2876054725168757 0.05 0.05
0 0.39952763379942136 0.2850339521054323 0.05 0.05
0 0.346490025313404 0.33903588074574104 0.05 0.05
0 0.40917083534233367 0.3596080440372871 0.05 0.05
0 0.4506366019768563 0.2156029009964642 0.05 0.05
0 0.34745434546769527 0.15388641112182586 0.05 0.05
0 0.3146674602217936 0.16417249276759888 0.05 0.05
0 0.234628887415622 0.19760225811636142 0.05 0.05
0 0.2336645672613308 0.17188705400192864 0.05 0.05
0 0.20955656340405016 0.174458574413372 0.05 0.05
0 0.19123448047251684 0.1384572886531662 0.05 0.05
0 0.18544855954676953 0.0741692783670846 0.05 0.05
0 0.21341384402121505 0.07288351816136292 0.05 0.05
0 0.2886308160559306 0.09216992124718738 0.05 0.05
0 0.3108101796046287 0.09988448248151727 0.05 0.05
0 0.3493829857762777 0.09859872227579558 0.05 0.05
0 0.5461042972516875 0.46889766152362594 0.05 0.05
