0 0.3803397912667947 0.09477167306461923 0.05 0.05
0 0.36402501199616133 0.09477167306461923 0.05 0.05
0 0.30932251679462575 0.07685740563019827 0.05 0.05
0 0.2834108085412669 0.0806961772232885 0.05 0.05
0 0.2939674304222649 0.09093290147152899 0.05 0.05
0 0.2651766434740883 0.09733085412667937 0.05 0.05
0 0.18648182581573897 0.11012675943698014 0.05 0.05
0 0.21719199856046068 0.23424704094689694 0.05 0.05
0 0.2517409428982726 0.2777531190019194 0.05 0.05
0 0.2882092730326296 0.2649572136916187 0.05 0.05
0 0.2805317298464492 0.2368062220089571 0.05 0.05
0 0.3227582173704415 0.2368062220089571 0.05 0.05
0 0.35442808301343576 0.22401031669865645 0.05 0.05
0 0.4052918066218811 0.2112144113883557 0.05 0.05
0 0.4465586012476008 0.2150531829814459 0.05 0.05
0 0.41296934980806144 0.4786488323736405 0.05 0.05
0 0.394735184740883 0.5093590051183622 0.05 0.05
0 0.40817088531669865 0.5323916346769034 0.05 0.05
0 0.5089386396353167 0.5349508157389635 0.05 0.05
0 0.5511651271593091 0.525993682021753 0.05 0.05
0 0.5626814419385797 0.506799824056302 0.05 0.05
0 0.5492457413627639 0.47225087971849006 0.05 0.05
0 0.5204549544145874 0.853568857965451 0.05 0.05
0 0.4254453574856047 0.8369341810620602 0.05 0.05
0 0.5981900791746642 0.8190199136276392 0.05 0.05
0 0.7181516914587334 0.8369341810620602 0.05 0.05
0 0.7958868162188101 0.7895893314139476 0.05 0.05
0 0.860186240403071 0.8676443538067818 0.05 0.05
0 0.8736219409788868 0.7844709692898273 0.05 0.05
0 0.6528925743761997 0.3033449296225207 0.05 0.05
0 0.6855221329174664 0.23936540307101725 0.05 0.05
0 0.7335067778310942 0.24064499360204733 0.05 0.05
0 0.5655605206333973 0.10500839731285984 0.05 0.05
