0 0.14784007352941175 0.39560932979749286 0.05 0.05
0 0.28091625482160076 0.2040310591449695 0.05 0.05
0 0.204734962632594 0.07288351816136292 0.05 0.05
0 0.19123448047251684 0.07802655898424954 0.05 0.05
0 0.2828448951301832 0.08959840083574425 0.05 0.05
0 0.30984585945033755 0.09345568145290907 0.05 0.05
0 0.3426327446962391 0.10631328351012546 0.05 0.05
0 0.3908487524108003 0.22974626325940217 0.05 0.05
0 0.45160092213114755 0.2104598601735777 0.05 0.05
0 0.6203569491321119 0.18988769688203153 0.05 0.05
0 0.672430237463838 0.1924592172934748 0.05 0.05
0 0.7823627350530377 0.1873161764705883 0.05 0.05
0 0.7495758498071359 0.18860193667630984 0.05 0.05
0 0.8585440272420444 0.5704727177756349 0.05 0.05
0 0.7833270552073289 0.5743299983927999 0.05 0.05
0 0.5904630243490839 0.5087562279009965 0.05 0.05
0 0.5518902181774349 0.4701834217293475 0.05 0.05
0 0.5075314910800386 0.5357571922211508 0.05 0.05
0 0.46413708413693344 0.5717584779813565 0.05 0.05
0 0.4033849144165863 0.531899911603986 0.05 0.05
0 0.39374171287367404 0.5074704676952748 0.05 0.05
0 0.4525652422854387 0.6450468097074896 0.05 0.05
0 0.3561332268563163 0.8019095548055287 0.05 0.05
0 0.2973096974445516 0.7851946721311476 0.05 0.05
0 0.2693444129701061 0.7466218659594986 0.05 0.05
0 0.5875700638862102 0.8340535599485697 0.05 0.05
