0 0.21299055232558142 0.167003611698379 0.05 0.05
0 0.247874273255814 0.15854695207892863 0.05 0.05
0 0.29227173625792807 0.16066111698379118 0.05 0.05
0 0.32081296247357294 0.15854695207892863 0.05 0.05
0 0.32398420983086684 0.22408606412966858 0.05 0.05
0 0.37313854386892176 0.14586196264975312 0.05 0.05
0 0.44132036205074004 0.21562940451021836 0.05 0.05
0 0.45717659883720935 0.18814526074700477 0.05 0.05
0 0.45559097515856245 0.20294441508104283 0.05 0.05
0 0.27324425211416487 0.09512200493305123 0.05 0.05
0 0.2843436178646934 0.09512200493305123 0.05 0.05
0 0.2938573599365751 0.09512200493305123 0.05 0.05
0 0.33825482293868925 0.09512200493305123 0.05 0.05
0 0.3461829413319239 0.08032285059901317 0.05 0.05
0 0.7013626453488373 0.13740530303030288 0.05 0.05
0 0.7188045058139536 0.15431862226920348 0.05 0.05
0 0.7362463662790699 0.15431862226920348 0.05 0.05
0 0.7489313557082454 0.16488944679351636 0.05 0.05
0 0.5824408694503173 0.24311354827343182 0.05 0.05
0 0.6078108483086682 0.35939261804087363 0.05 0.05
0 0.5760983747357294 0.38687676180408725 0.05 0.05
0 0.5523140195560254 0.47144335799859044 0.05 0.05
0 0.5221871696617336 0.5412107998590555 0.05 0.05
0 0.4476628567653277 0.5306399753347427 0.05 0.05
0 0.4016797700845666 0.5031558315715291 0.05 0.05
0 0.3842379096194503 0.4862425123326285 0.05 0.05
0 0.25580239164904867 0.44184504933051433 0.05 0.05
0 0.18444932610993658 0.43973088442565167 0.05 0.05
0 0.12895249735729386 0.4524158738548272 0.05 0.05
0 0.19871993921775896 0.6130924066243832 0.05 0.05
0 0.062356302854122594 0.7188006518675123 0.05 0.05
0 0.2510455206131078 0.8562213706835798 0.05 0.05
0 0.6220814614164906 0.6596040345313601 0.05 0.05
0 0.7045338927061311 0.7124581571529245 0.05 0.05
0 0.785400700317125 0.805481412966878 0.05 0.05
0 0.831383786997886 0.6596040345313601 0.05 0.05
0 0.8948087341437633 0.6278915609584212 0.05 0.05
0 0.8868806157505287 0.3551642882311486 0.05 0.05
0 0.780643829281184 0.11203532417195182 0.05 0.05
0 0.3636248017970402 0.08877951021846352 0.05 0.05
0 0.37948103858350957 0.0824370155038757 0.05 0.05
0 0.4064366411205074 0.07398035588442546 0.05 0.05
